4 0.355 0.428 0.025 0.015
4 0.375 0.472 0.01 0.055
4 0.356 0.514 0.018 0.019
2 0.354 0.491 0.119 0.162
4 0.362 0.651 0.02 0.023
0 0.604 0.347 0.049 0.074
0 0.36 0.627 0.057 0.092
4 0.355 0.485 0.011 0.021
4 0.3 0.537 0.007 0.015
1 0.621 0.516 0.046 0.097
4 0.612 0.506 0.022 0.022
4 0.621 0.356 0.009 0.018
4 0.597 0.365 0.02 0.019
4 0.336 0.47 0.01 0.053
4 0.407 0.541 0.008 0.014
4 0.665 0.843 0.015 0.027
4 0.449 0.713 0.017 0.022
4 0.417 0.699 0.013 0.022
4 0.467 0.415 0.009 0.015
4 0.438 0.407 0.015 0.018
4 0.22 0.563 0.017 0.02
0 0.679 0.806 0.11 0.194
0 0.449 0.386 0.062 0.106
0 0.439 0.688 0.072 0.095
0 0.212 0.547 0.051 0.092
4 0.197 0.563 0.011 0.018
