4 0.199 0.807 0.021 0.031
4 0.769 0.691 0.018 0.027
4 0.727 0.687 0.02 0.023
4 0.784 0.249 0.019 0.014
4 0.783 0.264 0.02 0.015
4 0.633 0.911 0.03 0.023
4 0.631 0.944 0.035 0.027
4 0.785 0.343 0.025 0.012
4 0.786 0.363 0.026 0.019
4 0.669 0.374 0.014 0.018
4 0.634 0.379 0.017 0.016
4 0.814 0.401 0.015 0.018
4 0.795 0.417 0.017 0.018
4 0.266 0.46 0.029 0.02
1 0.275 0.469 0.05 0.101
2 0.008 0.488 0.016 0.151
0 0.181 0.773 0.115 0.161
0 0.784 0.247 0.038 0.06
0 0.782 0.324 0.061 0.12
0 0.8 0.402 0.054 0.074
0 0.651 0.356 0.073 0.126
0 0.746 0.647 0.092 0.174
0 0.631 0.916 0.065 0.128
