4 0.349 0.518 0.023 0.02
4 0.349 0.414 0.028 0.02
4 0.413 0.545 0.006 0.039
4 0.373 0.47 0.011 0.065
4 0.352 0.474 0.014 0.04
4 0.326 0.468 0.009 0.06
4 0.282 0.54 0.007 0.04
2 0.346 0.49 0.15 0.196
1 0.615 0.427 0.05 0.113
4 0.561 0.701 0.013 0.026
4 0.547 0.744 0.017 0.021
4 0.516 0.718 0.009 0.031
4 0.475 0.613 0.022 0.02
4 0.481 0.64 0.018 0.018
4 0.8 0.62 0.018 0.02
4 0.843 0.603 0.007 0.021
4 0.917 0.477 0.018 0.02
4 0.496 0.522 0.013 0.02
4 0.467 0.504 0.021 0.018
4 0.46 0.525 0.013 0.015
0 0.57 0.846 0.095 0.161
0 0.918 0.45 0.065 0.111
0 0.812 0.575 0.089 0.171
0 0.541 0.714 0.071 0.119
0 0.468 0.614 0.081 0.108
0 0.481 0.504 0.074 0.093
