4 0.288 0.526 0.022 0.018
4 0.286 0.433 0.026 0.019
4 0.348 0.544 0.006 0.053
4 0.31 0.486 0.01 0.059
4 0.289 0.484 0.014 0.061
4 0.266 0.483 0.007 0.06
4 0.224 0.533 0.009 0.039
2 0.285 0.505 0.14 0.185
1 0.532 0.435 0.05 0.097
4 0.857 0.364 0.011 0.016
4 0.866 0.381 0.008 0.018
4 0.837 0.389 0.014 0.019
4 0.307 0.705 0.007 0.021
4 0.339 0.72 0.017 0.018
4 0.512 0.87 0.022 0.029
4 0.822 0.501 0.009 0.021
4 0.865 0.506 0.017 0.015
0 0.85 0.488 0.088 0.137
0 0.49 0.831 0.102 0.167
0 0.843 0.37 0.065 0.088
0 0.335 0.692 0.07 0.107
