4 0.455 0.474 0.007 0.026
4 0.425 0.477 0.027 0.014
4 0.423 0.498 0.028 0.025
4 0.638 0.752 0.015 0.019
4 0.585 0.763 0.02 0.021
4 0.649 0.372 0.015 0.019
4 0.659 0.39 0.013 0.021
4 0.622 0.39 0.024 0.02
4 0.391 0.438 0.011 0.022
4 0.353 0.458 0.017 0.021
4 0.978 0.959 0.028 0.029
4 0.589 0.463 0.017 0.02
4 0.563 0.444 0.022 0.02
4 0.555 0.463 0.017 0.025
1 0.017 0.46 0.034 0.124
0 0.975 0.957 0.05 0.086
0 0.63 0.346 0.082 0.146
0 0.572 0.445 0.073 0.094
0 0.606 0.702 0.116 0.197
0 0.424 0.46 0.072 0.136
0 0.36 0.432 0.081 0.138
