3 0.367 0.202 0.015 0.026
3 0.339 0.156 0.009 0.019
3 0.455 0.122 0.017 0.026
3 0.581 0.137 0.017 0.033
3 0.594 0.125 0.009 0.022
3 0.607 0.097 0.009 0.023
3 0.648 0.097 0.016 0.026
3 0.759 0.992 0.009 0.015
4 0.886 0.403 0.013 0.011
1 0.884 0.407 0.024 0.047
4 0.837 0.528 0.007 0.012
4 0.847 0.543 0.01 0.013
4 0.049 0.548 0.014 0.015
4 0.055 0.559 0.013 0.018
4 0.296 0.548 0.013 0.012
4 0.275 0.542 0.011 0.018
4 0.833 0.593 0.011 0.014
4 0.84 0.604 0.009 0.016
4 0.815 0.604 0.017 0.016
0 0.575 0.489 0.05 0.087
0 0.052 0.549 0.045 0.062
0 0.847 0.533 0.036 0.059
0 0.82 0.576 0.057 0.103
0 0.289 0.525 0.047 0.088
