3 0.323 0.167 0.018 0.027
3 0.445 0.028 0.009 0.014
3 0.449 0.063 0.015 0.025
3 0.471 0.109 0.02 0.053
3 0.53 0.168 0.018 0.031
3 0.606 0.091 0.017 0.032
3 0.6 0.067 0.014 0.021
3 0.631 0.028 0.01 0.016
3 0.675 0.028 0.022 0.033
4 0.963 0.389 0.017 0.013
1 0.96 0.392 0.028 0.059
4 0.279 0.413 0.008 0.015
4 0.268 0.4 0.007 0.011
4 0.262 0.406 0.005 0.012
4 0.885 0.549 0.007 0.016
4 0.857 0.533 0.008 0.015
4 0.866 0.55 0.011 0.015
4 0.322 0.518 0.009 0.012
4 0.31 0.534 0.017 0.016
4 0.41 0.741 0.014 0.019
4 0.383 0.734 0.01 0.023
4 0.874 0.636 0.013 0.019
4 0.838 0.61 0.007 0.013
4 0.845 0.634 0.02 0.018
4 0.655 0.921 0.011 0.02
4 0.621 0.913 0.015 0.019
4 0.623 0.881 0.011 0.018
0 0.869 0.535 0.042 0.06
0 0.854 0.604 0.061 0.107
0 0.635 0.898 0.072 0.096
0 0.399 0.683 0.069 0.171
0 0.309 0.515 0.05 0.073
0 0.273 0.402 0.033 0.053
0 0.581 0.462 0.056 0.094
