4 0.608 0.489 0.023 0.021
1 0.618 0.505 0.046 0.099
4 0.35 0.413 0.026 0.018
4 0.402 0.523 0.008 0.02
4 0.37 0.458 0.009 0.054
4 0.352 0.462 0.01 0.034
4 0.331 0.455 0.009 0.047
4 0.296 0.516 0.008 0.034
4 0.352 0.497 0.018 0.018
2 0.35 0.478 0.117 0.16
4 0.43 0.444 0.023 0.012
4 0.433 0.461 0.017 0.016
4 0.41 0.452 0.009 0.016
4 0.457 0.741 0.015 0.027
4 0.617 0.342 0.01 0.019
4 0.591 0.349 0.019 0.016
4 0.635 0.342 0.013 0.012
0 0.634 0.339 0.033 0.056
0 0.478 0.735 0.071 0.101
0 0.428 0.439 0.055 0.077
0 0.598 0.332 0.05 0.076
