3 0.638 0.035 0.013 0.021
3 0.679 0.09 0.017 0.021
3 0.589 0.061 0.008 0.013
3 0.549 0.059 0.009 0.016
3 0.546 0.141 0.012 0.02
3 0.438 0.085 0.009 0.014
3 0.381 0.086 0.009 0.016
3 0.398 0.126 0.013 0.02
4 0.831 0.342 0.014 0.014
1 0.834 0.352 0.022 0.046
4 0.659 0.486 0.009 0.014
4 0.845 0.489 0.013 0.013
4 0.663 0.841 0.011 0.02
4 0.677 0.871 0.017 0.02
4 0.653 0.852 0.006 0.023
4 0.143 0.58 0.009 0.014
4 0.157 0.6 0.015 0.016
4 0.136 0.593 0.007 0.015
0 0.651 0.46 0.042 0.084
0 0.845 0.477 0.033 0.058
0 0.676 0.849 0.054 0.089
0 0.152 0.584 0.044 0.066
