4 0.342 0.386 0.025 0.016
4 0.345 0.488 0.024 0.019
4 0.276 0.497 0.009 0.067
4 0.321 0.437 0.007 0.056
4 0.345 0.438 0.015 0.07
4 0.366 0.442 0.01 0.056
4 0.407 0.502 0.009 0.063
2 0.341 0.462 0.143 0.198
1 0.604 0.399 0.051 0.103
4 0.959 0.323 0.013 0.016
4 0.97 0.337 0.008 0.02
4 0.938 0.349 0.018 0.019
4 0.532 0.679 0.017 0.022
4 0.534 0.72 0.017 0.02
4 0.577 0.725 0.011 0.028
4 0.576 0.856 0.02 0.028
4 0.918 0.472 0.015 0.023
4 0.967 0.478 0.016 0.018
0 0.561 0.821 0.1 0.17
0 0.952 0.462 0.096 0.144
0 0.944 0.328 0.071 0.097
0 0.551 0.694 0.087 0.115
