4 0.049 0.452 0.019 0.069
4 0.018 0.451 0.009 0.058
4 0.018 0.412 0.028 0.014
2 0.041 0.474 0.083 0.165
1 0.252 0.444 0.049 0.086
4 0.306 0.336 0.009 0.013
4 0.526 0.416 0.01 0.013
4 0.493 0.42 0.013 0.014
4 0.535 0.549 0.009 0.019
4 0.566 0.559 0.013 0.016
4 0.712 0.447 0.017 0.016
4 0.689 0.431 0.014 0.018
4 0.679 0.447 0.016 0.022
4 0.531 0.508 0.009 0.015
4 0.525 0.521 0.008 0.02
0 0.313 0.319 0.042 0.069
0 0.537 0.514 0.038 0.07
0 0.509 0.401 0.071 0.107
0 0.7 0.412 0.071 0.12
0 0.56 0.519 0.067 0.13
