4 0.225 0.492 0.024 0.019
1 0.235 0.511 0.047 0.108
4 0.287 0.697 0.013 0.018
4 0.261 0.679 0.016 0.018
4 0.25 0.697 0.015 0.019
4 0.204 0.355 0.013 0.015
4 0.432 0.429 0.009 0.018
4 0.398 0.437 0.012 0.015
4 0.51 0.685 0.015 0.02
4 0.509 0.552 0.018 0.019
4 0.47 0.559 0.016 0.025
4 0.604 0.628 0.015 0.015
4 0.585 0.603 0.01 0.019
4 0.576 0.62 0.009 0.02
0 0.597 0.609 0.06 0.088
0 0.517 0.641 0.075 0.147
0 0.49 0.518 0.079 0.143
0 0.267 0.681 0.068 0.081
0 0.415 0.417 0.075 0.116
0 0.211 0.347 0.047 0.081
