3 0.534 0.02 0.016 0.033
3 0.508 0.019 0.017 0.038
3 0.367 0.07 0.013 0.027
3 0.417 0.11 0.015 0.027
3 0.426 0.129 0.016 0.034
4 0.256 0.678 0.015 0.02
4 0.329 0.728 0.014 0.019
4 0.295 0.732 0.013 0.019
4 0.036 0.621 0.018 0.018
4 0.04 0.609 0.025 0.013
4 0.709 0.511 0.019 0.014
4 0.708 0.526 0.019 0.016
4 0.732 0.518 0.007 0.019
4 0.896 0.348 0.02 0.015
1 0.897 0.356 0.023 0.05
0 0.617 0.475 0.054 0.113
0 0.27 0.665 0.066 0.094
0 0.712 0.49 0.053 0.104
0 0.314 0.693 0.075 0.14
0 0.042 0.611 0.051 0.073
