4 0.764 0.479 0.018 0.02
4 0.83 0.453 0.011 0.014
4 0.821 0.48 0.016 0.019
4 0.693 0.692 0.017 0.022
4 0.768 0.569 0.014 0.02
4 0.79 0.592 0.017 0.022
4 0.758 0.584 0.012 0.023
4 0.27 0.703 0.014 0.023
4 0.234 0.703 0.012 0.026
4 0.433 0.467 0.023 0.022
4 0.193 0.406 0.028 0.023
1 0.446 0.476 0.051 0.095
4 0.221 0.451 0.019 0.076
4 0.193 0.45 0.007 0.062
4 0.167 0.447 0.014 0.068
2 0.196 0.478 0.116 0.17
0 0.391 0.781 0.096 0.158
0 0.817 0.462 0.053 0.077
0 0.765 0.442 0.061 0.126
0 0.782 0.57 0.067 0.087
0 0.698 0.671 0.051 0.102
0 0.26 0.684 0.079 0.109
