3 0.429 0.104 0.161 0.208
3 0.522 0.112 0.146 0.209
4 0.846 0.355 0.016 0.013
1 0.844 0.363 0.024 0.047
4 0.79 0.554 0.013 0.016
4 0.764 0.549 0.016 0.018
4 0.747 0.522 0.009 0.015
4 0.722 0.52 0.011 0.014
4 0.83 0.482 0.007 0.012
4 0.84 0.498 0.012 0.014
4 0.668 0.857 0.013 0.015
4 0.676 0.89 0.016 0.02
4 0.133 0.592 0.013 0.015
4 0.126 0.607 0.01 0.016
0 0.73 0.491 0.055 0.117
0 0.838 0.485 0.036 0.055
0 0.776 0.525 0.059 0.095
0 0.682 0.87 0.065 0.09
0 0.142 0.597 0.051 0.063
4 0.149 0.61 0.013 0.019
