4 0.035 0.409 0.035 0.015
4 0.042 0.516 0.031 0.022
4 0.013 0.464 0.011 0.06
4 0.041 0.461 0.023 0.084
4 0.065 0.465 0.013 0.059
4 0.111 0.525 0.011 0.067
2 0.06 0.486 0.12 0.204
1 0.315 0.4 0.049 0.099
4 0.656 0.296 0.014 0.015
4 0.665 0.311 0.011 0.012
4 0.636 0.318 0.017 0.015
4 0.565 0.572 0.01 0.022
4 0.534 0.559 0.025 0.018
4 0.53 0.582 0.02 0.023
4 0.907 0.851 0.013 0.027
4 0.871 0.859 0.022 0.031
4 0.662 0.452 0.015 0.02
4 0.622 0.447 0.013 0.021
4 0.924 0.784 0.014 0.016
0 0.28 0.822 0.1 0.171
0 0.65 0.433 0.088 0.142
0 0.544 0.556 0.073 0.106
0 0.643 0.298 0.06 0.087
0 0.891 0.733 0.106 0.196
0 0.885 0.839 0.075 0.124
