3 0.698 0.09 0.011 0.02
3 0.637 0.035 0.014 0.022
3 0.588 0.06 0.009 0.014
3 0.545 0.143 0.015 0.022
3 0.466 0.082 0.013 0.025
3 0.438 0.084 0.011 0.015
3 0.396 0.127 0.015 0.02
4 0.867 0.35 0.016 0.013
1 0.865 0.355 0.023 0.046
4 0.846 0.487 0.012 0.013
4 0.698 0.865 0.01 0.021
4 0.664 0.835 0.012 0.02
4 0.669 0.867 0.015 0.019
4 0.162 0.575 0.018 0.013
4 0.164 0.589 0.013 0.014
4 0.148 0.589 0.008 0.015
0 0.621 0.441 0.057 0.097
4 0.313 0.609 0.015 0.018
4 0.285 0.605 0.009 0.018
0 0.846 0.477 0.034 0.054
0 0.16 0.578 0.04 0.062
0 0.303 0.579 0.061 0.108
0 0.678 0.851 0.065 0.089
