3 0.605 0.167 0.102 0.054
3 0.455 0.048 0.09 0.096
3 0.513 0.073 0.114 0.146
4 0.916 0.337 0.016 0.012
1 0.913 0.344 0.023 0.049
4 0.851 0.573 0.013 0.016
4 0.823 0.569 0.018 0.018
4 0.716 0.469 0.007 0.016
4 0.692 0.471 0.011 0.013
4 0.844 0.475 0.012 0.012
4 0.694 0.856 0.009 0.021
4 0.659 0.828 0.011 0.02
4 0.664 0.86 0.017 0.023
4 0.16 0.58 0.009 0.016
4 0.135 0.566 0.01 0.013
4 0.137 0.589 0.013 0.016
0 0.671 0.843 0.063 0.093
0 0.703 0.457 0.051 0.087
0 0.843 0.462 0.035 0.055
0 0.831 0.542 0.061 0.103
0 0.144 0.576 0.051 0.062
