4 0.071 0.663 0.013 0.016
4 0.103 0.703 0.011 0.016
4 0.472 0.485 0.011 0.013
4 0.452 0.481 0.007 0.014
3 0.69 0.105 0.017 0.028
3 0.657 0.103 0.007 0.016
3 0.631 0.133 0.011 0.016
3 0.527 0.118 0.012 0.015
3 0.411 0.164 0.014 0.027
3 0.385 0.162 0.011 0.019
4 0.851 0.529 0.007 0.011
4 0.858 0.545 0.013 0.012
4 0.966 0.415 0.015 0.013
1 0.965 0.42 0.019 0.039
0 0.859 0.535 0.031 0.048
0 0.467 0.47 0.044 0.069
0 0.065 0.634 0.055 0.099
0 0.55 0.471 0.044 0.075
0 0.113 0.688 0.048 0.066
0 0.916 0.94 0.061 0.094
