4 0.332 0.463 0.013 0.025
4 0.292 0.471 0.028 0.025
4 0.275 0.447 0.013 0.02
4 0.551 0.72 0.015 0.025
4 0.499 0.724 0.019 0.028
4 0.737 0.374 0.014 0.02
4 0.726 0.389 0.01 0.025
4 0.336 0.402 0.012 0.02
4 0.293 0.408 0.016 0.016
4 0.61 0.758 0.018 0.027
4 0.567 0.752 0.018 0.032
4 0.509 0.41 0.024 0.015
4 0.533 0.419 0.007 0.021
4 0.507 0.431 0.018 0.02
0 0.312 0.369 0.089 0.131
0 0.511 0.407 0.063 0.092
0 0.756 0.348 0.072 0.123
0 0.299 0.455 0.081 0.097
0 0.517 0.67 0.105 0.191
0 0.588 0.731 0.087 0.111
