3 0.532 0.012 0.017 0.025
3 0.51 0.028 0.015 0.036
3 0.29 0.033 0.012 0.019
3 0.366 0.062 0.013 0.025
3 0.419 0.112 0.016 0.028
3 0.428 0.126 0.017 0.036
3 0.259 0.135 0.009 0.023
4 0.254 0.681 0.017 0.022
4 0.29 0.689 0.02 0.023
4 0.353 0.725 0.01 0.018
4 0.321 0.735 0.016 0.019
4 0.07 0.592 0.01 0.016
4 0.05 0.58 0.023 0.014
4 0.048 0.598 0.017 0.018
4 0.708 0.478 0.016 0.013
4 0.732 0.489 0.013 0.016
4 0.703 0.492 0.017 0.018
4 0.637 0.516 0.009 0.013
4 0.945 0.354 0.018 0.018
1 0.943 0.363 0.026 0.05
0 0.624 0.483 0.052 0.109
0 0.717 0.463 0.061 0.111
0 0.325 0.698 0.067 0.13
0 0.27 0.667 0.067 0.097
0 0.053 0.579 0.046 0.074
