4 0.284 0.403 0.026 0.022
4 0.287 0.499 0.021 0.022
4 0.287 0.448 0.015 0.065
4 0.307 0.455 0.011 0.058
4 0.344 0.507 0.007 0.066
4 0.263 0.451 0.011 0.058
4 0.223 0.509 0.01 0.06
2 0.283 0.475 0.136 0.183
4 0.442 0.408 0.015 0.019
4 0.406 0.398 0.018 0.02
4 0.594 0.304 0.021 0.019
4 0.593 0.321 0.016 0.018
4 0.809 0.725 0.017 0.025
4 0.822 0.475 0.01 0.025
4 0.862 0.481 0.016 0.019
4 0.425 0.652 0.022 0.022
4 0.434 0.672 0.014 0.027
4 0.396 0.676 0.019 0.026
4 0.834 0.723 0.009 0.021
0 0.424 0.375 0.073 0.126
0 0.413 0.65 0.076 0.114
0 0.848 0.461 0.087 0.128
0 0.814 0.702 0.054 0.111
0 0.486 0.79 0.094 0.149
0 0.593 0.306 0.038 0.068
1 0.527 0.412 0.048 0.087
