4 0.613 0.506 0.022 0.022
1 0.622 0.521 0.048 0.095
4 0.355 0.428 0.025 0.015
4 0.375 0.472 0.01 0.055
4 0.356 0.514 0.018 0.019
2 0.354 0.491 0.119 0.162
4 0.622 0.359 0.009 0.018
4 0.597 0.365 0.017 0.016
4 0.362 0.651 0.02 0.023
0 0.604 0.347 0.049 0.074
0 0.36 0.627 0.057 0.092
4 0.407 0.54 0.008 0.02
4 0.337 0.469 0.009 0.049
4 0.302 0.537 0.007 0.02
4 0.357 0.485 0.011 0.015
4 0.686 0.682 0.017 0.021
4 0.443 0.718 0.019 0.02
4 0.541 0.434 0.014 0.019
4 0.513 0.431 0.01 0.018
4 0.45 0.432 0.02 0.014
4 0.443 0.448 0.012 0.018
4 0.467 0.45 0.013 0.018
0 0.697 0.644 0.079 0.16
0 0.534 0.405 0.053 0.101
0 0.455 0.438 0.053 0.077
0 0.445 0.691 0.061 0.096
