3 0.509 0.064 0.117 0.128
3 0.621 0.141 0.156 0.144
4 0.935 0.363 0.017 0.013
1 0.931 0.37 0.027 0.047
4 0.864 0.606 0.014 0.015
4 0.835 0.602 0.018 0.016
4 0.723 0.519 0.009 0.016
4 0.696 0.515 0.011 0.014
4 0.949 0.688 0.014 0.016
4 0.923 0.671 0.01 0.016
4 0.683 0.886 0.012 0.019
4 0.691 0.921 0.017 0.023
4 0.124 0.633 0.009 0.018
4 0.104 0.623 0.02 0.013
4 0.103 0.64 0.015 0.016
0 0.107 0.625 0.044 0.062
0 0.697 0.903 0.065 0.101
0 0.939 0.669 0.058 0.068
0 0.846 0.575 0.065 0.108
0 0.707 0.492 0.057 0.11
