3 0.902 0.036 0.096 0.072
4 0.049 0.451 0.021 0.073
4 0.02 0.452 0.008 0.058
4 0.02 0.413 0.028 0.015
2 0.042 0.475 0.085 0.171
1 0.253 0.418 0.048 0.09
4 0.309 0.334 0.01 0.015
4 0.528 0.414 0.009 0.014
4 0.494 0.419 0.013 0.014
4 0.566 0.558 0.015 0.016
4 0.536 0.548 0.011 0.019
4 0.622 0.458 0.017 0.018
4 0.594 0.44 0.014 0.016
4 0.588 0.459 0.015 0.021
4 0.534 0.509 0.007 0.015
4 0.527 0.522 0.007 0.018
0 0.562 0.518 0.069 0.128
0 0.609 0.428 0.071 0.121
0 0.533 0.516 0.032 0.061
0 0.314 0.319 0.046 0.072
0 0.511 0.404 0.072 0.117
