4 0.046 0.803 0.011 0.016
4 0.033 0.79 0.011 0.023
4 0.017 0.824 0.018 0.018
4 0.236 0.616 0.012 0.019
4 0.245 0.627 0.017 0.019
4 0.213 0.626 0.016 0.018
4 0.259 0.49 0.01 0.013
4 0.237 0.491 0.009 0.013
4 0.367 0.564 0.012 0.011
4 0.343 0.562 0.014 0.021
4 0.924 0.606 0.015 0.013
4 0.913 0.591 0.017 0.015
4 0.902 0.598 0.01 0.018
4 0.92 0.392 0.02 0.021
1 0.918 0.398 0.032 0.065
3 0.728 0.076 0.017 0.031
3 0.663 0.078 0.015 0.016
3 0.484 0.105 0.018 0.031
3 0.501 0.124 0.017 0.031
3 0.461 0.141 0.017 0.025
3 0.395 0.2 0.015 0.032
0 0.227 0.607 0.063 0.084
0 0.028 0.8 0.056 0.087
0 0.252 0.477 0.054 0.096
0 0.36 0.544 0.053 0.093
0 0.918 0.592 0.045 0.067
