3 0.651 0.034 0.02 0.027
3 0.535 0.034 0.023 0.055
3 0.469 0.112 0.02 0.032
3 0.398 0.137 0.036 0.046
3 0.59 0.221 0.026 0.036
3 0.484 0.229 0.02 0.016
3 0.756 0.948 0.01 0.016
3 0.721 0.945 0.013 0.023
3 0.749 0.984 0.014 0.025
3 0.667 0.978 0.014 0.031
3 0.506 0.992 0.009 0.015
3 0.488 0.969 0.007 0.013
3 0.457 0.981 0.011 0.016
4 0.979 0.387 0.013 0.014
1 0.982 0.392 0.025 0.054
4 0.178 0.62 0.013 0.013
4 0.164 0.603 0.009 0.012
4 0.158 0.614 0.007 0.014
4 0.851 0.514 0.01 0.009
4 0.838 0.501 0.009 0.011
4 0.832 0.509 0.006 0.014
4 0.005 0.792 0.011 0.022
4 0.015 0.805 0.011 0.019
4 0.114 0.577 0.018 0.012
4 0.695 0.491 0.008 0.013
4 0.672 0.49 0.008 0.013
4 0.402 0.657 0.007 0.014
4 0.426 0.664 0.012 0.014
4 0.883 0.659 0.015 0.011
4 0.859 0.641 0.013 0.016
4 0.852 0.653 0.009 0.019
4 0.653 0.86 0.011 0.014
4 0.65 0.889 0.013 0.02
4 0.682 0.897 0.011 0.02
0 0.014 0.808 0.028 0.074
0 0.682 0.481 0.051 0.092
0 0.418 0.617 0.06 0.143
0 0.112 0.562 0.041 0.069
0 0.173 0.607 0.044 0.063
0 0.663 0.877 0.064 0.089
0 0.847 0.5 0.04 0.056
0 0.87 0.626 0.065 0.107
