4 0.014 0.45 0.023 0.075
2 0.023 0.48 0.047 0.164
1 0.222 0.411 0.047 0.089
4 0.236 0.242 0.008 0.011
4 0.243 0.254 0.007 0.013
4 0.276 0.33 0.01 0.014
4 0.498 0.409 0.011 0.015
4 0.465 0.416 0.01 0.018
4 0.766 0.685 0.012 0.016
4 0.803 0.679 0.01 0.022
4 0.899 0.396 0.019 0.019
4 0.532 0.536 0.015 0.016
4 0.517 0.515 0.011 0.016
4 0.507 0.526 0.007 0.018
0 0.236 0.248 0.038 0.063
0 0.284 0.32 0.046 0.076
0 0.479 0.394 0.073 0.111
0 0.528 0.52 0.053 0.077
0 0.778 0.644 0.081 0.158
0 0.897 0.36 0.056 0.115
