4 0.049 0.682 0.014 0.018
4 0.082 0.726 0.011 0.019
4 0.806 0.951 0.011 0.019
4 0.773 0.918 0.012 0.016
4 0.775 0.949 0.017 0.019
3 0.67 0.12 0.017 0.025
3 0.645 0.119 0.009 0.013
3 0.611 0.151 0.009 0.015
3 0.589 0.254 0.017 0.021
3 0.511 0.133 0.009 0.019
3 0.392 0.181 0.015 0.027
3 0.376 0.178 0.011 0.018
4 0.839 0.559 0.013 0.016
4 0.831 0.544 0.009 0.011
4 0.966 0.431 0.014 0.013
1 0.009 0.66 0.019 0.069
1 0.971 0.44 0.024 0.041
0 0.839 0.546 0.033 0.048
0 0.043 0.652 0.059 0.097
0 0.786 0.93 0.066 0.084
0 0.492 0.48 0.042 0.073
0 0.539 0.488 0.042 0.075
0 0.092 0.707 0.05 0.07
