3 0.994 0.394 0.011 0.013
4 0.994 0.416 0.006 0.029
4 0.982 0.413 0.013 0.034
2 0.982 0.427 0.036 0.079
4 0.048 0.719 0.012 0.016
4 0.271 0.536 0.012 0.012
4 0.257 0.531 0.008 0.014
4 0.096 0.744 0.014 0.013
4 0.768 0.498 0.008 0.014
4 0.751 0.502 0.013 0.014
4 0.637 0.756 0.009 0.016
4 0.648 0.776 0.012 0.015
3 0.647 0.117 0.015 0.023
3 0.6 0.118 0.007 0.015
3 0.587 0.156 0.009 0.013
3 0.571 0.133 0.013 0.022
3 0.532 0.215 0.013 0.025
3 0.421 0.147 0.011 0.019
3 0.366 0.192 0.017 0.032
3 0.378 0.205 0.011 0.023
3 0.339 0.184 0.011 0.022
4 0.805 0.546 0.013 0.013
4 0.82 0.556 0.007 0.013
4 0.802 0.558 0.011 0.013
4 0.857 0.423 0.013 0.012
1 0.854 0.431 0.021 0.041
0 0.578 0.501 0.046 0.082
0 0.099 0.729 0.037 0.065
0 0.064 0.687 0.059 0.107
0 0.81 0.547 0.038 0.052
0 0.754 0.481 0.036 0.075
0 0.267 0.526 0.031 0.047
0 0.646 0.765 0.04 0.058
