4 0.16 0.465 0.028 0.019
1 0.172 0.482 0.057 0.116
4 0.643 0.596 0.015 0.016
4 0.635 0.576 0.014 0.018
4 0.613 0.596 0.013 0.021
4 0.722 0.731 0.015 0.018
4 0.684 0.724 0.018 0.023
4 0.496 0.951 0.013 0.02
4 0.482 0.93 0.021 0.033
4 0.139 0.315 0.011 0.015
4 0.392 0.401 0.01 0.015
4 0.356 0.41 0.012 0.016
4 0.853 0.711 0.007 0.026
4 0.811 0.719 0.02 0.021
4 0.488 0.509 0.013 0.021
4 0.497 0.528 0.017 0.019
4 0.456 0.528 0.02 0.021
4 0.814 0.853 0.015 0.023
4 0.781 0.825 0.022 0.023
4 0.77 0.851 0.017 0.023
0 0.149 0.304 0.054 0.092
0 0.373 0.383 0.084 0.126
0 0.473 0.927 0.076 0.121
0 0.471 0.485 0.084 0.149
0 0.627 0.579 0.067 0.1
0 0.704 0.702 0.079 0.104
0 0.793 0.825 0.086 0.115
0 0.819 0.67 0.083 0.169
