4 0.351 0.414 0.028 0.018
4 0.352 0.506 0.022 0.02
4 0.289 0.528 0.008 0.045
4 0.331 0.461 0.009 0.062
4 0.355 0.471 0.013 0.042
4 0.375 0.464 0.011 0.055
4 0.41 0.532 0.007 0.039
2 0.349 0.485 0.135 0.184
1 0.596 0.421 0.051 0.1
4 0.511 0.528 0.011 0.025
4 0.499 0.545 0.02 0.019
4 0.478 0.538 0.009 0.022
4 0.305 0.673 0.019 0.019
4 0.57 0.853 0.022 0.039
4 0.933 0.501 0.015 0.018
4 0.89 0.494 0.013 0.019
0 0.921 0.481 0.094 0.15
0 0.552 0.816 0.092 0.158
0 0.317 0.646 0.073 0.114
0 0.496 0.525 0.05 0.094
