4 0.235 0.478 0.026 0.02
1 0.246 0.492 0.055 0.104
4 0.649 0.565 0.015 0.016
4 0.632 0.536 0.009 0.02
4 0.623 0.552 0.01 0.021
4 0.742 0.736 0.018 0.025
4 0.705 0.735 0.016 0.026
4 0.714 0.711 0.02 0.019
4 0.486 0.937 0.031 0.027
4 0.517 0.954 0.008 0.023
4 0.166 0.321 0.013 0.015
4 0.418 0.408 0.009 0.018
4 0.382 0.416 0.013 0.019
4 0.839 0.679 0.018 0.02
4 0.797 0.658 0.011 0.022
4 0.461 0.516 0.009 0.025
4 0.495 0.528 0.023 0.016
4 0.868 0.858 0.013 0.021
0 0.726 0.714 0.079 0.111
0 0.826 0.626 0.088 0.164
0 0.893 0.836 0.091 0.126
0 0.49 0.482 0.075 0.146
0 0.398 0.393 0.076 0.122
0 0.495 0.928 0.068 0.108
0 0.173 0.308 0.051 0.09
0 0.643 0.548 0.061 0.093
