4 0.29 0.43 0.025 0.016
4 0.291 0.525 0.022 0.018
4 0.351 0.544 0.009 0.048
4 0.314 0.482 0.011 0.056
4 0.294 0.486 0.012 0.049
4 0.27 0.478 0.009 0.055
4 0.228 0.543 0.008 0.055
2 0.287 0.504 0.141 0.181
1 0.534 0.434 0.044 0.094
4 0.858 0.361 0.014 0.018
4 0.869 0.378 0.013 0.016
4 0.838 0.384 0.015 0.018
4 0.284 0.716 0.017 0.023
4 0.516 0.868 0.023 0.033
4 0.824 0.5 0.012 0.021
4 0.868 0.506 0.015 0.018
0 0.494 0.832 0.092 0.158
0 0.853 0.482 0.088 0.135
0 0.845 0.365 0.063 0.087
0 0.282 0.687 0.069 0.106
