4 0.313 0.792 0.02 0.028
4 0.987 0.725 0.014 0.02
4 0.929 0.731 0.021 0.019
4 0.989 0.189 0.022 0.014
4 0.986 0.208 0.017 0.018
4 0.79 0.991 0.018 0.019
4 0.913 0.33 0.027 0.015
4 0.914 0.352 0.025 0.021
4 0.876 0.335 0.013 0.023
4 0.707 0.372 0.011 0.022
4 0.666 0.381 0.017 0.022
4 0.813 0.36 0.026 0.018
4 0.815 0.381 0.018 0.022
4 0.788 0.369 0.011 0.018
4 0.409 0.417 0.03 0.026
4 0.045 0.33 0.035 0.028
1 0.42 0.428 0.055 0.109
4 0.081 0.381 0.021 0.09
4 0.045 0.381 0.009 0.073
4 0.012 0.378 0.016 0.08
2 0.06 0.414 0.12 0.203
0 0.983 0.193 0.034 0.076
0 0.295 0.749 0.121 0.171
0 0.813 0.948 0.094 0.103
0 0.684 0.354 0.088 0.143
0 0.906 0.301 0.082 0.14
0 0.81 0.357 0.064 0.082
0 0.944 0.673 0.112 0.198
