4 0.271 0.505 0.019 0.023
4 0.271 0.408 0.027 0.022
4 0.331 0.507 0.009 0.073
4 0.293 0.46 0.011 0.056
4 0.272 0.451 0.013 0.067
4 0.249 0.456 0.011 0.055
4 0.209 0.508 0.011 0.073
2 0.269 0.483 0.137 0.182
4 0.576 0.306 0.016 0.013
4 0.592 0.323 0.01 0.018
4 0.57 0.322 0.013 0.015
4 0.795 0.727 0.017 0.022
4 0.813 0.472 0.009 0.021
4 0.851 0.481 0.015 0.02
4 0.281 0.654 0.011 0.025
4 0.313 0.668 0.02 0.025
4 0.492 0.838 0.014 0.028
0 0.469 0.796 0.087 0.151
0 0.58 0.31 0.048 0.076
0 0.799 0.705 0.061 0.108
0 0.306 0.64 0.07 0.103
0 0.682 0.282 0.055 0.111
0 0.844 0.456 0.086 0.135
4 0.821 0.724 0.01 0.019
1 0.514 0.413 0.046 0.092
