4 0.535 0.467 0.023 0.02
1 0.544 0.481 0.046 0.096
4 0.275 0.396 0.025 0.015
4 0.329 0.49 0.009 0.058
4 0.296 0.44 0.01 0.054
4 0.278 0.433 0.017 0.06
4 0.256 0.441 0.009 0.05
4 0.22 0.487 0.009 0.063
4 0.278 0.483 0.02 0.018
2 0.274 0.462 0.121 0.157
4 0.664 0.636 0.018 0.02
4 0.274 0.64 0.011 0.022
4 0.835 0.97 0.032 0.029
4 0.544 0.32 0.01 0.019
4 0.518 0.328 0.018 0.018
4 0.556 0.332 0.011 0.014
0 0.561 0.316 0.035 0.061
0 0.601 0.312 0.053 0.094
0 0.524 0.31 0.05 0.076
0 0.68 0.61 0.089 0.155
0 0.841 0.891 0.102 0.203
0 0.272 0.609 0.057 0.087
