1 0.425 0.454 0.046 0.106
4 0.193 0.403 0.026 0.018
4 0.167 0.442 0.015 0.066
4 0.193 0.444 0.007 0.06
4 0.221 0.445 0.02 0.074
2 0.196 0.473 0.114 0.174
4 0.688 0.461 0.016 0.02
4 0.719 0.454 0.011 0.02
4 0.759 0.45 0.016 0.016
4 0.769 0.465 0.01 0.02
4 0.745 0.473 0.016 0.023
4 0.687 0.685 0.017 0.02
4 0.783 0.584 0.017 0.022
4 0.762 0.56 0.013 0.023
4 0.752 0.575 0.009 0.022
4 0.291 0.69 0.017 0.023
4 0.253 0.699 0.015 0.025
0 0.75 0.461 0.053 0.074
0 0.775 0.566 0.067 0.089
0 0.692 0.665 0.051 0.111
0 0.277 0.675 0.087 0.102
0 0.695 0.432 0.068 0.12
0 0.39 0.763 0.085 0.136
4 0.711 0.68 0.009 0.015
