3 0.566 0.012 0.015 0.025
3 0.6 0.038 0.013 0.023
3 0.391 0.061 0.012 0.02
3 0.445 0.059 0.017 0.02
3 0.451 0.075 0.018 0.035
4 0.307 0.647 0.015 0.021
4 0.36 0.676 0.014 0.019
4 0.331 0.678 0.01 0.02
4 0.123 0.641 0.009 0.019
4 0.095 0.629 0.012 0.014
4 0.099 0.654 0.015 0.018
4 0.793 0.563 0.01 0.016
4 0.769 0.553 0.018 0.015
4 0.766 0.566 0.019 0.015
4 0.957 0.97 0.021 0.018
4 0.945 0.934 0.016 0.021
4 0.891 0.596 0.014 0.015
4 0.869 0.584 0.009 0.015
4 0.837 0.354 0.013 0.014
1 0.843 0.362 0.026 0.047
0 0.621 0.468 0.051 0.104
0 0.961 0.949 0.077 0.101
0 0.321 0.634 0.058 0.084
0 0.884 0.581 0.05 0.063
0 0.775 0.534 0.057 0.099
0 0.35 0.631 0.063 0.142
0 0.107 0.636 0.056 0.073
