4 0.377 0.487 0.024 0.02
4 0.376 0.379 0.027 0.018
4 0.441 0.513 0.006 0.041
4 0.4 0.438 0.01 0.063
4 0.379 0.443 0.014 0.043
4 0.353 0.432 0.008 0.063
4 0.308 0.505 0.007 0.043
2 0.377 0.457 0.147 0.204
1 0.648 0.397 0.053 0.11
4 0.535 0.599 0.017 0.026
4 0.522 0.624 0.012 0.025
4 0.556 0.638 0.018 0.02
4 0.431 0.654 0.014 0.025
4 0.424 0.691 0.017 0.016
4 0.383 0.685 0.01 0.023
4 0.621 0.87 0.022 0.035
4 0.979 0.473 0.014 0.019
0 0.548 0.616 0.081 0.106
0 0.412 0.663 0.08 0.116
0 0.596 0.827 0.104 0.174
0 0.979 0.469 0.042 0.154
