3 0.69 0.083 0.013 0.018
3 0.629 0.029 0.013 0.02
3 0.581 0.055 0.01 0.014
3 0.539 0.136 0.015 0.02
3 0.466 0.086 0.014 0.027
3 0.43 0.077 0.01 0.015
3 0.38 0.082 0.011 0.018
3 0.388 0.123 0.013 0.019
4 0.932 0.346 0.015 0.012
1 0.929 0.351 0.024 0.045
4 0.838 0.481 0.011 0.012
4 0.692 0.857 0.011 0.021
4 0.658 0.824 0.013 0.014
4 0.662 0.857 0.015 0.021
4 0.148 0.592 0.013 0.016
0 0.619 0.435 0.047 0.094
4 0.331 0.631 0.011 0.016
4 0.301 0.635 0.011 0.016
0 0.838 0.472 0.035 0.053
0 0.146 0.578 0.035 0.062
0 0.315 0.604 0.063 0.108
0 0.67 0.839 0.061 0.084
