4 0.069 0.675 0.014 0.016
4 0.092 0.72 0.011 0.018
4 0.804 0.945 0.011 0.015
4 0.769 0.915 0.013 0.015
4 0.774 0.943 0.014 0.015
3 0.671 0.125 0.016 0.025
3 0.653 0.129 0.009 0.014
3 0.611 0.156 0.011 0.015
3 0.59 0.255 0.017 0.025
3 0.399 0.183 0.015 0.031
3 0.374 0.184 0.013 0.018
4 0.835 0.557 0.011 0.013
4 0.828 0.542 0.009 0.011
4 0.99 0.444 0.015 0.014
1 0.991 0.45 0.018 0.043
0 0.836 0.548 0.034 0.046
0 0.064 0.648 0.055 0.1
0 0.782 0.93 0.065 0.087
0 0.101 0.705 0.048 0.068
0 0.517 0.483 0.039 0.074
0 0.554 0.482 0.04 0.07
