4 0.536 0.467 0.022 0.021
1 0.546 0.481 0.044 0.095
4 0.275 0.397 0.026 0.014
4 0.33 0.491 0.009 0.059
4 0.295 0.441 0.009 0.054
4 0.277 0.437 0.011 0.059
4 0.256 0.441 0.01 0.052
4 0.22 0.49 0.011 0.06
4 0.277 0.484 0.021 0.019
2 0.274 0.46 0.121 0.162
4 0.917 0.764 0.026 0.026
4 0.871 0.762 0.029 0.034
4 0.274 0.64 0.011 0.023
4 0.543 0.32 0.011 0.016
4 0.518 0.328 0.019 0.018
4 0.557 0.334 0.01 0.015
0 0.561 0.316 0.035 0.059
0 0.524 0.31 0.05 0.076
0 0.272 0.612 0.059 0.095
0 0.887 0.736 0.108 0.181
0 0.913 0.923 0.108 0.154
