1 0.11 0.438 0.051 0.107
4 0.679 0.621 0.007 0.023
4 0.699 0.609 0.019 0.013
4 0.701 0.63 0.017 0.016
4 0.709 0.719 0.015 0.019
4 0.718 0.742 0.015 0.021
4 0.682 0.745 0.015 0.022
4 0.42 0.856 0.013 0.028
4 0.408 0.872 0.009 0.031
4 0.439 0.897 0.019 0.023
4 0.17 0.327 0.01 0.014
4 0.415 0.404 0.009 0.014
4 0.379 0.413 0.015 0.018
4 0.798 0.751 0.02 0.02
4 0.489 0.514 0.013 0.021
4 0.498 0.533 0.011 0.021
4 0.461 0.538 0.022 0.019
4 0.725 0.807 0.015 0.022
4 0.716 0.831 0.013 0.023
4 0.757 0.836 0.015 0.021
0 0.177 0.313 0.05 0.076
0 0.396 0.391 0.072 0.117
0 0.437 0.866 0.073 0.113
0 0.471 0.491 0.079 0.146
0 0.697 0.611 0.052 0.093
0 0.696 0.721 0.075 0.104
0 0.739 0.811 0.077 0.106
0 0.805 0.704 0.083 0.171
