3 0.427 0.034 0.075 0.068
3 0.509 0.067 0.088 0.134
3 0.628 0.019 0.057 0.038
4 0.803 0.333 0.012 0.013
1 0.807 0.337 0.021 0.041
4 0.79 0.559 0.016 0.015
4 0.817 0.562 0.011 0.018
4 0.734 0.511 0.01 0.013
4 0.708 0.505 0.011 0.014
4 0.842 0.495 0.012 0.013
4 0.671 0.855 0.012 0.018
4 0.679 0.888 0.016 0.022
4 0.135 0.589 0.012 0.015
4 0.15 0.607 0.013 0.016
4 0.127 0.603 0.009 0.018
0 0.718 0.489 0.055 0.092
0 0.799 0.533 0.058 0.095
0 0.841 0.483 0.036 0.055
0 0.685 0.868 0.062 0.09
0 0.143 0.594 0.052 0.063
