4 0.613 0.506 0.022 0.022
1 0.622 0.521 0.048 0.095
4 0.355 0.428 0.025 0.015
4 0.407 0.539 0.008 0.023
4 0.375 0.472 0.01 0.055
4 0.356 0.514 0.018 0.019
2 0.354 0.491 0.119 0.162
4 0.622 0.359 0.009 0.018
4 0.597 0.365 0.017 0.016
4 0.362 0.651 0.02 0.023
0 0.604 0.347 0.049 0.074
0 0.36 0.627 0.057 0.092
4 0.357 0.483 0.011 0.027
4 0.336 0.472 0.007 0.052
4 0.302 0.537 0.008 0.025
4 0.956 0.773 0.02 0.021
4 0.914 0.776 0.014 0.028
4 0.487 0.636 0.025 0.016
4 0.49 0.658 0.018 0.02
4 0.46 0.646 0.012 0.023
4 0.553 0.394 0.02 0.014
4 0.551 0.41 0.014 0.015
0 0.558 0.397 0.043 0.067
0 0.927 0.748 0.104 0.178
0 0.482 0.634 0.067 0.095
