4 0.325 0.434 0.024 0.02
1 0.334 0.447 0.044 0.093
4 0.053 0.383 0.029 0.015
4 0.098 0.427 0.022 0.075
4 0.056 0.42 0.015 0.061
4 0.01 0.432 0.013 0.075
4 0.058 0.471 0.021 0.02
2 0.058 0.446 0.115 0.171
4 0.545 0.407 0.009 0.019
4 0.516 0.418 0.015 0.018
4 0.617 0.504 0.022 0.014
4 0.621 0.522 0.016 0.016
4 0.596 0.509 0.009 0.018
4 0.618 0.822 0.016 0.023
4 0.609 0.87 0.03 0.023
4 0.558 0.858 0.017 0.035
4 0.337 0.309 0.013 0.014
4 0.945 0.367 0.016 0.019
4 0.995 0.377 0.009 0.018
0 0.525 0.395 0.065 0.114
0 0.987 0.363 0.025 0.062
0 0.947 0.339 0.059 0.107
0 0.591 0.801 0.104 0.187
0 0.616 0.498 0.057 0.077
0 0.346 0.293 0.05 0.077
