3 0.343 0.137 0.016 0.027
3 0.461 0.073 0.019 0.038
3 0.428 0.039 0.015 0.021
3 0.549 0.039 0.017 0.033
3 0.595 0.043 0.01 0.018
3 0.614 0.006 0.011 0.012
3 0.66 0.011 0.021 0.022
3 0.595 0.156 0.017 0.028
4 0.945 0.37 0.015 0.014
1 0.942 0.37 0.026 0.058
4 0.281 0.374 0.011 0.012
4 0.276 0.384 0.007 0.013
4 0.293 0.387 0.009 0.013
4 0.857 0.505 0.006 0.015
4 0.864 0.523 0.01 0.012
4 0.22 0.491 0.008 0.012
4 0.227 0.501 0.007 0.016
4 0.201 0.504 0.015 0.012
4 0.322 0.648 0.01 0.018
4 0.353 0.65 0.017 0.019
4 0.697 0.513 0.011 0.014
4 0.673 0.502 0.011 0.013
4 0.669 0.515 0.013 0.016
0 0.342 0.617 0.067 0.114
0 0.207 0.488 0.051 0.08
0 0.286 0.38 0.034 0.054
0 0.683 0.489 0.055 0.102
0 0.867 0.509 0.04 0.068
0 0.573 0.455 0.055 0.088
0 0.953 0.952 0.062 0.096
