4 0.315 0.418 0.027 0.014
4 0.317 0.516 0.023 0.014
4 0.252 0.523 0.009 0.067
4 0.294 0.469 0.009 0.055
4 0.317 0.465 0.01 0.06
4 0.337 0.471 0.009 0.053
4 0.376 0.528 0.008 0.067
2 0.312 0.491 0.138 0.181
1 0.559 0.427 0.048 0.099
4 0.889 0.354 0.012 0.014
4 0.901 0.373 0.01 0.02
4 0.871 0.378 0.016 0.014
4 0.364 0.709 0.016 0.018
4 0.333 0.692 0.007 0.016
4 0.538 0.86 0.02 0.033
4 0.899 0.5 0.016 0.016
4 0.855 0.495 0.011 0.02
0 0.52 0.822 0.095 0.158
0 0.886 0.481 0.091 0.134
0 0.877 0.359 0.068 0.086
0 0.36 0.68 0.068 0.107
