4 0.245 0.484 0.024 0.021
1 0.255 0.491 0.05 0.099
4 0.696 0.492 0.018 0.015
4 0.699 0.511 0.015 0.016
4 0.675 0.507 0.009 0.019
4 0.775 0.712 0.015 0.022
4 0.77 0.747 0.018 0.022
4 0.733 0.739 0.016 0.027
4 0.196 0.327 0.012 0.014
4 0.442 0.421 0.011 0.015
4 0.405 0.425 0.011 0.018
4 0.703 0.575 0.006 0.025
4 0.735 0.593 0.02 0.02
4 0.523 0.501 0.012 0.019
4 0.517 0.532 0.022 0.019
4 0.478 0.53 0.016 0.027
0 0.758 0.722 0.074 0.109
0 0.731 0.543 0.071 0.142
0 0.691 0.498 0.06 0.092
0 0.503 0.489 0.081 0.151
0 0.516 0.937 0.067 0.113
0 0.423 0.399 0.079 0.131
0 0.201 0.31 0.054 0.079
