4 0.342 0.414 0.022 0.019
1 0.352 0.421 0.042 0.083
4 0.079 0.363 0.03 0.015
4 0.138 0.445 0.011 0.074
4 0.102 0.406 0.013 0.052
4 0.083 0.401 0.017 0.06
4 0.061 0.408 0.009 0.05
4 0.022 0.456 0.015 0.065
4 0.085 0.45 0.02 0.019
2 0.079 0.43 0.131 0.157
4 0.558 0.39 0.013 0.02
4 0.526 0.395 0.014 0.02
4 0.417 0.591 0.022 0.015
4 0.44 0.606 0.009 0.019
4 0.412 0.61 0.018 0.019
4 0.618 0.812 0.024 0.021
4 0.617 0.84 0.023 0.025
4 0.352 0.293 0.013 0.013
4 0.716 0.401 0.015 0.019
4 0.684 0.372 0.01 0.014
4 0.671 0.393 0.011 0.015
0 0.541 0.376 0.067 0.104
0 0.617 0.77 0.084 0.184
0 0.721 0.367 0.053 0.11
0 0.674 0.373 0.046 0.07
0 0.361 0.275 0.048 0.072
0 0.422 0.589 0.063 0.082
