3 0.664 0.059 0.043 0.093
3 0.43 0.082 0.149 0.164
3 0.539 0.17 0.149 0.184
3 0.423 0.176 0.166 0.175
3 0.718 0.981 0.02 0.033
3 0.726 0.962 0.01 0.016
3 0.635 0.988 0.017 0.024
1 0.84 0.401 0.022 0.042
4 0.841 0.393 0.013 0.011
4 0.149 0.654 0.013 0.013
4 0.137 0.636 0.009 0.019
4 0.13 0.646 0.006 0.014
4 0.82 0.516 0.009 0.011
4 0.814 0.525 0.009 0.012
4 0.833 0.529 0.009 0.013
4 0.107 0.58 0.015 0.015
4 0.102 0.57 0.015 0.015
4 0.08 0.579 0.015 0.015
4 0.774 0.596 0.009 0.013
4 0.367 0.663 0.011 0.014
4 0.841 0.62 0.011 0.015
4 0.815 0.619 0.017 0.015
0 0.091 0.563 0.055 0.077
0 0.146 0.638 0.047 0.065
0 0.368 0.633 0.046 0.103
0 0.826 0.518 0.037 0.054
0 0.825 0.592 0.059 0.1
0 0.783 0.566 0.064 0.13
0 0.99 0.856 0.02 0.09
