4 0.207 0.473 0.024 0.021
1 0.219 0.488 0.05 0.107
4 0.672 0.51 0.011 0.015
4 0.646 0.484 0.012 0.016
4 0.645 0.514 0.014 0.016
4 0.783 0.675 0.012 0.02
4 0.791 0.697 0.011 0.026
4 0.76 0.703 0.019 0.019
4 0.543 0.938 0.015 0.031
4 0.206 0.328 0.011 0.013
4 0.415 0.428 0.012 0.019
4 0.452 0.426 0.011 0.016
4 0.707 0.569 0.015 0.018
4 0.54 0.535 0.014 0.028
4 0.504 0.55 0.021 0.019
0 0.212 0.31 0.047 0.081
0 0.532 0.939 0.071 0.107
0 0.436 0.407 0.08 0.126
0 0.513 0.504 0.076 0.143
0 0.654 0.498 0.056 0.088
0 0.706 0.526 0.065 0.148
0 0.766 0.677 0.065 0.099
