3 0.475 0.117 0.024 0.029
3 0.47 0.239 0.018 0.025
3 0.603 0.234 0.027 0.04
3 0.541 0.043 0.022 0.055
3 0.658 0.042 0.019 0.031
3 0.764 0.961 0.009 0.014
3 0.759 0.989 0.013 0.019
3 0.677 0.986 0.014 0.027
4 0.953 0.391 0.015 0.011
1 0.95 0.396 0.027 0.053
4 0.204 0.616 0.007 0.018
4 0.186 0.621 0.013 0.014
4 0.848 0.512 0.007 0.011
4 0.842 0.52 0.008 0.012
4 0.86 0.527 0.009 0.012
4 0.007 0.797 0.013 0.018
4 0.018 0.809 0.011 0.022
4 0.411 0.666 0.007 0.013
4 0.435 0.673 0.013 0.013
4 0.879 0.653 0.009 0.018
4 0.854 0.655 0.016 0.013
4 0.844 0.628 0.009 0.018
4 0.69 0.905 0.011 0.02
4 0.659 0.901 0.01 0.019
4 0.662 0.87 0.011 0.014
0 0.857 0.625 0.055 0.107
0 0.854 0.514 0.038 0.056
0 0.673 0.885 0.063 0.081
0 0.426 0.624 0.059 0.134
0 0.192 0.609 0.04 0.06
0 0.014 0.811 0.028 0.077
0 0.59 0.473 0.064 0.099
