4 0.368 0.483 0.025 0.022
4 0.369 0.379 0.028 0.016
4 0.3 0.504 0.007 0.043
4 0.347 0.434 0.009 0.065
4 0.371 0.445 0.009 0.045
4 0.393 0.436 0.011 0.062
4 0.433 0.514 0.007 0.042
2 0.367 0.459 0.147 0.199
1 0.639 0.396 0.053 0.116
4 0.566 0.666 0.024 0.018
4 0.571 0.695 0.019 0.022
4 0.535 0.692 0.014 0.026
4 0.438 0.712 0.016 0.022
4 0.391 0.711 0.018 0.025
4 0.966 0.519 0.02 0.019
0 0.41 0.685 0.084 0.128
0 0.556 0.677 0.081 0.121
0 0.961 0.489 0.078 0.176
0 0.924 0.408 0.044 0.084
0 0.585 0.819 0.092 0.155
