1 0.147 0.466 0.048 0.092
4 0.605 0.373 0.009 0.013
4 0.579 0.385 0.008 0.016
4 0.599 0.395 0.012 0.015
4 0.568 0.721 0.011 0.015
4 0.539 0.744 0.015 0.019
4 0.53 0.711 0.013 0.026
4 0.205 0.359 0.008 0.016
4 0.432 0.433 0.009 0.014
4 0.399 0.441 0.012 0.013
4 0.723 0.693 0.007 0.022
4 0.76 0.714 0.017 0.016
4 0.493 0.565 0.022 0.016
4 0.606 0.653 0.012 0.015
4 0.588 0.63 0.009 0.015
4 0.577 0.642 0.007 0.016
0 0.214 0.348 0.05 0.079
0 0.414 0.425 0.069 0.106
0 0.594 0.379 0.044 0.067
0 0.496 0.519 0.063 0.131
0 0.6 0.634 0.058 0.088
0 0.546 0.721 0.064 0.099
0 0.756 0.669 0.081 0.148
