4 0.344 0.418 0.024 0.018
4 0.343 0.516 0.025 0.021
4 0.406 0.552 0.006 0.028
4 0.367 0.474 0.009 0.062
4 0.345 0.485 0.011 0.039
4 0.322 0.47 0.007 0.062
4 0.278 0.545 0.005 0.029
2 0.342 0.495 0.139 0.194
1 0.604 0.431 0.052 0.108
4 0.552 0.698 0.013 0.022
4 0.507 0.718 0.008 0.023
4 0.497 0.64 0.015 0.029
4 0.458 0.649 0.017 0.021
4 0.831 0.593 0.007 0.016
4 0.789 0.602 0.016 0.02
4 0.892 0.454 0.011 0.021
4 0.488 0.523 0.012 0.021
4 0.46 0.506 0.02 0.016
4 0.452 0.527 0.013 0.016
0 0.471 0.503 0.076 0.093
0 0.477 0.62 0.075 0.107
0 0.535 0.718 0.074 0.111
0 0.798 0.569 0.092 0.177
0 0.883 0.439 0.053 0.108
0 0.557 0.857 0.101 0.174
