3 0.364 0.009 0.02 0.019
3 0.277 0.009 0.02 0.019
3 0.284 0.085 0.031 0.041
3 0.427 0.019 0.02 0.035
4 0.899 0.328 0.015 0.013
1 0.904 0.336 0.028 0.06
4 0.24 0.36 0.012 0.012
4 0.245 0.374 0.01 0.012
4 0.225 0.378 0.009 0.014
4 0.93 0.522 0.009 0.013
4 0.939 0.54 0.016 0.015
4 0.041 0.674 0.011 0.021
4 0.053 0.69 0.011 0.025
4 0.012 0.702 0.024 0.016
4 0.269 0.768 0.013 0.021
4 0.23 0.787 0.018 0.02
0 0.653 0.475 0.065 0.113
0 0.031 0.67 0.062 0.108
0 0.942 0.528 0.048 0.069
0 0.241 0.74 0.079 0.151
0 0.231 0.366 0.044 0.059
