4 0.032 0.401 0.025 0.015
4 0.062 0.438 0.018 0.073
4 0.033 0.44 0.009 0.059
4 0.006 0.44 0.013 0.065
4 0.308 0.452 0.021 0.016
2 0.048 0.465 0.095 0.165
1 0.318 0.463 0.046 0.09
4 0.319 0.326 0.013 0.013
4 0.533 0.406 0.008 0.016
4 0.502 0.414 0.013 0.018
4 0.621 0.512 0.012 0.015
4 0.588 0.513 0.015 0.02
4 0.336 0.81 0.022 0.025
4 0.769 0.387 0.01 0.013
4 0.76 0.404 0.011 0.013
4 0.738 0.396 0.005 0.016
0 0.757 0.393 0.047 0.065
0 0.596 0.479 0.071 0.129
0 0.515 0.391 0.071 0.119
0 0.355 0.746 0.092 0.173
0 0.325 0.312 0.044 0.076
