4 0.539 0.468 0.024 0.021
1 0.549 0.482 0.048 0.095
4 0.279 0.394 0.027 0.014
4 0.333 0.49 0.009 0.058
4 0.298 0.441 0.009 0.05
4 0.281 0.435 0.018 0.058
4 0.259 0.44 0.009 0.05
4 0.224 0.488 0.011 0.059
4 0.282 0.482 0.02 0.019
2 0.278 0.462 0.121 0.162
4 0.277 0.64 0.011 0.021
4 0.801 0.949 0.011 0.039
4 0.84 0.986 0.026 0.027
4 0.547 0.32 0.011 0.016
4 0.521 0.327 0.02 0.019
4 0.562 0.331 0.009 0.014
0 0.565 0.315 0.038 0.055
0 0.841 0.903 0.094 0.195
0 0.979 0.803 0.043 0.162
0 0.529 0.311 0.05 0.075
0 0.274 0.609 0.06 0.094
