4 0.37 0.381 0.027 0.019
4 0.37 0.488 0.023 0.018
4 0.435 0.515 0.008 0.043
4 0.394 0.44 0.011 0.062
4 0.372 0.442 0.015 0.046
4 0.346 0.435 0.009 0.063
4 0.301 0.508 0.007 0.043
2 0.369 0.462 0.149 0.201
1 0.641 0.396 0.057 0.104
4 0.564 0.677 0.016 0.023
4 0.555 0.648 0.022 0.018
4 0.526 0.675 0.015 0.026
4 0.432 0.673 0.013 0.027
4 0.408 0.707 0.019 0.021
4 0.612 0.873 0.02 0.033
4 0.971 0.477 0.014 0.023
0 0.413 0.679 0.075 0.123
0 0.546 0.657 0.079 0.12
0 0.59 0.826 0.102 0.167
0 0.977 0.464 0.045 0.146
