4 0.327 0.526 0.02 0.019
4 0.328 0.42 0.026 0.016
4 0.351 0.479 0.011 0.063
4 0.329 0.495 0.008 0.014
4 0.305 0.474 0.007 0.058
4 0.262 0.559 0.006 0.014
4 0.39 0.562 0.004 0.016
2 0.325 0.499 0.141 0.195
1 0.587 0.437 0.053 0.11
4 0.536 0.699 0.013 0.019
4 0.525 0.745 0.017 0.019
4 0.491 0.721 0.009 0.022
4 0.372 0.681 0.028 0.016
4 0.373 0.709 0.017 0.025
4 0.563 0.891 0.023 0.032
4 0.472 0.528 0.014 0.019
4 0.444 0.511 0.018 0.018
4 0.437 0.531 0.014 0.02
0 0.373 0.677 0.069 0.107
0 0.455 0.513 0.075 0.094
0 0.554 0.851 0.08 0.162
0 0.521 0.717 0.078 0.12
