3 0.613 0.133 0.013 0.022
3 0.395 0.196 0.017 0.031
3 0.418 0.197 0.013 0.019
4 0.859 0.422 0.015 0.013
1 0.857 0.425 0.019 0.047
3 0.977 0.396 0.016 0.012
4 0.986 0.418 0.007 0.036
4 0.974 0.416 0.007 0.029
4 0.961 0.412 0.013 0.035
2 0.971 0.424 0.053 0.088
4 0.135 0.726 0.012 0.016
4 0.152 0.571 0.011 0.013
4 0.128 0.575 0.011 0.015
4 0.886 0.604 0.01 0.015
4 0.884 0.619 0.01 0.014
4 0.865 0.613 0.009 0.014
0 0.061 0.69 0.061 0.106
0 0.145 0.563 0.051 0.083
0 0.138 0.712 0.036 0.062
0 0.878 0.607 0.038 0.055
3 0.408 0.961 0.013 0.016
3 0.62 0.969 0.009 0.021
