3 0.639 0.044 0.019 0.028
3 0.495 0.075 0.023 0.055
3 0.427 0.159 0.02 0.031
3 0.335 0.193 0.018 0.035
3 0.35 0.18 0.018 0.041
3 0.472 0.986 0.007 0.013
3 0.434 0.993 0.011 0.014
3 0.483 0.996 0.008 0.008
3 0.645 0.983 0.014 0.028
3 0.708 0.965 0.012 0.026
3 0.725 0.982 0.013 0.022
3 0.733 0.957 0.011 0.02
4 0.86 0.389 0.014 0.012
4 0.161 0.628 0.011 0.013
4 0.153 0.616 0.009 0.014
4 0.14 0.638 0.014 0.015
4 0.813 0.506 0.007 0.008
4 0.807 0.515 0.008 0.012
4 0.824 0.521 0.01 0.012
4 0.094 0.58 0.013 0.016
4 0.065 0.579 0.013 0.013
4 0.007 0.827 0.011 0.021
4 0.732 0.549 0.006 0.015
4 0.71 0.551 0.012 0.013
4 0.396 0.667 0.013 0.016
4 0.374 0.661 0.009 0.018
4 0.85 0.637 0.009 0.018
4 0.823 0.638 0.017 0.02
4 0.839 0.92 0.014 0.018
4 0.871 0.91 0.007 0.023
4 0.828 0.888 0.009 0.021
0 0.83 0.608 0.059 0.106
0 0.821 0.512 0.039 0.052
0 0.717 0.54 0.052 0.096
0 0.848 0.9 0.059 0.087
0 0.387 0.621 0.059 0.133
0 0.146 0.624 0.047 0.062
0 0.08 0.57 0.056 0.074
0 0.01 0.827 0.02 0.075
1 0.858 0.391 0.026 0.056
