1 0.159 0.435 0.053 0.093
4 0.513 0.425 0.01 0.013
4 0.488 0.431 0.013 0.015
4 0.716 0.531 0.013 0.019
4 0.693 0.51 0.018 0.018
4 0.686 0.529 0.013 0.019
4 0.219 0.332 0.013 0.013
4 0.458 0.432 0.009 0.016
4 0.423 0.441 0.015 0.016
4 0.706 0.427 0.008 0.02
4 0.678 0.435 0.016 0.015
4 0.525 0.553 0.02 0.023
4 0.488 0.539 0.015 0.021
0 0.681 0.397 0.063 0.122
0 0.704 0.514 0.063 0.084
0 0.514 0.501 0.082 0.149
0 0.499 0.413 0.048 0.077
0 0.435 0.419 0.079 0.127
0 0.515 0.942 0.069 0.101
0 0.227 0.316 0.051 0.089
