1 0.17 0.46 0.054 0.1
4 0.645 0.456 0.011 0.013
4 0.619 0.46 0.015 0.02
4 0.726 0.607 0.013 0.019
4 0.699 0.588 0.017 0.021
4 0.691 0.606 0.013 0.018
4 0.486 0.942 0.01 0.029
4 0.5 0.925 0.014 0.033
4 0.228 0.333 0.013 0.014
4 0.447 0.445 0.015 0.015
4 0.752 0.463 0.007 0.02
4 0.723 0.475 0.013 0.018
4 0.518 0.548 0.008 0.027
4 0.549 0.567 0.023 0.015
0 0.236 0.32 0.048 0.082
0 0.445 0.42 0.069 0.136
0 0.514 0.93 0.075 0.109
0 0.546 0.519 0.072 0.136
0 0.629 0.45 0.055 0.079
0 0.711 0.59 0.071 0.088
0 0.724 0.44 0.062 0.133
