4 0.407 0.509 0.022 0.025
4 0.372 0.498 0.022 0.022
4 0.361 0.518 0.02 0.026
4 0.651 0.753 0.014 0.028
4 0.596 0.753 0.019 0.022
4 0.629 0.402 0.02 0.022
4 0.589 0.406 0.018 0.023
4 0.351 0.468 0.018 0.023
4 0.91 0.865 0.017 0.028
4 0.864 0.864 0.027 0.034
4 0.857 0.816 0.021 0.02
4 0.58 0.471 0.022 0.021
4 0.563 0.447 0.011 0.016
1 0.018 0.442 0.036 0.116
0 0.609 0.36 0.088 0.143
0 0.579 0.448 0.057 0.096
0 0.623 0.702 0.108 0.197
0 0.876 0.839 0.095 0.13
0 0.36 0.437 0.083 0.144
0 0.39 0.485 0.083 0.126
0 0.319 0.952 0.092 0.096
