4 0.573 0.475 0.022 0.02
1 0.583 0.489 0.046 0.096
4 0.314 0.401 0.026 0.016
4 0.367 0.505 0.009 0.034
4 0.334 0.446 0.009 0.054
4 0.316 0.449 0.013 0.041
4 0.295 0.443 0.01 0.05
4 0.26 0.504 0.009 0.036
4 0.316 0.488 0.02 0.018
2 0.312 0.467 0.119 0.161
4 0.322 0.606 0.013 0.018
4 0.316 0.637 0.02 0.021
4 0.858 0.979 0.02 0.033
4 0.58 0.327 0.012 0.018
4 0.555 0.335 0.02 0.018
4 0.595 0.339 0.014 0.013
0 0.598 0.324 0.037 0.059
0 0.89 0.911 0.111 0.178
0 0.309 0.613 0.063 0.094
0 0.561 0.318 0.051 0.074
