4 0.022 0.475 0.032 0.025
1 0.036 0.482 0.06 0.096
4 0.518 0.65 0.018 0.025
4 0.467 0.617 0.015 0.019
4 0.474 0.651 0.025 0.023
4 0.647 0.369 0.007 0.019
4 0.617 0.379 0.015 0.016
4 0.676 0.343 0.013 0.014
4 0.66 0.326 0.011 0.012
4 0.119 0.795 0.018 0.031
4 0.135 0.813 0.015 0.031
0 0.671 0.331 0.043 0.066
0 0.623 0.354 0.062 0.121
4 0.529 0.397 0.012 0.019
4 0.559 0.398 0.013 0.019
0 0.109 0.804 0.071 0.106
0 0.489 0.604 0.092 0.156
0 0.545 0.368 0.069 0.119
4 0.072 0.337 0.016 0.013
0 0.079 0.319 0.051 0.086
