3 0.335 0.046 0.011 0.02
3 0.316 0.046 0.017 0.036
3 0.425 0.034 0.009 0.021
3 0.552 0.012 0.011 0.023
3 0.541 0.059 0.011 0.02
3 0.549 0.096 0.013 0.021
3 0.369 0.038 0.011 0.022
4 0.846 0.321 0.015 0.015
1 0.85 0.329 0.025 0.054
4 0.721 0.498 0.01 0.014
4 0.739 0.516 0.018 0.014
4 0.715 0.51 0.009 0.018
4 0.743 0.705 0.015 0.015
4 0.756 0.729 0.02 0.018
4 0.093 0.624 0.017 0.018
4 0.079 0.601 0.012 0.016
4 0.069 0.616 0.008 0.02
0 0.631 0.446 0.052 0.101
0 0.734 0.485 0.055 0.096
0 0.755 0.712 0.05 0.077
0 0.738 0.928 0.061 0.094
0 0.088 0.61 0.055 0.072
