3 0.439 0.048 0.009 0.014
3 0.402 0.089 0.014 0.021
3 0.584 0.025 0.009 0.015
3 0.579 0.068 0.013 0.027
3 0.541 0.103 0.015 0.021
3 0.63 0.005 0.013 0.011
3 0.381 0.048 0.009 0.015
4 0.948 0.326 0.017 0.011
1 0.944 0.331 0.025 0.047
4 0.853 0.693 0.013 0.018
4 0.826 0.681 0.009 0.021
4 0.847 0.464 0.011 0.013
4 0.696 0.848 0.01 0.025
4 0.66 0.821 0.011 0.02
4 0.667 0.854 0.016 0.02
4 0.159 0.566 0.009 0.018
4 0.133 0.555 0.01 0.015
4 0.138 0.577 0.014 0.016
0 0.143 0.56 0.05 0.065
0 0.673 0.834 0.063 0.092
0 0.851 0.654 0.065 0.121
0 0.847 0.454 0.035 0.055
