4 0.095 0.451 0.018 0.025
1 0.115 0.468 0.058 0.101
4 0.511 0.559 0.02 0.021
4 0.469 0.552 0.02 0.022
4 0.565 0.482 0.017 0.021
4 0.699 0.465 0.013 0.016
4 0.678 0.447 0.015 0.018
4 0.669 0.461 0.011 0.018
4 0.438 0.927 0.019 0.028
4 0.4 0.925 0.019 0.028
4 0.361 0.377 0.016 0.019
0 0.181 0.316 0.053 0.081
0 0.354 0.367 0.048 0.068
0 0.643 0.389 0.064 0.121
0 0.686 0.447 0.063 0.083
0 0.573 0.46 0.075 0.129
0 0.488 0.513 0.087 0.153
0 0.417 0.898 0.084 0.122
4 0.659 0.421 0.012 0.016
4 0.624 0.416 0.011 0.018
4 0.172 0.332 0.015 0.014
