3 0.66 0.014 0.017 0.028
3 0.622 0.017 0.01 0.02
3 0.595 0.051 0.011 0.018
3 0.546 0.047 0.016 0.031
3 0.459 0.077 0.02 0.036
3 0.449 0.016 0.011 0.013
3 0.427 0.044 0.013 0.022
3 0.334 0.085 0.015 0.027
3 0.342 0.137 0.018 0.028
4 0.984 0.376 0.015 0.012
1 0.983 0.383 0.027 0.052
4 0.285 0.385 0.008 0.009
4 0.29 0.393 0.007 0.013
4 0.274 0.4 0.01 0.013
4 0.857 0.509 0.008 0.012
4 0.865 0.525 0.012 0.015
4 0.205 0.518 0.012 0.016
4 0.181 0.515 0.014 0.014
4 0.177 0.529 0.013 0.013
4 0.353 0.655 0.012 0.019
4 0.321 0.655 0.008 0.014
4 0.698 0.531 0.005 0.015
4 0.673 0.534 0.011 0.014
0 0.571 0.451 0.051 0.097
0 0.868 0.514 0.041 0.063
0 0.679 0.51 0.05 0.102
0 0.34 0.627 0.065 0.113
0 0.192 0.508 0.053 0.081
0 0.279 0.39 0.036 0.054
