4 0.527 0.473 0.022 0.021
1 0.536 0.487 0.046 0.094
4 0.267 0.404 0.026 0.019
4 0.321 0.491 0.011 0.072
4 0.287 0.448 0.012 0.055
4 0.269 0.44 0.017 0.063
4 0.248 0.448 0.01 0.052
4 0.211 0.494 0.009 0.068
4 0.268 0.491 0.02 0.019
2 0.266 0.467 0.123 0.168
4 0.65 0.567 0.012 0.02
4 0.611 0.564 0.015 0.022
4 0.845 0.921 0.014 0.034
4 0.886 0.979 0.024 0.023
4 0.831 0.938 0.011 0.042
4 0.54 0.345 0.013 0.014
0 0.626 0.54 0.081 0.142
0 0.871 0.895 0.098 0.195
0 0.548 0.329 0.05 0.075
0 0.262 0.617 0.057 0.093
