3 0.656 0.097 0.018 0.027
3 0.584 0.09 0.008 0.016
3 0.596 0.134 0.011 0.021
3 0.469 0.115 0.017 0.022
3 0.442 0.139 0.015 0.025
3 0.401 0.152 0.018 0.027
3 0.34 0.215 0.02 0.028
3 0.697 0.96 0.012 0.021
3 0.678 0.982 0.013 0.021
3 0.651 0.991 0.009 0.018
4 0.804 0.39 0.011 0.013
1 0.808 0.394 0.024 0.059
4 0.849 0.565 0.008 0.013
4 0.832 0.555 0.013 0.016
4 0.828 0.569 0.009 0.015
4 0.337 0.498 0.013 0.009
4 0.32 0.495 0.007 0.014
4 0.156 0.624 0.017 0.012
4 0.156 0.639 0.017 0.015
4 0.29 0.586 0.011 0.015
4 0.266 0.582 0.006 0.014
4 0.981 0.861 0.011 0.021
0 0.982 0.867 0.036 0.086
0 0.835 0.553 0.043 0.063
0 0.338 0.485 0.048 0.081
0 0.285 0.565 0.052 0.094
0 0.158 0.611 0.053 0.082
