3 0.994 0.394 0.011 0.013
4 0.982 0.413 0.013 0.034
2 0.982 0.427 0.036 0.079
4 0.994 0.411 0.006 0.022
4 0.037 0.749 0.017 0.015
4 0.305 0.508 0.01 0.012
4 0.108 0.747 0.015 0.015
4 0.751 0.502 0.014 0.012
4 0.731 0.497 0.011 0.015
4 0.604 0.761 0.01 0.014
4 0.616 0.78 0.014 0.019
3 0.513 0.059 0.03 0.059
3 0.508 0.079 0.026 0.041
3 0.475 0.182 0.037 0.054
3 0.373 0.035 0.037 0.049
4 0.873 0.619 0.009 0.013
4 0.859 0.628 0.013 0.015
4 0.937 0.435 0.013 0.013
1 0.942 0.445 0.022 0.048
0 0.576 0.501 0.042 0.084
0 0.743 0.481 0.042 0.069
0 0.864 0.62 0.038 0.055
0 0.616 0.766 0.04 0.059
0 0.111 0.731 0.038 0.065
0 0.041 0.714 0.055 0.104
0 0.305 0.499 0.028 0.046
