4 0.345 0.346 0.03 0.018
4 0.39 0.36 0.013 0.021
4 0.434 0.367 0.017 0.022
4 0.409 0.468 0.007 0.055
4 0.369 0.403 0.013 0.063
4 0.321 0.398 0.008 0.06
4 0.347 0.393 0.017 0.068
4 0.345 0.451 0.025 0.016
4 0.277 0.461 0.011 0.06
2 0.342 0.425 0.143 0.194
4 0.661 0.468 0.029 0.022
1 0.672 0.464 0.052 0.119
4 0.471 0.505 0.026 0.02
4 0.465 0.528 0.03 0.026
4 0.508 0.511 0.016 0.031
4 0.619 0.75 0.024 0.031
4 0.676 0.755 0.012 0.029
4 0.561 0.795 0.024 0.022
4 0.533 0.764 0.009 0.031
4 0.419 0.627 0.03 0.028
4 0.372 0.6 0.015 0.027
0 0.557 0.756 0.071 0.127
0 0.402 0.583 0.104 0.151
0 0.483 0.464 0.095 0.18
0 0.418 0.344 0.094 0.155
0 0.643 0.726 0.127 0.239
