4 0.606 0.578 0.018 0.022
4 0.614 0.598 0.013 0.018
4 0.585 0.597 0.015 0.021
4 0.493 0.452 0.022 0.016
4 0.511 0.461 0.01 0.019
4 0.49 0.471 0.017 0.02
4 0.757 0.585 0.01 0.025
4 0.351 0.524 0.017 0.013
4 0.316 0.464 0.025 0.02
1 0.321 0.448 0.041 0.084
4 0.806 0.232 0.017 0.012
4 0.827 0.238 0.011 0.016
4 0.801 0.244 0.019 0.016
4 0.754 0.819 0.022 0.029
4 0.765 0.844 0.017 0.027
4 0.729 0.837 0.02 0.026
4 0.592 0.531 0.018 0.016
4 0.561 0.516 0.01 0.02
0 0.788 0.575 0.092 0.16
0 0.352 0.513 0.056 0.09
0 0.811 0.211 0.062 0.104
0 0.74 0.813 0.078 0.115
0 0.596 0.58 0.07 0.097
0 0.59 0.502 0.077 0.128
0 0.493 0.452 0.056 0.083
