3 0.066 0.358 0.028 0.016
4 0.766 0.63 0.013 0.018
4 0.095 0.395 0.02 0.072
4 0.067 0.396 0.007 0.06
4 0.039 0.394 0.015 0.066
2 0.072 0.42 0.114 0.164
4 0.284 0.408 0.013 0.025
1 0.296 0.406 0.042 0.09
4 0.129 0.634 0.02 0.02
4 0.781 0.222 0.019 0.013
4 0.78 0.236 0.02 0.014
4 0.653 0.51 0.014 0.022
4 0.693 0.512 0.011 0.021
4 0.409 0.592 0.024 0.015
4 0.429 0.607 0.01 0.02
4 0.404 0.612 0.018 0.02
4 0.309 0.683 0.015 0.026
4 0.287 0.654 0.011 0.022
4 0.277 0.671 0.009 0.026
4 0.773 0.472 0.015 0.021
0 0.781 0.205 0.044 0.102
0 0.139 0.614 0.077 0.108
0 0.304 0.66 0.067 0.106
0 0.413 0.596 0.061 0.09
0 0.671 0.493 0.088 0.162
0 0.738 0.611 0.1 0.168
0 0.772 0.458 0.043 0.081
