3 0.471 0.229 0.059 0.099
3 0.57 0.251 0.024 0.033
4 0.783 0.427 0.011 0.013
4 0.997 0.415 0.007 0.011
4 0.998 0.438 0.005 0.028
4 0.986 0.433 0.012 0.032
2 0.985 0.448 0.031 0.076
1 0.789 0.428 0.024 0.041
4 0.298 0.454 0.009 0.009
4 0.302 0.461 0.01 0.012
4 0.285 0.46 0.011 0.013
4 0.481 0.571 0.013 0.013
4 0.184 0.664 0.011 0.015
4 0.166 0.671 0.012 0.013
4 0.917 0.53 0.008 0.013
4 0.928 0.543 0.013 0.013
4 0.911 0.537 0.007 0.013
4 0.833 0.802 0.014 0.016
4 0.839 0.817 0.015 0.015
4 0.806 0.803 0.013 0.019
0 0.925 0.531 0.036 0.052
0 0.819 0.795 0.067 0.088
0 0.481 0.554 0.044 0.099
0 0.29 0.442 0.041 0.062
0 0.176 0.657 0.045 0.067
