4 0.383 0.348 0.031 0.022
4 0.45 0.468 0.009 0.076
4 0.408 0.409 0.015 0.062
4 0.384 0.399 0.017 0.075
4 0.359 0.404 0.013 0.061
4 0.312 0.461 0.01 0.079
2 0.38 0.43 0.157 0.205
1 0.66 0.431 0.05 0.111
4 0.432 0.691 0.024 0.027
4 0.565 0.626 0.031 0.027
4 0.53 0.598 0.02 0.032
4 0.519 0.624 0.017 0.034
4 0.706 0.739 0.016 0.027
4 0.641 0.746 0.018 0.028
4 0.808 0.784 0.015 0.028
4 0.777 0.763 0.036 0.022
4 0.35 0.658 0.021 0.029
4 0.306 0.653 0.034 0.023
4 0.299 0.682 0.032 0.029
0 0.325 0.638 0.11 0.151
0 0.554 0.564 0.116 0.21
0 0.44 0.668 0.083 0.127
0 0.787 0.763 0.092 0.155
0 0.664 0.714 0.129 0.238
4 0.385 0.46 0.024 0.022
