1 0.89 0.636 0.065 0.131
0 0.435 0.47 0.078 0.109
0 0.676 0.69 0.122 0.197
0 0.783 0.712 0.102 0.221
2 0.305 0.484 0.162 0.209
4 0.306 0.399 0.032 0.026
4 0.307 0.511 0.031 0.033
4 0.281 0.46 0.016 0.062
4 0.308 0.451 0.02 0.076
4 0.333 0.462 0.014 0.063
4 0.378 0.532 0.009 0.063
4 0.232 0.528 0.011 0.065
4 0.781 0.745 0.019 0.031
4 0.341 0.714 0.037 0.036
4 0.298 0.677 0.013 0.026
0 0.336 0.665 0.093 0.163
4 0.727 0.709 0.02 0.033
4 0.642 0.714 0.016 0.028
4 0.7 0.716 0.02 0.028
4 0.442 0.471 0.03 0.021
4 0.446 0.498 0.021 0.027
4 0.416 0.491 0.014 0.031
