1 0.053 0.717 0.042 0.073
1 0.798 0.469 0.023 0.043
4 0.038 0.727 0.011 0.025
4 0.8 0.47 0.014 0.015
3 0.413 0.24 0.095 0.18
0 0.151 0.674 0.059 0.086
0 0.265 0.579 0.026 0.046
0 0.436 0.587 0.048 0.099
0 0.735 0.567 0.048 0.077
0 0.915 0.59 0.04 0.054
4 0.435 0.604 0.013 0.015
4 0.161 0.686 0.015 0.02
4 0.167 0.699 0.015 0.02
4 0.142 0.699 0.017 0.019
4 0.264 0.577 0.013 0.009
4 0.264 0.589 0.011 0.013
4 0.923 0.586 0.013 0.014
4 0.926 0.601 0.011 0.014
4 0.907 0.594 0.011 0.015
4 0.73 0.576 0.011 0.015
4 0.752 0.573 0.009 0.015
2 0.906 0.472 0.051 0.076
3 0.911 0.445 0.017 0.013
4 0.921 0.468 0.01 0.036
4 0.908 0.464 0.005 0.029
4 0.898 0.461 0.011 0.035
