3 0.883 0.015 0.024 0.031
3 0.756 0.025 0.026 0.042
4 0.236 0.627 0.021 0.021
1 0.243 0.619 0.044 0.092
4 0.032 0.532 0.01 0.018
4 0.096 0.598 0.011 0.018
4 0.084 0.619 0.018 0.019
4 0.06 0.62 0.011 0.018
4 0.687 0.39 0.007 0.015
4 0.677 0.404 0.013 0.013
4 0.464 0.535 0.011 0.019
4 0.429 0.536 0.009 0.019
4 0.807 0.509 0.011 0.011
4 0.784 0.511 0.012 0.016
4 0.74 0.553 0.009 0.013
4 0.724 0.538 0.018 0.013
4 0.718 0.553 0.011 0.014
0 0.451 0.529 0.072 0.126
0 0.024 0.53 0.048 0.133
0 0.082 0.608 0.06 0.084
0 0.727 0.54 0.05 0.072
0 0.796 0.499 0.049 0.07
0 0.679 0.389 0.038 0.054
