4 0.997 0.373 0.007 0.023
2 0.989 0.378 0.022 0.089
4 0.841 0.373 0.015 0.013
1 0.84 0.374 0.025 0.05
4 0.813 0.484 0.008 0.014
4 0.835 0.489 0.01 0.014
4 0.891 0.601 0.014 0.012
4 0.884 0.611 0.014 0.015
4 0.911 0.612 0.014 0.015
4 0.638 0.389 0.008 0.009
4 0.633 0.394 0.007 0.009
4 0.646 0.398 0.009 0.011
4 0.206 0.569 0.014 0.015
4 0.211 0.579 0.009 0.013
4 0.193 0.581 0.011 0.016
4 0.013 0.768 0.012 0.019
4 0.024 0.775 0.009 0.023
0 0.015 0.769 0.03 0.081
0 0.075 0.414 0.044 0.073
0 0.199 0.57 0.041 0.061
0 0.643 0.389 0.032 0.043
0 0.902 0.601 0.059 0.073
0 0.827 0.479 0.05 0.082
3 0.569 0.117 0.081 0.131
3 0.434 0.076 0.061 0.1
