3 0.432 0.051 0.02 0.045
3 0.608 0.092 0.02 0.041
3 0.623 0.103 0.014 0.027
3 0.628 0.208 0.024 0.036
4 0.832 0.378 0.017 0.012
4 0.998 0.378 0.005 0.021
2 0.99 0.378 0.02 0.092
1 0.829 0.381 0.028 0.054
4 0.343 0.412 0.011 0.009
4 0.43 0.509 0.013 0.015
4 0.987 0.914 0.01 0.021
4 0.96 0.918 0.021 0.025
4 0.897 0.605 0.014 0.015
4 0.61 0.413 0.011 0.012
4 0.948 0.632 0.022 0.015
0 0.948 0.614 0.057 0.08
0 0.608 0.404 0.027 0.045
0 0.965 0.896 0.061 0.097
0 0.899 0.59 0.061 0.106
0 0.428 0.482 0.048 0.117
0 0.345 0.401 0.027 0.049
