3 0.013 0.448 0.024 0.021
1 0.458 0.57 0.048 0.088
4 0.041 0.489 0.018 0.068
4 0.011 0.489 0.009 0.06
2 0.036 0.516 0.072 0.17
4 0.614 0.54 0.011 0.015
4 0.577 0.543 0.013 0.02
4 0.467 0.51 0.019 0.018
4 0.519 0.515 0.008 0.013
4 0.501 0.508 0.018 0.015
4 0.498 0.526 0.01 0.016
4 0.845 0.441 0.013 0.008
4 0.848 0.458 0.013 0.015
4 0.829 0.447 0.009 0.014
4 0.327 0.598 0.012 0.015
4 0.287 0.593 0.011 0.014
4 0.414 0.61 0.012 0.019
4 0.428 0.637 0.017 0.022
0 0.468 0.469 0.058 0.108
0 0.503 0.509 0.048 0.088
0 0.841 0.442 0.043 0.07
0 0.594 0.524 0.077 0.135
0 0.426 0.617 0.051 0.086
0 0.309 0.58 0.083 0.143
