1 0.896 0.637 0.065 0.128
0 0.446 0.464 0.077 0.109
0 0.345 0.665 0.09 0.163
0 0.737 0.702 0.114 0.215
0 0.85 0.719 0.123 0.226
2 0.313 0.484 0.158 0.214
4 0.313 0.402 0.032 0.022
4 0.313 0.509 0.032 0.028
4 0.24 0.523 0.009 0.069
4 0.289 0.456 0.014 0.067
4 0.316 0.451 0.017 0.074
4 0.339 0.463 0.013 0.069
4 0.382 0.527 0.012 0.07
4 0.864 0.749 0.026 0.029
4 0.347 0.715 0.034 0.032
4 0.307 0.678 0.014 0.032
4 0.728 0.733 0.022 0.029
4 0.781 0.721 0.014 0.029
4 0.433 0.462 0.017 0.028
4 0.455 0.49 0.02 0.025
4 0.421 0.485 0.017 0.026
