3 0.653 0.074 0.014 0.023
3 0.607 0.137 0.022 0.033
3 0.504 0.137 0.013 0.022
3 0.533 0.167 0.013 0.028
3 0.418 0.105 0.019 0.035
3 0.397 0.101 0.02 0.031
3 0.515 0.254 0.013 0.029
4 0.808 0.409 0.011 0.013
1 0.814 0.413 0.022 0.04
4 0.226 0.574 0.009 0.012
4 0.209 0.574 0.009 0.014
4 0.239 0.616 0.008 0.011
4 0.232 0.63 0.013 0.015
4 0.387 0.725 0.014 0.013
4 0.857 0.762 0.019 0.015
4 0.829 0.752 0.009 0.019
0 0.853 0.747 0.061 0.081
0 0.398 0.709 0.065 0.12
0 0.216 0.566 0.035 0.052
0 0.232 0.619 0.036 0.06
