4 0.305 0.542 0.026 0.018
1 0.31 0.528 0.038 0.083
4 0.546 0.285 0.018 0.014
4 0.551 0.628 0.014 0.016
4 0.516 0.599 0.011 0.021
4 0.325 0.621 0.012 0.015
4 0.643 0.776 0.011 0.022
4 0.599 0.742 0.018 0.019
4 0.58 0.724 0.007 0.019
4 0.63 0.624 0.021 0.018
4 0.629 0.646 0.017 0.019
4 0.649 0.636 0.007 0.021
4 0.595 0.502 0.015 0.018
0 0.548 0.259 0.044 0.088
0 0.596 0.48 0.06 0.122
0 0.538 0.581 0.079 0.162
0 0.632 0.624 0.047 0.083
0 0.625 0.757 0.065 0.094
0 0.599 0.718 0.05 0.1
0 0.339 0.625 0.055 0.09
