3 0.482 0.332 0.075 0.133
3 0.441 0.361 0.026 0.041
3 0.37 0.356 0.024 0.034
4 0.833 0.506 0.014 0.011
1 0.832 0.505 0.024 0.04
4 0.913 0.485 0.015 0.007
4 0.922 0.505 0.007 0.033
4 0.911 0.504 0.005 0.027
4 0.899 0.501 0.01 0.029
4 0.76 0.616 0.009 0.009
4 0.741 0.607 0.007 0.012
4 0.483 0.775 0.008 0.011
4 0.49 0.783 0.009 0.012
2 0.908 0.512 0.048 0.069
4 0.369 0.594 0.007 0.011
4 0.363 0.605 0.011 0.013
4 0.375 0.577 0.013 0.011
4 0.39 0.576 0.007 0.011
4 0.311 0.616 0.013 0.012
0 0.363 0.596 0.027 0.042
0 0.476 0.778 0.039 0.061
0 0.756 0.606 0.046 0.07
0 0.306 0.606 0.041 0.08
0 0.376 0.56 0.038 0.061
