4 0.965 0.369 0.014 0.015
1 0.97 0.376 0.03 0.061
4 0.973 0.827 0.013 0.021
4 0.984 0.861 0.018 0.022
0 0.978 0.843 0.043 0.092
4 0.377 0.393 0.011 0.012
4 0.271 0.492 0.009 0.012
4 0.261 0.504 0.011 0.012
4 0.066 0.546 0.015 0.018
4 0.073 0.555 0.01 0.015
4 0.047 0.562 0.021 0.019
4 0.249 0.591 0.012 0.018
4 0.219 0.589 0.012 0.018
4 0.868 0.492 0.01 0.012
4 0.887 0.496 0.011 0.014
4 0.906 0.576 0.013 0.015
0 0.877 0.487 0.04 0.053
0 0.378 0.387 0.026 0.04
0 0.05 0.532 0.063 0.106
0 0.233 0.578 0.067 0.119
0 0.263 0.494 0.032 0.058
0 0.905 0.562 0.057 0.106
3 0.621 0.04 0.015 0.028
3 0.587 0.095 0.017 0.031
3 0.401 0.091 0.019 0.029
3 0.36 0.082 0.018 0.032
