4 0.748 0.675 0.018 0.023
4 0.699 0.659 0.014 0.025
4 0.682 0.472 0.013 0.016
4 0.707 0.482 0.015 0.02
4 0.231 0.685 0.019 0.022
4 0.211 0.658 0.012 0.027
4 0.199 0.675 0.009 0.028
4 0.305 0.573 0.014 0.019
4 0.317 0.594 0.021 0.02
4 0.394 0.467 0.02 0.023
1 0.406 0.453 0.046 0.096
4 0.691 0.198 0.017 0.013
4 0.696 0.211 0.017 0.013
4 0.67 0.207 0.018 0.016
4 0.022 0.6 0.022 0.023
4 0.519 0.469 0.018 0.02
4 0.483 0.456 0.011 0.022
0 0.681 0.18 0.06 0.096
0 0.037 0.577 0.073 0.104
0 0.227 0.661 0.068 0.109
0 0.731 0.651 0.102 0.176
0 0.512 0.447 0.081 0.136
0 0.698 0.463 0.054 0.083
0 0.317 0.576 0.059 0.087
