4 0.067 0.622 0.012 0.016
4 0.059 0.648 0.023 0.027
4 0.336 0.613 0.012 0.02
4 0.307 0.618 0.015 0.015
3 0.56 0.066 0.016 0.027
3 0.561 0.092 0.014 0.026
3 0.534 0.129 0.015 0.027
3 0.621 0.022 0.014 0.025
3 0.606 0.022 0.009 0.02
3 0.445 0.08 0.017 0.038
3 0.457 0.044 0.009 0.013
3 0.386 0.079 0.017 0.033
3 0.364 0.078 0.009 0.021
4 0.966 0.36 0.016 0.016
1 0.973 0.364 0.034 0.065
4 0.795 0.556 0.011 0.015
4 0.822 0.55 0.008 0.016
4 0.679 0.395 0.009 0.011
4 0.683 0.405 0.007 0.016
4 0.668 0.404 0.009 0.014
4 0.633 0.789 0.019 0.022
4 0.66 0.797 0.014 0.019
4 0.33 0.465 0.015 0.011
4 0.33 0.479 0.013 0.014
4 0.238 0.383 0.009 0.012
4 0.233 0.374 0.011 0.014
4 0.223 0.383 0.011 0.016
4 0.774 0.694 0.016 0.02
4 0.801 0.704 0.016 0.016
4 0.771 0.714 0.011 0.016
0 0.673 0.396 0.035 0.048
0 0.8 0.544 0.057 0.1
0 0.785 0.688 0.068 0.096
0 0.641 0.775 0.056 0.08
0 0.332 0.467 0.028 0.056
0 0.316 0.604 0.069 0.116
0 0.05 0.625 0.076 0.102
0 0.228 0.376 0.034 0.047
