3 0.687 0.201 0.007 0.016
3 0.638 0.129 0.012 0.021
3 0.589 0.123 0.006 0.012
3 0.595 0.153 0.01 0.018
3 0.476 0.127 0.01 0.016
3 0.418 0.22 0.013 0.021
3 0.398 0.177 0.009 0.018
1 0.01 0.643 0.019 0.067
4 0.795 0.404 0.012 0.014
1 0.801 0.406 0.024 0.042
4 0.312 0.431 0.013 0.008
4 0.314 0.44 0.013 0.012
4 0.299 0.433 0.007 0.012
4 0.094 0.81 0.012 0.016
4 0.104 0.82 0.007 0.018
4 0.079 0.833 0.017 0.018
4 0.856 0.539 0.007 0.013
4 0.834 0.54 0.011 0.014
0 0.839 0.531 0.048 0.086
0 0.31 0.417 0.036 0.066
0 0.083 0.812 0.053 0.076
