3 0.472 0.221 0.055 0.096
3 0.569 0.247 0.025 0.032
4 0.819 0.438 0.014 0.011
4 0.997 0.417 0.006 0.009
4 0.998 0.437 0.004 0.031
4 0.986 0.434 0.01 0.036
2 0.984 0.45 0.032 0.075
1 0.818 0.439 0.02 0.045
4 0.298 0.455 0.011 0.008
4 0.302 0.462 0.011 0.012
4 0.284 0.461 0.013 0.013
4 0.485 0.573 0.01 0.012
4 0.187 0.668 0.01 0.013
4 0.168 0.67 0.011 0.014
4 0.917 0.53 0.009 0.013
4 0.928 0.543 0.011 0.013
4 0.91 0.538 0.007 0.014
4 0.844 0.815 0.012 0.02
4 0.805 0.786 0.012 0.013
0 0.924 0.532 0.035 0.056
0 0.822 0.797 0.064 0.087
0 0.484 0.553 0.047 0.099
0 0.29 0.444 0.044 0.066
0 0.175 0.659 0.046 0.065
