3 0.4 0.323 0.015 0.025
3 0.351 0.231 0.015 0.029
3 0.376 0.183 0.013 0.02
3 0.468 0.244 0.014 0.023
3 0.512 0.204 0.014 0.027
3 0.575 0.15 0.015 0.027
3 0.652 0.194 0.013 0.019
3 0.563 0.089 0.01 0.018
3 0.548 0.096 0.009 0.015
4 0.835 0.455 0.012 0.012
1 0.832 0.461 0.022 0.05
4 0.99 0.458 0.009 0.033
4 0.977 0.455 0.005 0.027
4 0.965 0.453 0.012 0.035
4 0.979 0.435 0.013 0.013
2 0.974 0.469 0.051 0.083
4 0.377 0.668 0.013 0.009
4 0.38 0.68 0.011 0.013
4 0.364 0.675 0.008 0.012
4 0.807 0.627 0.014 0.009
4 0.807 0.64 0.014 0.014
4 0.185 0.681 0.01 0.015
4 0.173 0.674 0.009 0.015
4 0.943 0.919 0.011 0.019
4 0.917 0.91 0.011 0.019
4 0.232 0.825 0.017 0.016
4 0.753 0.689 0.011 0.014
0 0.226 0.819 0.046 0.069
0 0.183 0.669 0.034 0.063
0 0.372 0.671 0.038 0.062
0 0.929 0.901 0.059 0.086
0 0.755 0.675 0.051 0.104
0 0.805 0.619 0.038 0.069
