4 0.239 0.536 0.02 0.019
1 0.246 0.525 0.044 0.082
4 0.263 0.59 0.015 0.018
4 0.304 0.592 0.018 0.015
4 0.477 0.575 0.022 0.016
4 0.46 0.552 0.009 0.02
4 0.451 0.565 0.009 0.023
4 0.141 0.516 0.016 0.016
4 0.657 0.637 0.021 0.021
4 0.626 0.621 0.014 0.015
4 0.619 0.641 0.016 0.022
4 0.666 0.307 0.007 0.011
4 0.673 0.319 0.012 0.012
4 0.886 0.421 0.007 0.012
4 0.41 0.589 0.015 0.02
0 0.478 0.531 0.068 0.121
0 0.521 0.496 0.068 0.122
0 0.642 0.614 0.084 0.106
0 0.675 0.313 0.041 0.059
4 0.69 0.321 0.007 0.011
0 0.874 0.426 0.041 0.068
0 0.398 0.57 0.057 0.083
0 0.29 0.571 0.083 0.14
0 0.141 0.498 0.051 0.079
4 0.549 0.501 0.008 0.018
4 0.518 0.513 0.015 0.018
