4 0.085 0.533 0.032 0.023
1 0.092 0.516 0.047 0.099
4 0.582 0.461 0.011 0.02
4 0.543 0.469 0.016 0.021
4 0.292 0.486 0.015 0.016
4 0.286 0.512 0.024 0.021
4 0.244 0.512 0.013 0.027
4 0.414 0.528 0.009 0.02
4 0.39 0.541 0.019 0.019
4 0.306 0.293 0.015 0.016
4 0.316 0.311 0.011 0.021
4 0.288 0.308 0.017 0.022
4 0.593 0.708 0.013 0.029
4 0.547 0.707 0.029 0.022
4 0.531 0.678 0.013 0.02
4 0.625 0.427 0.009 0.02
4 0.608 0.41 0.017 0.018
4 0.601 0.427 0.012 0.019
4 0.638 0.668 0.015 0.026
4 0.601 0.633 0.013 0.018
4 0.604 0.666 0.017 0.022
4 0.573 0.622 0.011 0.021
4 0.523 0.623 0.016 0.026
0 0.613 0.413 0.055 0.086
0 0.555 0.45 0.083 0.15
0 0.544 0.6 0.096 0.164
0 0.557 0.688 0.089 0.136
0 0.621 0.65 0.072 0.1
0 0.397 0.522 0.055 0.093
0 0.272 0.474 0.083 0.141
0 0.295 0.294 0.059 0.093
