1 0.196 0.259 0.036 0.086
4 0.2 0.255 0.024 0.021
2 0.471 0.218 0.082 0.123
3 0.47 0.168 0.018 0.018
4 0.452 0.2 0.015 0.054
4 0.49 0.201 0.015 0.055
0 0.805 0.549 0.059 0.092
0 0.868 0.462 0.053 0.084
0 0.965 0.529 0.07 0.121
0 0.216 0.532 0.086 0.156
0 0.279 0.658 0.1 0.158
4 0.263 0.682 0.026 0.028
4 0.299 0.697 0.026 0.034
4 0.255 0.707 0.025 0.026
4 0.187 0.538 0.013 0.022
4 0.228 0.547 0.019 0.023
4 0.8 0.549 0.024 0.025
4 0.822 0.564 0.011 0.025
4 0.796 0.572 0.019 0.021
4 0.854 0.481 0.015 0.023
4 0.954 0.559 0.02 0.026
