4 0.265 0.283 0.028 0.016
4 0.749 0.4 0.015 0.022
4 0.328 0.382 0.008 0.079
4 0.287 0.334 0.011 0.06
4 0.267 0.326 0.017 0.07
4 0.243 0.332 0.009 0.056
4 0.267 0.382 0.023 0.02
4 0.2 0.384 0.013 0.074
2 0.263 0.356 0.143 0.188
4 0.566 0.392 0.025 0.021
1 0.575 0.383 0.046 0.101
4 0.366 0.428 0.011 0.026
4 0.391 0.444 0.02 0.022
4 0.443 0.289 0.014 0.018
4 0.412 0.274 0.024 0.019
4 0.407 0.289 0.024 0.022
4 0.678 0.518 0.013 0.023
4 0.634 0.527 0.018 0.016
4 0.462 0.655 0.025 0.027
4 0.451 0.682 0.013 0.027
4 0.48 0.702 0.014 0.028
0 0.466 0.655 0.075 0.115
0 0.514 0.708 0.102 0.153
0 0.688 0.613 0.061 0.1
0 0.424 0.253 0.079 0.133
0 0.385 0.416 0.054 0.103
0 0.652 0.498 0.099 0.177
0 0.723 0.383 0.098 0.154
