3 0.881 0.015 0.036 0.029
4 0.397 0.57 0.024 0.02
1 0.399 0.556 0.04 0.08
4 0.027 0.512 0.019 0.076
2 0.031 0.539 0.063 0.169
4 0.127 0.737 0.01 0.026
4 0.172 0.756 0.018 0.02
4 0.605 0.562 0.008 0.018
4 0.581 0.548 0.02 0.011
4 0.579 0.563 0.017 0.019
4 0.207 0.523 0.017 0.018
4 0.765 0.484 0.013 0.018
4 0.739 0.478 0.015 0.015
4 0.737 0.497 0.017 0.018
4 0.752 0.34 0.007 0.012
4 0.739 0.332 0.012 0.012
4 0.735 0.344 0.011 0.014
4 0.868 0.457 0.009 0.016
4 0.852 0.444 0.017 0.013
4 0.848 0.458 0.012 0.014
4 0.566 0.583 0.008 0.018
4 0.548 0.574 0.02 0.016
4 0.547 0.593 0.015 0.014
4 0.664 0.487 0.007 0.014
4 0.635 0.502 0.011 0.016
0 0.166 0.725 0.095 0.177
0 0.549 0.575 0.046 0.076
0 0.586 0.525 0.055 0.126
0 0.638 0.487 0.062 0.124
0 0.746 0.474 0.064 0.087
0 0.855 0.445 0.046 0.079
0 0.743 0.333 0.04 0.073
0 0.211 0.505 0.049 0.081
