4 0.595 0.354 0.026 0.019
4 0.593 0.436 0.024 0.018
4 0.576 0.4 0.009 0.052
4 0.594 0.418 0.009 0.015
4 0.613 0.403 0.008 0.05
2 0.594 0.417 0.114 0.158
4 0.433 0.43 0.024 0.021
1 0.436 0.435 0.041 0.096
4 0.513 0.428 0.017 0.016
4 0.147 0.951 0.033 0.023
4 0.146 0.983 0.024 0.029
4 0.46 0.462 0.011 0.019
4 0.447 0.478 0.017 0.019
4 0.684 0.473 0.018 0.021
0 0.682 0.457 0.051 0.075
0 0.445 0.471 0.053 0.072
0 0.507 0.407 0.075 0.127
0 0.528 0.496 0.08 0.126
4 0.172 0.961 0.012 0.027
0 0.146 0.945 0.072 0.109
