4 0.963 0.38 0.015 0.013
1 0.969 0.387 0.029 0.061
4 0.983 0.882 0.018 0.02
4 0.984 0.855 0.018 0.015
0 0.981 0.866 0.038 0.093
4 0.38 0.397 0.013 0.007
4 0.382 0.406 0.013 0.013
4 0.287 0.515 0.011 0.011
4 0.283 0.53 0.012 0.013
4 0.265 0.53 0.009 0.013
4 0.054 0.544 0.011 0.015
4 0.067 0.56 0.022 0.016
4 0.24 0.534 0.015 0.016
4 0.635 0.41 0.009 0.012
4 0.65 0.41 0.01 0.012
4 0.791 0.487 0.008 0.012
4 0.803 0.502 0.017 0.014
4 0.656 0.624 0.015 0.015
0 0.804 0.484 0.049 0.073
0 0.381 0.398 0.026 0.045
0 0.071 0.531 0.054 0.096
0 0.279 0.523 0.04 0.063
0 0.644 0.4 0.032 0.046
0 0.659 0.607 0.057 0.113
0 0.237 0.524 0.051 0.095
3 0.627 0.052 0.018 0.028
3 0.527 0.115 0.013 0.029
3 0.408 0.089 0.016 0.027
3 0.38 0.089 0.015 0.025
3 0.332 0.117 0.013 0.025
