4 0.618 0.25 0.023 0.019
1 0.613 0.256 0.038 0.086
4 0.782 0.186 0.024 0.015
4 0.804 0.224 0.011 0.065
4 0.782 0.224 0.007 0.055
4 0.759 0.22 0.017 0.062
2 0.78 0.244 0.092 0.143
4 0.486 0.501 0.02 0.022
4 0.418 0.512 0.018 0.021
4 0.506 0.643 0.012 0.032
4 0.465 0.664 0.028 0.026
4 0.342 0.826 0.016 0.026
4 0.316 0.811 0.025 0.021
4 0.305 0.836 0.016 0.028
4 0.409 0.766 0.016 0.026
4 0.355 0.773 0.018 0.025
0 0.326 0.81 0.083 0.133
0 0.385 0.75 0.112 0.207
0 0.475 0.614 0.083 0.157
0 0.486 0.474 0.073 0.135
0 0.42 0.49 0.051 0.088
