4 0.007 0.643 0.015 0.014
1 0.013 0.631 0.025 0.06
4 0.862 0.423 0.014 0.012
4 0.995 0.42 0.01 0.033
2 0.989 0.431 0.021 0.079
1 0.861 0.425 0.018 0.046
4 0.121 0.67 0.009 0.013
4 0.115 0.687 0.013 0.016
4 0.096 0.685 0.007 0.016
4 0.226 0.63 0.009 0.014
4 0.209 0.638 0.011 0.014
4 0.49 0.749 0.009 0.02
4 0.463 0.76 0.009 0.02
4 0.839 0.755 0.016 0.016
4 0.819 0.737 0.009 0.014
4 0.811 0.745 0.009 0.023
0 0.835 0.739 0.057 0.082
0 0.468 0.743 0.064 0.122
0 0.219 0.626 0.038 0.059
0 0.113 0.678 0.042 0.066
0 0.199 0.459 0.044 0.075
