1 0.839 0.108 0.044 0.077
4 0.831 0.103 0.023 0.021
2 0.951 0.095 0.092 0.131
3 0.957 0.04 0.023 0.019
4 0.933 0.075 0.018 0.058
4 0.956 0.076 0.01 0.049
4 0.976 0.075 0.011 0.061
0 0.573 0.407 0.086 0.162
0 0.65 0.543 0.073 0.108
0 0.717 0.673 0.066 0.124
0 0.214 0.686 0.107 0.189
4 0.175 0.725 0.015 0.028
4 0.225 0.741 0.034 0.032
4 0.736 0.687 0.013 0.029
4 0.713 0.678 0.032 0.029
4 0.708 0.703 0.022 0.028
4 0.559 0.424 0.02 0.027
4 0.597 0.424 0.017 0.025
4 0.666 0.56 0.015 0.022
4 0.635 0.562 0.017 0.023
