4 0.893 0.382 0.017 0.013
1 0.89 0.383 0.028 0.054
4 0.018 0.687 0.01 0.02
1 0.035 0.677 0.046 0.076
4 0.225 0.502 0.013 0.014
4 0.171 0.408 0.011 0.013
4 0.394 0.498 0.011 0.015
4 0.37 0.499 0.011 0.015
4 0.648 0.411 0.009 0.009
4 0.662 0.41 0.008 0.014
4 0.824 0.505 0.013 0.013
4 0.845 0.513 0.013 0.013
4 0.82 0.517 0.015 0.015
4 0.581 0.584 0.013 0.018
0 0.832 0.5 0.056 0.068
0 0.163 0.407 0.052 0.076
0 0.224 0.495 0.035 0.054
0 0.378 0.488 0.055 0.095
0 0.576 0.561 0.06 0.12
0 0.653 0.403 0.034 0.045
3 0.507 0.078 0.105 0.156
