3 0.468 0.225 0.06 0.093
4 0.833 0.437 0.015 0.013
1 0.832 0.44 0.024 0.05
4 0.977 0.415 0.017 0.013
4 0.962 0.43 0.014 0.036
4 0.975 0.435 0.009 0.029
4 0.987 0.437 0.009 0.038
2 0.971 0.445 0.057 0.08
4 0.176 0.618 0.018 0.015
4 0.156 0.612 0.013 0.018
4 0.174 0.606 0.018 0.014
4 0.469 0.463 0.01 0.013
4 0.461 0.471 0.011 0.015
4 0.803 0.546 0.011 0.013
4 0.779 0.545 0.01 0.015
4 0.897 0.525 0.01 0.013
4 0.891 0.533 0.008 0.015
4 0.908 0.54 0.011 0.014
4 0.885 0.868 0.019 0.022
4 0.878 0.882 0.013 0.022
4 0.903 0.89 0.013 0.019
0 0.169 0.596 0.055 0.099
0 0.464 0.464 0.028 0.047
0 0.889 0.873 0.048 0.086
0 0.791 0.539 0.054 0.082
0 0.903 0.531 0.037 0.055
