4 0.274 0.533 0.033 0.023
1 0.278 0.515 0.047 0.1
4 0.577 0.422 0.011 0.018
4 0.569 0.442 0.016 0.02
4 0.544 0.438 0.01 0.021
4 0.482 0.977 0.02 0.032
4 0.437 0.982 0.026 0.034
4 0.722 0.379 0.013 0.021
4 0.74 0.4 0.028 0.021
4 0.49 0.548 0.028 0.025
4 0.461 0.529 0.013 0.021
4 0.45 0.546 0.011 0.026
4 0.691 0.457 0.01 0.021
4 0.672 0.441 0.024 0.016
4 0.669 0.462 0.018 0.021
4 0.643 0.473 0.013 0.019
4 0.6 0.475 0.015 0.021
0 0.743 0.364 0.07 0.131
0 0.676 0.441 0.05 0.088
0 0.619 0.458 0.09 0.15
0 0.562 0.427 0.053 0.089
0 0.482 0.521 0.091 0.113
0 0.463 0.943 0.099 0.114
0 0.974 0.359 0.053 0.117
