1 0.011 0.566 0.022 0.073
4 0.278 0.533 0.015 0.012
4 0.294 0.525 0.008 0.012
4 0.529 0.466 0.012 0.014
4 0.501 0.468 0.015 0.014
4 0.526 0.37 0.011 0.011
4 0.53 0.362 0.01 0.007
4 0.667 0.759 0.008 0.016
4 0.636 0.739 0.011 0.019
4 0.644 0.767 0.017 0.02
4 0.965 0.558 0.015 0.014
4 0.936 0.556 0.018 0.018
4 0.276 0.587 0.013 0.016
4 0.26 0.572 0.015 0.014
4 0.254 0.587 0.011 0.013
0 0.269 0.577 0.049 0.065
0 0.647 0.749 0.056 0.08
0 0.945 0.546 0.071 0.108
0 0.512 0.458 0.059 0.093
0 0.533 0.361 0.032 0.043
0 0.283 0.516 0.04 0.066
