3 0.471 0.224 0.091 0.198
4 0.768 0.44 0.009 0.014
1 0.775 0.447 0.027 0.049
4 0.99 0.451 0.011 0.035
2 0.986 0.461 0.028 0.082
4 0.343 0.732 0.008 0.016
4 0.37 0.74 0.012 0.011
4 0.16 0.681 0.007 0.018
4 0.168 0.688 0.008 0.014
4 0.147 0.701 0.018 0.016
4 0.266 0.978 0.014 0.019
4 0.817 0.688 0.011 0.014
4 0.794 0.676 0.012 0.016
4 0.79 0.688 0.014 0.013
4 0.266 0.476 0.01 0.008
4 0.266 0.485 0.009 0.011
4 0.67 0.58 0.011 0.012
4 0.805 0.592 0.011 0.012
4 0.794 0.577 0.009 0.012
4 0.789 0.587 0.009 0.014
0 0.267 0.478 0.026 0.043
0 0.144 0.67 0.057 0.096
0 0.364 0.715 0.058 0.127
0 0.254 0.971 0.059 0.058
0 0.671 0.569 0.043 0.096
0 0.799 0.582 0.035 0.055
0 0.803 0.671 0.059 0.077
