4 0.112 0.515 0.036 0.027
1 0.118 0.497 0.051 0.102
4 0.819 0.373 0.015 0.019
4 0.781 0.37 0.015 0.023
4 0.718 0.893 0.021 0.033
4 0.701 0.927 0.032 0.029
4 0.663 0.912 0.02 0.031
4 0.532 0.452 0.017 0.018
4 0.524 0.472 0.013 0.021
4 0.53 0.376 0.017 0.016
4 0.52 0.39 0.016 0.022
4 0.501 0.578 0.024 0.022
4 0.46 0.559 0.017 0.029
4 0.638 0.441 0.011 0.022
4 0.616 0.447 0.015 0.021
4 0.601 0.472 0.013 0.019
4 0.557 0.471 0.014 0.021
0 0.806 0.357 0.084 0.128
0 0.695 0.896 0.088 0.14
0 0.543 0.355 0.075 0.128
0 0.58 0.454 0.09 0.148
0 0.625 0.428 0.051 0.087
0 0.54 0.462 0.058 0.088
0 0.483 0.539 0.091 0.129
