3 0.64 0.122 0.014 0.021
3 0.601 0.175 0.015 0.028
3 0.585 0.115 0.007 0.012
3 0.585 0.207 0.015 0.019
3 0.432 0.171 0.009 0.016
3 0.362 0.163 0.009 0.014
4 0.788 0.403 0.011 0.012
4 0.989 0.41 0.011 0.032
2 0.987 0.426 0.027 0.075
1 0.794 0.408 0.025 0.046
4 0.208 0.635 0.008 0.014
4 0.191 0.64 0.011 0.013
4 0.184 0.625 0.007 0.013
4 0.869 0.658 0.009 0.014
4 0.841 0.659 0.012 0.015
4 0.823 0.784 0.021 0.021
4 0.795 0.761 0.01 0.023
0 0.85 0.651 0.063 0.104
0 0.813 0.756 0.059 0.082
0 0.194 0.627 0.04 0.058
0 0.159 0.431 0.038 0.072
