3 0.622 0.137 0.017 0.029
3 0.608 0.141 0.01 0.022
3 0.568 0.212 0.02 0.031
3 0.521 0.157 0.01 0.019
3 0.542 0.207 0.018 0.033
3 0.369 0.179 0.01 0.018
3 0.378 0.193 0.011 0.02
3 0.994 0.415 0.012 0.008
4 0.994 0.438 0.005 0.028
4 0.98 0.434 0.012 0.036
2 0.981 0.45 0.038 0.083
4 0.941 0.455 0.014 0.016
1 0.948 0.46 0.03 0.054
4 0.151 0.663 0.016 0.016
4 0.157 0.675 0.011 0.019
4 0.136 0.676 0.011 0.016
4 0.096 0.611 0.009 0.012
4 0.107 0.623 0.013 0.015
4 0.831 0.75 0.013 0.019
4 0.806 0.744 0.019 0.019
4 0.803 0.76 0.019 0.018
4 0.727 0.708 0.013 0.015
4 0.659 0.531 0.008 0.013
4 0.664 0.541 0.007 0.012
4 0.649 0.541 0.011 0.012
4 0.982 0.932 0.013 0.019
4 0.976 0.958 0.017 0.02
4 0.946 0.944 0.011 0.02
0 0.966 0.941 0.068 0.097
0 0.812 0.736 0.063 0.083
0 0.729 0.696 0.054 0.11
0 0.652 0.531 0.036 0.055
0 0.105 0.61 0.037 0.056
0 0.146 0.663 0.044 0.068
