3 0.514 0.075 0.021 0.043
3 0.495 0.085 0.019 0.031
3 0.622 0.149 0.013 0.022
3 0.603 0.146 0.008 0.013
3 0.602 0.168 0.01 0.013
3 0.599 0.194 0.012 0.023
3 0.591 0.196 0.011 0.012
3 0.573 0.232 0.011 0.018
3 0.479 0.17 0.011 0.019
3 0.452 0.145 0.009 0.018
3 0.398 0.164 0.01 0.013
3 0.422 0.194 0.009 0.015
3 0.353 0.197 0.011 0.019
4 0.923 0.444 0.013 0.013
4 0.995 0.417 0.009 0.011
4 0.997 0.436 0.005 0.032
4 0.984 0.434 0.012 0.034
2 0.983 0.449 0.034 0.076
1 0.929 0.451 0.028 0.052
4 0.296 0.455 0.009 0.008
4 0.3 0.462 0.009 0.013
4 0.283 0.461 0.013 0.012
4 0.428 0.545 0.008 0.013
4 0.406 0.555 0.011 0.013
4 0.065 0.517 0.013 0.013
4 0.174 0.651 0.018 0.012
4 0.188 0.652 0.009 0.013
4 0.173 0.665 0.015 0.013
4 0.92 0.53 0.009 0.015
4 0.93 0.545 0.011 0.014
4 0.912 0.538 0.008 0.013
4 0.882 0.663 0.011 0.014
4 0.873 0.647 0.009 0.014
4 0.866 0.654 0.006 0.014
4 0.923 0.655 0.013 0.013
4 0.835 0.81 0.016 0.015
4 0.802 0.812 0.015 0.02
0 0.928 0.533 0.04 0.053
0 0.922 0.643 0.051 0.099
0 0.88 0.651 0.036 0.056
0 0.82 0.796 0.067 0.086
0 0.288 0.445 0.042 0.066
0 0.412 0.542 0.058 0.084
0 0.064 0.506 0.035 0.058
0 0.177 0.651 0.037 0.061
