4 0.607 0.363 0.022 0.016
1 0.61 0.369 0.035 0.089
4 0.753 0.3 0.02 0.015
4 0.751 0.372 0.022 0.019
4 0.788 0.346 0.009 0.06
4 0.753 0.336 0.013 0.056
4 0.716 0.34 0.015 0.062
2 0.749 0.356 0.092 0.142
4 0.276 0.681 0.018 0.026
4 0.286 0.7 0.017 0.025
4 0.245 0.701 0.025 0.021
4 0.664 0.713 0.014 0.027
4 0.438 0.427 0.015 0.019
4 0.432 0.41 0.017 0.015
4 0.416 0.423 0.013 0.018
4 0.404 0.606 0.013 0.022
4 0.448 0.608 0.015 0.021
4 0.362 0.797 0.03 0.018
4 0.362 0.823 0.018 0.026
4 0.495 0.423 0.01 0.02
4 0.503 0.436 0.01 0.022
4 0.481 0.442 0.017 0.015
0 0.429 0.594 0.095 0.155
0 0.362 0.797 0.055 0.104
0 0.259 0.657 0.099 0.153
0 0.485 0.421 0.054 0.081
0 0.423 0.418 0.049 0.068
0 0.687 0.705 0.087 0.167
