3 0.408 0.263 0.052 0.087
4 0.749 0.438 0.016 0.014
1 0.747 0.438 0.022 0.046
4 0.852 0.414 0.015 0.013
4 0.862 0.434 0.007 0.035
4 0.851 0.432 0.009 0.028
4 0.84 0.428 0.013 0.031
2 0.848 0.441 0.05 0.077
4 0.312 0.54 0.016 0.014
4 0.7 0.597 0.012 0.015
4 0.679 0.586 0.011 0.019
4 0.696 0.635 0.017 0.014
4 0.695 0.647 0.013 0.013
4 0.791 0.519 0.01 0.014
4 0.786 0.528 0.009 0.014
4 0.8 0.532 0.014 0.014
0 0.569 0.733 0.063 0.121
0 0.309 0.528 0.044 0.075
0 0.694 0.573 0.043 0.069
0 0.698 0.63 0.032 0.059
0 0.797 0.521 0.036 0.053
