4 0.814 0.732 0.018 0.029
4 0.769 0.726 0.028 0.026
4 0.756 0.691 0.015 0.02
4 0.743 0.641 0.017 0.02
4 0.507 0.624 0.011 0.019
4 0.472 0.602 0.014 0.019
4 0.348 0.395 0.01 0.02
4 0.383 0.4 0.014 0.019
4 0.14 0.841 0.018 0.028
4 0.101 0.854 0.029 0.023
4 0.078 0.485 0.03 0.021
1 0.085 0.469 0.046 0.094
4 0.645 0.233 0.007 0.018
4 0.623 0.234 0.018 0.015
4 0.485 0.562 0.017 0.021
4 0.524 0.559 0.013 0.019
0 0.754 0.651 0.057 0.084
0 0.113 0.828 0.085 0.121
0 0.624 0.207 0.054 0.097
0 0.781 0.698 0.096 0.133
0 0.495 0.531 0.086 0.134
0 0.487 0.614 0.062 0.089
0 0.37 0.386 0.078 0.133
