4 0.776 0.345 0.012 0.013
1 0.781 0.347 0.027 0.045
4 0.975 0.895 0.018 0.018
0 0.976 0.875 0.047 0.088
4 0.376 0.397 0.012 0.012
4 0.288 0.503 0.009 0.011
4 0.283 0.516 0.013 0.012
4 0.266 0.519 0.008 0.014
4 0.303 0.46 0.017 0.016
4 0.301 0.594 0.01 0.012
4 0.274 0.601 0.014 0.016
4 0.678 0.39 0.007 0.011
4 0.687 0.4 0.011 0.012
4 0.673 0.398 0.007 0.012
4 0.833 0.568 0.018 0.016
4 0.799 0.658 0.008 0.018
4 0.77 0.664 0.014 0.018
0 0.834 0.546 0.044 0.075
0 0.376 0.389 0.024 0.045
0 0.298 0.442 0.046 0.079
0 0.278 0.59 0.062 0.113
0 0.684 0.391 0.035 0.048
0 0.774 0.654 0.062 0.124
0 0.279 0.508 0.037 0.053
3 0.62 0.044 0.02 0.028
3 0.566 0.09 0.012 0.022
3 0.55 0.113 0.018 0.036
3 0.425 0.059 0.011 0.027
3 0.413 0.096 0.015 0.034
3 0.312 0.11 0.012 0.025
