4 0.29 0.285 0.029 0.018
4 0.954 0.37 0.02 0.026
4 0.356 0.393 0.011 0.082
4 0.315 0.341 0.012 0.062
4 0.268 0.338 0.009 0.059
4 0.293 0.33 0.011 0.07
4 0.293 0.389 0.025 0.018
4 0.222 0.391 0.011 0.079
2 0.289 0.362 0.149 0.199
4 0.609 0.401 0.027 0.025
1 0.618 0.397 0.05 0.117
4 0.369 0.578 0.013 0.025
4 0.336 0.596 0.022 0.026
4 0.462 0.379 0.009 0.021
4 0.43 0.378 0.029 0.016
4 0.43 0.401 0.03 0.02
4 0.595 0.664 0.021 0.029
4 0.653 0.658 0.017 0.028
4 0.371 0.687 0.023 0.034
4 0.524 0.599 0.022 0.026
4 0.524 0.645 0.02 0.025
4 0.563 0.65 0.015 0.031
0 0.55 0.728 0.079 0.136
0 0.402 0.66 0.124 0.157
0 0.535 0.619 0.082 0.124
0 0.958 0.354 0.084 0.167
4 0.511 0.173 0.011 0.02
0 0.493 0.159 0.053 0.079
0 0.349 0.563 0.073 0.129
0 0.622 0.633 0.121 0.225
0 0.432 0.341 0.08 0.168
