3 0.255 0.052 0.016 0.079
4 0.607 0.368 0.02 0.018
1 0.603 0.372 0.03 0.069
4 0.769 0.313 0.019 0.015
4 0.788 0.344 0.011 0.054
4 0.768 0.342 0.007 0.046
4 0.75 0.341 0.013 0.055
2 0.765 0.36 0.079 0.119
4 0.474 0.568 0.015 0.016
4 0.446 0.554 0.008 0.016
4 0.375 0.624 0.018 0.021
4 0.336 0.631 0.016 0.021
4 0.321 0.55 0.012 0.015
4 0.389 0.571 0.01 0.015
4 0.379 0.587 0.015 0.012
4 0.993 0.728 0.014 0.025
4 0.659 0.499 0.012 0.018
4 0.676 0.518 0.015 0.021
4 0.651 0.513 0.011 0.016
0 0.327 0.535 0.044 0.063
0 0.979 0.707 0.042 0.149
0 0.38 0.569 0.042 0.061
0 0.671 0.5 0.055 0.08
0 0.47 0.549 0.063 0.126
0 0.357 0.596 0.079 0.126
