3 0.623 0.19 0.016 0.023
3 0.604 0.212 0.009 0.02
3 0.569 0.214 0.015 0.023
3 0.581 0.188 0.007 0.014
3 0.449 0.242 0.017 0.031
3 0.411 0.238 0.018 0.027
3 0.395 0.197 0.011 0.021
3 0.475 0.19 0.008 0.015
4 0.791 0.462 0.013 0.012
1 0.79 0.462 0.021 0.043
4 0.948 0.442 0.015 0.012
4 0.936 0.458 0.011 0.032
4 0.947 0.461 0.007 0.031
4 0.958 0.462 0.01 0.038
2 0.945 0.472 0.051 0.08
4 0.206 0.663 0.011 0.018
4 0.212 0.671 0.01 0.019
4 0.189 0.678 0.02 0.014
4 0.326 0.674 0.013 0.016
4 0.35 0.669 0.01 0.019
4 0.414 0.479 0.011 0.011
4 0.416 0.488 0.01 0.013
4 0.158 0.499 0.011 0.013
3 0.543 0.301 0.016 0.026
4 0.143 0.505 0.011 0.013
4 0.776 0.57 0.008 0.012
4 0.756 0.56 0.007 0.015
4 0.674 0.887 0.018 0.018
4 0.884 0.558 0.009 0.013
4 0.88 0.566 0.009 0.014
4 0.895 0.571 0.011 0.013
0 0.891 0.56 0.038 0.053
0 0.676 0.867 0.034 0.073
0 0.768 0.559 0.046 0.074
0 0.414 0.478 0.023 0.045
0 0.153 0.495 0.034 0.049
0 0.334 0.658 0.053 0.101
0 0.193 0.653 0.055 0.086
