3 0.399 0.175 0.017 0.026
3 0.44 0.186 0.017 0.032
3 0.531 0.123 0.013 0.027
3 0.556 0.171 0.013 0.02
3 0.433 0.073 0.009 0.015
3 0.562 0.129 0.01 0.016
3 0.571 0.085 0.009 0.013
3 0.617 0.086 0.016 0.028
4 0.837 0.462 0.013 0.009
1 0.836 0.462 0.025 0.049
4 0.993 0.454 0.014 0.036
2 0.987 0.471 0.026 0.081
4 0.325 0.698 0.009 0.013
4 0.295 0.706 0.009 0.015
4 0.162 0.684 0.008 0.015
4 0.171 0.692 0.007 0.015
4 0.15 0.706 0.019 0.015
4 0.269 0.985 0.011 0.021
4 0.803 0.682 0.01 0.015
4 0.779 0.69 0.013 0.015
4 0.274 0.479 0.006 0.007
4 0.271 0.489 0.009 0.011
4 0.257 0.489 0.007 0.013
4 0.692 0.577 0.005 0.014
4 0.673 0.582 0.011 0.014
4 0.811 0.596 0.009 0.012
4 0.798 0.585 0.011 0.008
4 0.793 0.596 0.009 0.011
0 0.254 0.976 0.061 0.048
0 0.267 0.484 0.03 0.049
0 0.147 0.676 0.057 0.099
0 0.305 0.689 0.061 0.113
0 0.673 0.572 0.044 0.086
0 0.803 0.588 0.039 0.049
0 0.789 0.669 0.057 0.077
