4 0.59 0.32 0.023 0.016
1 0.595 0.325 0.037 0.077
4 0.722 0.262 0.02 0.015
4 0.74 0.295 0.011 0.06
4 0.72 0.295 0.007 0.05
4 0.7 0.292 0.013 0.054
2 0.719 0.316 0.081 0.126
4 0.449 0.536 0.016 0.02
4 0.403 0.54 0.013 0.014
4 0.4 0.561 0.015 0.016
4 0.374 0.563 0.013 0.02
4 0.454 0.661 0.009 0.029
4 0.421 0.686 0.03 0.02
4 0.219 0.924 0.018 0.018
4 0.322 0.922 0.022 0.022
4 0.282 0.901 0.011 0.029
0 0.451 0.517 0.068 0.13
0 0.39 0.545 0.056 0.081
0 0.425 0.642 0.071 0.136
0 0.32 0.891 0.1 0.201
0 0.235 0.928 0.072 0.126
