4 0.333 0.346 0.03 0.019
4 0.459 0.327 0.02 0.014
4 0.478 0.345 0.014 0.018
4 0.453 0.342 0.013 0.021
4 0.388 0.361 0.015 0.018
4 0.433 0.359 0.014 0.021
4 0.398 0.467 0.009 0.059
4 0.359 0.404 0.013 0.063
4 0.335 0.394 0.017 0.069
4 0.311 0.399 0.01 0.056
4 0.335 0.45 0.025 0.021
4 0.267 0.462 0.009 0.062
2 0.333 0.424 0.141 0.194
4 0.651 0.469 0.026 0.026
1 0.661 0.462 0.05 0.115
4 0.161 0.505 0.017 0.026
4 0.173 0.523 0.011 0.025
4 0.141 0.532 0.022 0.026
4 0.507 0.499 0.015 0.027
4 0.472 0.492 0.027 0.019
4 0.468 0.516 0.028 0.023
4 0.637 0.797 0.024 0.029
4 0.582 0.758 0.012 0.035
4 0.549 0.778 0.019 0.032
4 0.362 0.6 0.015 0.029
4 0.408 0.627 0.028 0.029
0 0.56 0.749 0.077 0.124
0 0.628 0.734 0.119 0.225
0 0.145 0.517 0.075 0.102
0 0.409 0.346 0.092 0.155
0 0.467 0.328 0.057 0.09
0 0.478 0.458 0.088 0.171
0 0.392 0.582 0.099 0.146
