3 0.022 0.446 0.022 0.026
4 0.373 0.535 0.024 0.022
1 0.38 0.523 0.044 0.087
4 0.051 0.488 0.018 0.072
4 0.022 0.487 0.008 0.054
2 0.043 0.514 0.086 0.169
4 0.623 0.535 0.01 0.018
4 0.586 0.536 0.012 0.015
4 0.443 0.551 0.018 0.02
4 0.403 0.559 0.016 0.021
4 0.562 0.46 0.018 0.013
4 0.558 0.476 0.013 0.018
4 0.865 0.448 0.007 0.013
4 0.852 0.462 0.013 0.013
4 0.396 0.594 0.007 0.019
4 0.363 0.608 0.014 0.019
4 0.434 0.62 0.021 0.013
4 0.432 0.638 0.013 0.018
0 0.42 0.524 0.077 0.126
0 0.854 0.447 0.045 0.068
0 0.568 0.464 0.048 0.075
0 0.605 0.519 0.074 0.135
0 0.434 0.614 0.047 0.084
0 0.367 0.589 0.071 0.14
