3 0.063 0.404 0.024 0.014
1 0.287 0.42 0.042 0.083
4 0.091 0.442 0.02 0.073
4 0.062 0.442 0.009 0.056
4 0.055 0.448 0.005 0.052
4 0.036 0.442 0.013 0.065
2 0.067 0.471 0.114 0.169
4 0.488 0.457 0.011 0.015
4 0.455 0.451 0.01 0.018
4 0.444 0.311 0.011 0.012
4 0.42 0.319 0.013 0.018
4 0.978 0.717 0.022 0.02
4 0.94 0.695 0.019 0.021
4 0.931 0.715 0.018 0.028
4 0.843 0.273 0.008 0.015
4 0.829 0.284 0.012 0.014
4 0.351 0.569 0.015 0.013
4 0.421 0.527 0.015 0.019
4 0.428 0.543 0.009 0.014
4 0.401 0.545 0.011 0.016
0 0.343 0.494 0.058 0.11
0 0.434 0.303 0.05 0.077
0 0.473 0.438 0.07 0.134
0 0.411 0.526 0.059 0.081
0 0.35 0.549 0.071 0.137
0 0.833 0.274 0.04 0.059
0 0.954 0.691 0.092 0.122
