1 0.8 0.386 0.027 0.055
4 0.799 0.381 0.016 0.015
3 0.348 0.059 0.072 0.117
3 0.559 0.121 0.138 0.216
0 0.208 0.565 0.067 0.113
0 0.364 0.487 0.034 0.055
0 0.206 0.404 0.05 0.072
0 0.857 0.401 0.031 0.054
0 0.947 0.892 0.065 0.103
0 0.576 0.501 0.057 0.101
4 0.191 0.577 0.011 0.018
4 0.221 0.574 0.013 0.016
4 0.217 0.418 0.012 0.014
4 0.221 0.427 0.013 0.014
4 0.201 0.428 0.017 0.016
4 0.361 0.5 0.011 0.014
0 0.398 0.414 0.032 0.054
4 0.389 0.424 0.009 0.014
4 0.405 0.421 0.01 0.012
4 0.926 0.892 0.013 0.028
4 0.952 0.915 0.019 0.027
