4 0.607 0.396 0.02 0.018
1 0.602 0.4 0.03 0.073
4 0.77 0.341 0.018 0.013
4 0.788 0.372 0.011 0.054
4 0.769 0.373 0.006 0.045
4 0.751 0.369 0.015 0.053
2 0.766 0.389 0.076 0.115
4 0.475 0.597 0.016 0.02
4 0.447 0.582 0.006 0.018
4 0.387 0.66 0.02 0.02
4 0.348 0.667 0.018 0.021
4 0.198 0.596 0.017 0.018
4 0.66 0.529 0.014 0.018
4 0.676 0.546 0.016 0.018
4 0.651 0.54 0.01 0.018
0 0.192 0.583 0.049 0.07
0 0.352 0.586 0.043 0.075
0 0.671 0.528 0.054 0.08
0 0.472 0.576 0.063 0.123
0 0.368 0.634 0.077 0.122
