3 0.483 0.074 0.108 0.148
3 0.395 0.036 0.074 0.072
4 0.979 0.398 0.018 0.015
1 0.979 0.401 0.028 0.058
4 0.833 0.431 0.013 0.014
4 0.823 0.417 0.013 0.012
4 0.398 0.43 0.01 0.012
4 0.408 0.44 0.012 0.013
4 0.393 0.438 0.007 0.013
4 0.411 0.494 0.009 0.013
4 0.4 0.504 0.011 0.014
4 0.366 0.536 0.009 0.016
4 0.338 0.54 0.012 0.016
0 0.99 0.967 0.019 0.066
0 0.597 0.519 0.07 0.113
0 0.056 0.435 0.044 0.075
0 0.346 0.531 0.063 0.103
0 0.404 0.492 0.038 0.054
0 0.405 0.433 0.032 0.043
0 0.833 0.423 0.036 0.047
