3 0.459 0.103 0.11 0.207
4 0.833 0.408 0.014 0.015
1 0.84 0.413 0.03 0.056
4 0.682 0.455 0.007 0.014
4 0.669 0.458 0.013 0.013
4 0.756 0.581 0.011 0.016
4 0.728 0.578 0.012 0.018
4 0.114 0.461 0.014 0.014
4 0.229 0.578 0.013 0.015
4 0.215 0.573 0.007 0.014
4 0.466 0.559 0.013 0.014
4 0.105 0.712 0.02 0.015
4 0.111 0.729 0.022 0.02
4 0.076 0.725 0.017 0.019
0 0.115 0.451 0.032 0.048
0 0.739 0.57 0.065 0.1
0 0.671 0.447 0.033 0.049
0 0.465 0.536 0.051 0.12
0 0.226 0.565 0.034 0.063
0 0.095 0.692 0.079 0.116
