4 0.837 0.355 0.017 0.015
1 0.836 0.358 0.028 0.054
4 0.983 0.88 0.029 0.021
4 0.986 0.904 0.018 0.015
0 0.977 0.881 0.047 0.099
4 0.342 0.465 0.01 0.012
4 0.326 0.466 0.009 0.012
4 0.244 0.375 0.013 0.013
4 0.246 0.386 0.016 0.013
4 0.227 0.38 0.009 0.015
4 0.635 0.388 0.008 0.013
4 0.65 0.39 0.009 0.013
4 0.868 0.589 0.013 0.018
4 0.899 0.593 0.013 0.016
0 0.881 0.582 0.075 0.114
0 0.4 0.379 0.031 0.042
0 0.239 0.362 0.046 0.077
0 0.337 0.457 0.036 0.054
0 0.641 0.382 0.035 0.048
3 0.619 0.03 0.018 0.027
3 0.567 0.083 0.017 0.027
3 0.345 0.092 0.011 0.022
3 0.349 0.109 0.02 0.032
