4 0.295 0.293 0.03 0.021
4 0.361 0.4 0.01 0.083
4 0.32 0.347 0.013 0.061
4 0.298 0.339 0.02 0.069
4 0.273 0.345 0.011 0.058
4 0.297 0.396 0.025 0.022
4 0.228 0.401 0.012 0.076
2 0.294 0.372 0.149 0.196
4 0.614 0.413 0.026 0.025
1 0.624 0.403 0.049 0.114
4 0.442 0.427 0.029 0.016
4 0.443 0.451 0.03 0.022
4 0.408 0.425 0.011 0.019
4 0.506 0.663 0.015 0.033
4 0.36 0.608 0.032 0.028
4 0.315 0.573 0.015 0.034
0 0.292 0.522 0.067 0.127
0 0.497 0.736 0.094 0.142
0 0.551 0.65 0.121 0.211
0 0.439 0.389 0.08 0.164
0 0.351 0.562 0.099 0.147
4 0.518 0.179 0.011 0.02
0 0.496 0.166 0.055 0.079
