3 0.594 0.188 0.017 0.023
3 0.667 0.18 0.013 0.022
3 0.578 0.123 0.016 0.028
3 0.57 0.075 0.011 0.02
3 0.487 0.231 0.016 0.027
3 0.494 0.309 0.018 0.029
3 0.457 0.171 0.013 0.02
3 0.392 0.18 0.014 0.023
3 0.383 0.193 0.02 0.033
4 0.837 0.45 0.011 0.011
4 0.023 0.682 0.019 0.019
1 0.835 0.451 0.023 0.053
1 0.028 0.675 0.037 0.068
4 0.987 0.43 0.013 0.011
4 0.973 0.447 0.011 0.031
4 0.985 0.451 0.007 0.023
4 0.998 0.452 0.004 0.032
2 0.98 0.46 0.04 0.08
4 0.288 0.553 0.012 0.007
4 0.29 0.564 0.008 0.008
4 0.279 0.559 0.007 0.014
4 0.623 0.768 0.014 0.016
4 0.603 0.788 0.018 0.016
4 0.196 0.668 0.01 0.016
4 0.953 0.912 0.01 0.015
4 0.926 0.912 0.013 0.021
4 0.81 0.622 0.011 0.014
4 0.239 0.816 0.016 0.016
0 0.235 0.811 0.043 0.059
0 0.194 0.651 0.031 0.06
0 0.287 0.552 0.03 0.048
0 0.613 0.772 0.061 0.086
4 0.634 0.788 0.009 0.018
0 0.808 0.612 0.047 0.09
0 0.931 0.901 0.055 0.084
