4 0.09 0.411 0.031 0.018
4 0.148 0.481 0.014 0.069
4 0.114 0.461 0.013 0.055
4 0.095 0.454 0.017 0.063
4 0.069 0.464 0.01 0.058
4 0.03 0.488 0.008 0.08
2 0.092 0.482 0.139 0.184
1 0.333 0.46 0.043 0.093
4 0.532 0.685 0.011 0.021
4 0.418 0.732 0.015 0.026
4 0.386 0.747 0.02 0.027
4 0.815 0.961 0.009 0.028
4 0.733 0.511 0.024 0.015
4 0.732 0.532 0.026 0.021
4 0.82 0.647 0.019 0.018
4 0.831 0.668 0.018 0.027
4 0.789 0.656 0.027 0.026
4 0.641 0.699 0.022 0.022
4 0.838 0.553 0.017 0.019
4 0.81 0.547 0.014 0.021
4 0.792 0.437 0.007 0.016
0 0.642 0.678 0.064 0.101
0 0.858 0.92 0.113 0.16
0 0.55 0.674 0.06 0.094
0 0.734 0.489 0.063 0.129
0 0.401 0.719 0.074 0.108
0 0.767 0.43 0.073 0.135
0 0.825 0.534 0.066 0.089
0 0.802 0.64 0.101 0.129
4 0.095 0.507 0.022 0.019
