4 0.253 0.527 0.023 0.019
1 0.261 0.513 0.045 0.082
2 0.014 0.539 0.028 0.131
4 0.357 0.616 0.015 0.019
4 0.532 0.594 0.02 0.016
4 0.507 0.575 0.011 0.023
4 0.5 0.589 0.012 0.018
4 0.171 0.51 0.015 0.018
4 0.668 0.597 0.013 0.019
4 0.66 0.613 0.011 0.023
4 0.696 0.615 0.019 0.016
4 0.714 0.32 0.012 0.013
4 0.718 0.305 0.009 0.012
4 0.696 0.321 0.009 0.015
4 0.785 0.418 0.014 0.014
4 0.8 0.428 0.005 0.019
4 0.782 0.432 0.013 0.016
4 0.487 0.57 0.011 0.019
4 0.478 0.552 0.013 0.019
4 0.459 0.571 0.009 0.02
0 0.175 0.496 0.05 0.076
0 0.707 0.312 0.043 0.062
0 0.787 0.418 0.044 0.062
0 0.686 0.592 0.083 0.102
0 0.563 0.484 0.074 0.128
0 0.528 0.55 0.073 0.13
0 0.469 0.556 0.055 0.079
0 0.361 0.612 0.072 0.133
4 0.541 0.496 0.01 0.018
4 0.577 0.497 0.011 0.013
