3 0.646 0.143 0.015 0.023
3 0.62 0.14 0.007 0.011
3 0.622 0.167 0.01 0.018
3 0.586 0.238 0.016 0.023
3 0.449 0.141 0.012 0.019
3 0.426 0.145 0.01 0.013
3 0.414 0.195 0.011 0.018
3 0.388 0.214 0.011 0.018
3 0.499 0.17 0.014 0.025
4 0.081 0.724 0.009 0.023
1 0.095 0.718 0.039 0.07
4 0.904 0.444 0.014 0.013
4 0.995 0.422 0.01 0.011
4 0.996 0.442 0.006 0.031
4 0.983 0.438 0.012 0.034
2 0.983 0.454 0.035 0.079
1 0.903 0.445 0.02 0.046
4 0.296 0.46 0.011 0.009
4 0.3 0.468 0.009 0.012
4 0.283 0.467 0.012 0.012
4 0.483 0.577 0.012 0.014
4 0.215 0.475 0.011 0.012
4 0.228 0.475 0.009 0.012
4 0.18 0.669 0.013 0.014
4 0.161 0.673 0.009 0.013
4 0.915 0.535 0.009 0.014
4 0.926 0.548 0.011 0.012
4 0.909 0.543 0.007 0.013
4 0.835 0.801 0.011 0.02
4 0.823 0.817 0.02 0.015
4 0.793 0.807 0.009 0.022
0 0.923 0.535 0.036 0.052
0 0.818 0.8 0.062 0.086
0 0.483 0.558 0.044 0.104
0 0.288 0.45 0.042 0.063
0 0.221 0.465 0.026 0.043
0 0.175 0.658 0.046 0.062
