4 0.439 0.58 0.017 0.02
4 0.4 0.568 0.01 0.019
4 0.417 0.261 0.008 0.016
4 0.39 0.25 0.009 0.009
4 0.397 0.265 0.013 0.014
4 0.494 0.394 0.011 0.014
4 0.474 0.383 0.015 0.016
4 0.47 0.402 0.013 0.018
4 0.265 0.559 0.016 0.025
4 0.275 0.579 0.015 0.025
4 0.233 0.579 0.022 0.02
4 0.743 0.834 0.026 0.026
4 0.717 0.794 0.015 0.027
4 0.618 0.698 0.012 0.02
4 0.601 0.731 0.02 0.018
0 0.401 0.256 0.048 0.068
0 0.482 0.384 0.053 0.077
0 0.245 0.533 0.098 0.146
0 0.427 0.555 0.086 0.163
0 0.601 0.707 0.063 0.1
4 0.576 0.714 0.007 0.016
0 0.744 0.799 0.098 0.14
