4 0.649 0.244 0.023 0.02
1 0.658 0.25 0.043 0.087
4 0.792 0.177 0.024 0.014
4 0.814 0.215 0.013 0.066
4 0.79 0.215 0.007 0.053
4 0.769 0.211 0.018 0.063
2 0.787 0.237 0.096 0.143
4 0.513 0.478 0.01 0.026
4 0.474 0.494 0.02 0.021
4 0.348 0.491 0.018 0.019
4 0.397 0.646 0.02 0.026
4 0.35 0.817 0.017 0.026
4 0.323 0.8 0.022 0.018
4 0.313 0.825 0.018 0.026
4 0.472 0.735 0.017 0.028
4 0.421 0.735 0.015 0.028
0 0.335 0.796 0.081 0.13
0 0.451 0.709 0.11 0.198
0 0.412 0.593 0.087 0.148
0 0.48 0.471 0.083 0.149
0 0.35 0.474 0.056 0.082
