3 0.639 0.05 0.019 0.029
3 0.588 0.049 0.009 0.014
3 0.519 0.089 0.015 0.028
3 0.366 0.058 0.015 0.018
3 0.453 0.174 0.018 0.034
3 0.443 0.184 0.019 0.038
3 0.349 0.016 0.028 0.033
3 0.403 0.015 0.044 0.031
3 0.603 0.008 0.021 0.017
4 0.872 0.359 0.017 0.013
4 0.626 0.489 0.009 0.015
4 0.394 0.654 0.015 0.018
4 0.321 0.681 0.014 0.016
4 0.315 0.697 0.012 0.02
4 0.343 0.695 0.02 0.019
1 0.023 0.68 0.046 0.08
1 0.87 0.36 0.026 0.05
0 0.382 0.637 0.067 0.127
0 0.335 0.657 0.068 0.128
0 0.617 0.467 0.054 0.101
