3 0.991 0.349 0.015 0.012
4 0.989 0.369 0.007 0.029
4 0.976 0.365 0.013 0.033
2 0.981 0.383 0.038 0.086
4 0.783 0.363 0.013 0.011
1 0.788 0.368 0.027 0.05
4 0.714 0.53 0.01 0.013
4 0.74 0.532 0.009 0.013
4 0.836 0.648 0.015 0.016
4 0.83 0.66 0.017 0.02
4 0.858 0.658 0.013 0.015
4 0.613 0.435 0.008 0.012
4 0.604 0.423 0.012 0.012
4 0.601 0.431 0.009 0.013
4 0.923 0.851 0.012 0.031
4 0.202 0.532 0.016 0.012
4 0.205 0.543 0.011 0.014
4 0.189 0.539 0.007 0.012
4 0.32 0.56 0.008 0.013
4 0.294 0.562 0.009 0.016
0 0.198 0.531 0.036 0.059
0 0.305 0.553 0.057 0.099
0 0.608 0.428 0.034 0.046
0 0.726 0.521 0.052 0.092
0 0.843 0.641 0.059 0.083
0 0.932 0.857 0.055 0.081
3 0.35 0.174 0.017 0.025
3 0.345 0.122 0.013 0.021
3 0.559 0.106 0.015 0.032
3 0.581 0.136 0.017 0.025
3 0.628 0.064 0.017 0.027
3 0.445 0.111 0.015 0.025
