1 0.42 0.563 0.051 0.1
0 0.366 0.632 0.071 0.097
0 0.454 0.462 0.051 0.093
0 0.608 0.429 0.075 0.123
0 0.738 0.536 0.093 0.161
0 0.622 0.583 0.083 0.16
0 0.607 0.686 0.09 0.121
0 0.461 0.315 0.051 0.081
4 0.59 0.599 0.011 0.027
4 0.623 0.45 0.019 0.021
4 0.598 0.463 0.02 0.022
4 0.631 0.468 0.018 0.026
4 0.459 0.462 0.023 0.02
4 0.465 0.479 0.016 0.018
4 0.44 0.471 0.012 0.019
4 0.466 0.319 0.022 0.018
4 0.47 0.341 0.018 0.02
4 0.448 0.33 0.012 0.021
4 0.588 0.694 0.016 0.033
4 0.62 0.715 0.028 0.028
4 0.574 0.707 0.016 0.034
4 0.356 0.631 0.022 0.025
4 0.717 0.546 0.013 0.025
4 0.761 0.552 0.015 0.026
