3 0.438 0.112 0.102 0.199
3 0.317 0.016 0.046 0.033
4 0.821 0.385 0.016 0.012
4 0.991 0.376 0.014 0.041
2 0.985 0.387 0.03 0.09
1 0.819 0.389 0.028 0.053
4 0.346 0.416 0.011 0.012
4 0.14 0.425 0.017 0.014
4 0.127 0.42 0.009 0.011
4 0.427 0.552 0.013 0.015
4 0.983 0.884 0.023 0.019
4 0.991 0.907 0.015 0.022
4 0.958 0.893 0.015 0.021
4 0.883 0.601 0.012 0.016
4 0.853 0.6 0.014 0.014
4 0.605 0.417 0.01 0.014
0 0.603 0.407 0.032 0.042
0 0.968 0.884 0.063 0.096
0 0.866 0.591 0.071 0.109
0 0.427 0.523 0.052 0.128
0 0.137 0.4 0.046 0.076
0 0.345 0.407 0.032 0.05
