4 0.901 0.17 0.027 0.018
1 0.895 0.173 0.046 0.09
4 0.463 0.883 0.021 0.026
4 0.016 0.389 0.015 0.018
4 0.026 0.406 0.017 0.021
4 0.558 0.406 0.013 0.025
4 0.576 0.428 0.023 0.021
4 0.614 0.426 0.011 0.026
4 0.145 0.336 0.009 0.019
4 0.133 0.354 0.017 0.018
4 0.513 0.481 0.011 0.022
4 0.504 0.511 0.017 0.021
4 0.476 0.501 0.01 0.018
4 0.771 0.646 0.02 0.022
4 0.776 0.613 0.013 0.021
4 0.732 0.634 0.017 0.022
0 0.467 0.843 0.097 0.244
0 0.759 0.619 0.077 0.109
0 0.582 0.408 0.079 0.12
0 0.498 0.493 0.065 0.094
0 0.251 0.367 0.055 0.1
0 0.175 0.338 0.066 0.127
0 0.135 0.345 0.059 0.106
0 0.021 0.394 0.042 0.092
