3 0.638 0.208 0.009 0.018
3 0.611 0.149 0.013 0.02
3 0.58 0.147 0.008 0.013
3 0.57 0.171 0.009 0.013
3 0.523 0.224 0.011 0.018
3 0.513 0.221 0.012 0.031
3 0.465 0.169 0.011 0.023
3 0.444 0.175 0.009 0.019
3 0.426 0.181 0.009 0.012
3 0.42 0.163 0.009 0.012
3 0.412 0.207 0.011 0.014
4 0.07 0.715 0.008 0.023
1 0.086 0.708 0.041 0.073
4 0.852 0.437 0.015 0.012
4 0.995 0.432 0.01 0.033
2 0.989 0.445 0.022 0.076
1 0.85 0.44 0.021 0.047
4 0.195 0.592 0.017 0.014
4 0.316 0.544 0.011 0.013
4 0.113 0.519 0.01 0.012
4 0.12 0.525 0.009 0.013
4 0.1 0.531 0.013 0.012
4 0.164 0.603 0.009 0.012
4 0.17 0.613 0.007 0.014
4 0.153 0.617 0.012 0.012
4 0.62 0.816 0.018 0.014
4 0.619 0.833 0.013 0.016
4 0.574 0.8 0.014 0.018
4 0.832 0.57 0.012 0.013
4 0.813 0.561 0.013 0.014
4 0.809 0.57 0.013 0.014
0 0.823 0.559 0.05 0.065
0 0.619 0.813 0.038 0.076
0 0.575 0.78 0.057 0.123
0 0.312 0.534 0.044 0.087
0 0.198 0.567 0.046 0.089
0 0.156 0.606 0.037 0.054
0 0.105 0.518 0.04 0.054
