3 0.619 0.137 0.017 0.023
3 0.976 0.394 0.015 0.009
4 0.987 0.417 0.007 0.038
4 0.974 0.415 0.005 0.029
4 0.961 0.411 0.013 0.034
2 0.971 0.427 0.055 0.08
3 0.567 0.166 0.012 0.016
3 0.517 0.157 0.011 0.021
3 0.428 0.156 0.009 0.016
3 0.454 0.198 0.013 0.028
3 0.396 0.191 0.011 0.016
4 0.789 0.416 0.015 0.011
1 0.79 0.419 0.021 0.042
4 0.795 0.547 0.015 0.014
4 0.606 0.508 0.01 0.012
4 0.152 0.64 0.018 0.011
4 0.148 0.655 0.013 0.015
4 0.166 0.645 0.011 0.015
4 0.277 0.505 0.007 0.011
4 0.269 0.515 0.009 0.012
4 0.387 0.675 0.011 0.013
4 0.359 0.673 0.008 0.016
4 0.199 0.441 0.009 0.012
4 0.192 0.449 0.014 0.011
4 0.208 0.442 0.007 0.011
0 0.604 0.497 0.042 0.081
0 0.795 0.535 0.041 0.059
0 0.376 0.653 0.058 0.126
0 0.192 0.433 0.044 0.06
0 0.27 0.508 0.03 0.046
0 0.157 0.64 0.044 0.059
