3 0.635 0.065 0.023 0.038
4 0.908 0.345 0.017 0.012
1 0.907 0.352 0.03 0.067
4 0.109 0.521 0.013 0.016
4 0.086 0.53 0.011 0.015
4 0.715 0.47 0.013 0.013
4 0.719 0.481 0.014 0.014
4 0.692 0.472 0.013 0.014
4 0.209 0.529 0.011 0.013
4 0.195 0.518 0.009 0.011
4 0.187 0.531 0.009 0.016
4 0.805 0.722 0.012 0.013
4 0.803 0.694 0.011 0.016
4 0.777 0.721 0.013 0.018
4 0.662 0.492 0.011 0.012
0 0.669 0.483 0.055 0.102
0 0.71 0.461 0.051 0.087
0 0.792 0.709 0.058 0.088
0 0.204 0.521 0.048 0.07
0 0.101 0.517 0.053 0.067
