4 0.622 0.444 0.01 0.018
4 0.632 0.468 0.017 0.02
4 0.572 0.445 0.015 0.019
4 0.413 0.42 0.018 0.02
4 0.381 0.659 0.018 0.022
4 0.36 0.636 0.007 0.019
4 0.253 0.449 0.026 0.02
1 0.259 0.437 0.037 0.095
4 0.885 0.242 0.02 0.02
4 0.529 0.521 0.018 0.022
4 0.493 0.506 0.011 0.023
4 0.459 0.587 0.022 0.015
0 0.413 0.8 0.068 0.128
0 0.881 0.214 0.054 0.09
0 0.633 0.45 0.052 0.083
0 0.38 0.633 0.052 0.099
0 0.469 0.561 0.084 0.115
0 0.414 0.403 0.071 0.129
0 0.522 0.499 0.081 0.146
0 0.569 0.426 0.044 0.082
