4 0.915 0.471 0.013 0.014
1 0.92 0.47 0.027 0.05
4 0.963 0.437 0.014 0.012
4 0.951 0.45 0.013 0.035
4 0.975 0.455 0.009 0.038
2 0.96 0.467 0.05 0.079
4 0.202 0.66 0.013 0.016
4 0.209 0.667 0.012 0.02
4 0.187 0.674 0.018 0.014
4 0.368 0.67 0.007 0.014
4 0.344 0.677 0.013 0.016
4 0.476 0.481 0.008 0.013
4 0.469 0.488 0.011 0.014
4 0.137 0.533 0.011 0.015
4 0.144 0.54 0.009 0.016
4 0.125 0.545 0.013 0.012
4 0.776 0.559 0.011 0.014
4 0.795 0.556 0.008 0.014
4 0.888 0.543 0.009 0.013
4 0.898 0.556 0.011 0.015
4 0.882 0.549 0.009 0.014
4 0.913 0.566 0.01 0.014
4 0.908 0.576 0.009 0.018
4 0.926 0.58 0.012 0.014
0 0.891 0.546 0.03 0.049
0 0.922 0.57 0.042 0.055
0 0.47 0.482 0.028 0.046
0 0.35 0.663 0.057 0.097
0 0.191 0.648 0.057 0.086
0 0.13 0.532 0.036 0.048
0 0.779 0.548 0.045 0.08
