1 0.381 0.565 0.05 0.095
4 0.363 0.571 0.01 0.034
0 0.458 0.537 0.084 0.149
0 0.58 0.485 0.079 0.137
0 0.552 0.693 0.094 0.126
0 0.823 0.651 0.108 0.178
0 0.394 0.575 0.061 0.108
0 0.423 0.32 0.049 0.076
4 0.462 0.564 0.017 0.022
4 0.428 0.552 0.009 0.02
4 0.598 0.523 0.02 0.023
4 0.568 0.511 0.021 0.023
4 0.561 0.529 0.023 0.025
4 0.42 0.327 0.024 0.015
4 0.439 0.336 0.011 0.023
4 0.417 0.346 0.017 0.019
4 0.561 0.724 0.027 0.025
4 0.518 0.72 0.016 0.029
4 0.408 0.574 0.013 0.026
4 0.854 0.667 0.015 0.026
4 0.806 0.671 0.021 0.026
