3 0.414 0.27 0.069 0.077
4 0.877 0.473 0.012 0.019
1 0.882 0.472 0.026 0.054
4 0.94 0.445 0.014 0.013
4 0.951 0.465 0.008 0.039
4 0.939 0.463 0.007 0.032
4 0.928 0.461 0.013 0.033
2 0.936 0.475 0.051 0.08
4 0.229 0.634 0.011 0.018
4 0.204 0.646 0.015 0.018
4 0.369 0.72 0.016 0.018
4 0.421 0.496 0.012 0.012
4 0.422 0.506 0.01 0.012
4 0.828 0.645 0.012 0.018
4 0.778 0.67 0.013 0.014
4 0.793 0.669 0.007 0.019
4 0.773 0.656 0.009 0.012
4 0.906 0.567 0.008 0.013
4 0.9 0.576 0.009 0.015
4 0.916 0.579 0.01 0.015
0 0.421 0.498 0.024 0.041
0 0.829 0.634 0.047 0.09
0 0.781 0.662 0.034 0.054
0 0.912 0.567 0.04 0.055
0 0.215 0.619 0.05 0.083
0 0.371 0.708 0.051 0.103
