4 0.528 0.618 0.021 0.027
4 0.471 0.556 0.017 0.02
4 0.454 0.532 0.013 0.019
4 0.444 0.545 0.009 0.022
4 0.529 0.562 0.017 0.023
4 0.513 0.538 0.009 0.026
4 0.502 0.552 0.009 0.021
4 0.321 0.396 0.013 0.021
4 0.358 0.385 0.011 0.021
4 0.307 0.568 0.015 0.019
4 0.301 0.597 0.018 0.018
4 0.645 0.218 0.009 0.016
4 0.639 0.209 0.011 0.012
4 0.622 0.218 0.018 0.016
4 0.477 0.828 0.011 0.027
4 0.601 0.661 0.016 0.021
4 0.553 0.651 0.016 0.027
0 0.292 0.579 0.067 0.097
0 0.525 0.539 0.061 0.084
0 0.537 0.595 0.069 0.117
0 0.624 0.194 0.059 0.097
0 0.576 0.634 0.1 0.189
0 0.337 0.374 0.081 0.126
0 0.467 0.538 0.06 0.094
0 0.458 0.816 0.074 0.127
