4 0.996 0.398 0.009 0.029
2 0.988 0.41 0.023 0.08
4 0.794 0.396 0.014 0.014
1 0.798 0.4 0.03 0.054
4 0.032 0.67 0.01 0.016
1 0.047 0.661 0.04 0.074
4 0.954 0.89 0.014 0.019
4 0.979 0.906 0.015 0.016
0 0.973 0.884 0.055 0.093
4 0.144 0.661 0.012 0.013
4 0.123 0.663 0.013 0.015
4 0.231 0.552 0.007 0.016
4 0.207 0.561 0.013 0.014
4 0.636 0.425 0.011 0.009
4 0.632 0.433 0.007 0.014
4 0.646 0.436 0.008 0.011
4 0.8 0.523 0.007 0.015
4 0.812 0.536 0.015 0.015
4 0.788 0.685 0.013 0.014
4 0.816 0.682 0.008 0.014
0 0.813 0.521 0.045 0.059
0 0.105 0.437 0.043 0.08
0 0.134 0.65 0.047 0.062
0 0.216 0.547 0.053 0.092
0 0.642 0.425 0.032 0.046
0 0.793 0.671 0.062 0.11
3 0.638 0.026 0.065 0.052
3 0.479 0.114 0.128 0.195
