3 0.672 0.205 0.014 0.019
3 0.643 0.143 0.011 0.022
3 0.611 0.141 0.007 0.012
3 0.6 0.164 0.01 0.018
3 0.488 0.14 0.009 0.015
3 0.425 0.225 0.013 0.019
3 0.401 0.178 0.009 0.016
4 0.89 0.431 0.014 0.013
1 0.888 0.433 0.02 0.042
4 0.325 0.438 0.011 0.008
4 0.327 0.445 0.011 0.011
4 0.311 0.441 0.009 0.012
4 0.052 0.809 0.013 0.015
4 0.046 0.833 0.017 0.02
4 0.019 0.839 0.012 0.02
4 0.858 0.546 0.007 0.012
4 0.838 0.548 0.011 0.014
0 0.841 0.539 0.048 0.08
0 0.321 0.425 0.038 0.068
0 0.04 0.822 0.061 0.084
