4 0.324 0.554 0.024 0.016
1 0.329 0.548 0.041 0.087
4 0.285 0.571 0.015 0.015
4 0.469 0.576 0.02 0.019
4 0.445 0.558 0.013 0.013
4 0.439 0.57 0.01 0.019
4 0.132 0.489 0.011 0.018
4 0.118 0.508 0.016 0.016
4 0.599 0.653 0.02 0.018
4 0.572 0.632 0.013 0.018
4 0.564 0.65 0.009 0.023
4 0.677 0.308 0.009 0.009
4 0.677 0.32 0.011 0.012
4 0.658 0.321 0.011 0.015
4 0.535 0.519 0.011 0.014
4 0.499 0.523 0.01 0.019
4 0.369 0.595 0.011 0.012
4 0.365 0.579 0.013 0.012
4 0.346 0.593 0.013 0.014
0 0.358 0.578 0.051 0.076
0 0.286 0.55 0.067 0.135
0 0.509 0.509 0.071 0.127
0 0.668 0.311 0.039 0.059
0 0.59 0.63 0.079 0.107
0 0.465 0.532 0.073 0.13
0 0.12 0.494 0.05 0.082
