4 0.638 0.658 0.016 0.026
4 0.689 0.663 0.019 0.021
4 0.344 0.565 0.013 0.02
4 0.347 0.598 0.022 0.025
4 0.293 0.605 0.02 0.025
4 0.531 0.543 0.016 0.02
4 0.502 0.533 0.011 0.022
4 0.627 0.404 0.015 0.019
4 0.619 0.425 0.013 0.019
4 0.559 0.357 0.016 0.019
4 0.518 0.354 0.015 0.022
4 0.655 0.442 0.011 0.014
4 0.643 0.466 0.015 0.016
4 0.615 0.455 0.007 0.019
0 0.319 0.552 0.107 0.173
0 0.518 0.526 0.068 0.106
0 0.542 0.341 0.088 0.144
0 0.658 0.64 0.113 0.21
0 0.64 0.405 0.066 0.089
0 0.639 0.46 0.06 0.083
