4 0.503 0.36 0.024 0.016
4 0.502 0.44 0.024 0.02
4 0.521 0.406 0.007 0.049
4 0.503 0.404 0.011 0.048
4 0.485 0.404 0.011 0.049
4 0.451 0.439 0.007 0.031
4 0.553 0.441 0.007 0.023
2 0.502 0.421 0.114 0.154
4 0.529 0.536 0.017 0.022
4 0.567 0.549 0.024 0.02
4 0.343 0.434 0.028 0.019
1 0.346 0.442 0.04 0.1
4 0.611 0.505 0.016 0.019
4 0.055 0.962 0.037 0.023
4 0.054 0.989 0.024 0.021
4 0.641 0.498 0.015 0.022
4 0.083 0.971 0.009 0.028
0 0.055 0.949 0.073 0.102
0 0.55 0.511 0.084 0.129
0 0.596 0.431 0.074 0.137
0 0.635 0.476 0.048 0.081
0 0.605 0.489 0.079 0.135
