3 0.602 0.163 0.015 0.022
3 0.581 0.161 0.008 0.015
3 0.554 0.189 0.007 0.014
3 0.567 0.225 0.015 0.02
3 0.543 0.208 0.015 0.026
3 0.419 0.203 0.017 0.029
3 0.398 0.2 0.012 0.026
3 0.393 0.279 0.013 0.02
3 0.366 0.227 0.009 0.02
3 0.425 0.16 0.007 0.012
4 0.987 0.45 0.012 0.036
2 0.985 0.468 0.031 0.08
4 0.009 0.772 0.011 0.022
4 0.906 0.46 0.015 0.013
1 0.025 0.762 0.046 0.081
1 0.906 0.463 0.023 0.053
4 0.156 0.664 0.019 0.012
4 0.136 0.668 0.005 0.015
4 0.157 0.68 0.02 0.014
4 0.252 0.655 0.011 0.016
4 0.225 0.653 0.01 0.016
4 0.247 0.475 0.014 0.009
4 0.246 0.486 0.011 0.009
4 0.257 0.478 0.007 0.011
4 0.891 0.762 0.017 0.018
4 0.862 0.745 0.014 0.023
4 0.791 0.688 0.012 0.016
4 0.763 0.68 0.009 0.016
4 0.808 0.594 0.01 0.015
4 0.801 0.58 0.008 0.012
4 0.968 0.956 0.018 0.021
4 0.977 0.978 0.011 0.02
4 0.947 0.971 0.018 0.025
0 0.248 0.475 0.025 0.048
0 0.24 0.641 0.058 0.107
0 0.154 0.644 0.046 0.096
0 0.808 0.584 0.034 0.048
0 0.781 0.671 0.06 0.104
0 0.877 0.737 0.061 0.082
0 0.956 0.953 0.07 0.092
