1 0.464 0.506 0.053 0.097
4 0.458 0.525 0.034 0.029
0 0.875 0.251 0.048 0.07
0 0.59 0.42 0.081 0.141
0 0.628 0.512 0.09 0.158
0 0.689 0.591 0.068 0.1
0 0.915 0.668 0.108 0.131
0 0.408 0.669 0.104 0.162
0 0.442 0.623 0.07 0.103
2 0.034 0.472 0.068 0.189
4 0.024 0.44 0.024 0.087
4 0.641 0.534 0.02 0.028
4 0.601 0.521 0.012 0.027
4 0.434 0.721 0.02 0.028
4 0.383 0.723 0.024 0.028
4 0.46 0.647 0.017 0.026
4 0.873 0.254 0.024 0.019
4 0.87 0.272 0.018 0.02
4 0.89 0.264 0.009 0.02
4 0.889 0.672 0.016 0.029
4 0.923 0.699 0.03 0.026
4 0.875 0.686 0.016 0.039
4 0.692 0.502 0.009 0.019
0 0.671 0.487 0.065 0.088
4 0.571 0.44 0.015 0.02
4 0.681 0.588 0.02 0.028
4 0.703 0.614 0.017 0.022
4 0.669 0.609 0.015 0.021
