4 0.959 0.391 0.016 0.013
1 0.965 0.396 0.032 0.053
4 0.14 0.586 0.019 0.012
4 0.14 0.599 0.013 0.013
4 0.187 0.533 0.015 0.014
4 0.201 0.538 0.012 0.013
4 0.183 0.543 0.01 0.012
4 0.465 0.506 0.012 0.014
4 0.653 0.415 0.009 0.011
4 0.648 0.422 0.008 0.011
4 0.663 0.423 0.009 0.013
4 0.821 0.516 0.011 0.014
4 0.814 0.526 0.007 0.015
4 0.839 0.528 0.015 0.013
4 0.565 0.552 0.011 0.014
4 0.594 0.55 0.008 0.014
0 0.833 0.513 0.051 0.066
0 0.062 0.422 0.041 0.069
0 0.657 0.416 0.036 0.045
0 0.577 0.54 0.059 0.102
0 0.466 0.485 0.051 0.107
0 0.193 0.531 0.037 0.059
0 0.142 0.586 0.034 0.066
3 0.421 0.093 0.078 0.16
