3 0.706 0.188 0.011 0.018
3 0.65 0.139 0.011 0.019
3 0.614 0.137 0.007 0.013
3 0.613 0.159 0.011 0.013
3 0.634 0.231 0.009 0.02
3 0.453 0.178 0.007 0.015
3 0.459 0.204 0.008 0.013
3 0.396 0.189 0.009 0.026
3 0.587 0.229 0.013 0.019
4 0.056 0.642 0.022 0.014
1 0.06 0.631 0.031 0.065
4 0.872 0.423 0.013 0.012
1 0.871 0.424 0.019 0.042
4 0.11 0.758 0.016 0.014
4 0.119 0.772 0.011 0.015
4 0.348 0.427 0.009 0.009
4 0.341 0.435 0.009 0.011
4 0.861 0.543 0.012 0.015
4 0.782 0.916 0.013 0.022
4 0.736 0.879 0.011 0.016
4 0.745 0.91 0.022 0.023
0 0.863 0.533 0.045 0.082
0 0.755 0.888 0.08 0.104
0 0.343 0.428 0.028 0.039
0 0.103 0.759 0.055 0.073
