3 0.366 0.179 0.051 0.116
3 0.449 0.227 0.17 0.167
4 0.956 0.451 0.015 0.014
1 0.962 0.455 0.03 0.048
4 0.248 0.588 0.009 0.014
4 0.262 0.598 0.016 0.018
4 0.243 0.599 0.009 0.016
4 0.304 0.575 0.012 0.014
4 0.603 0.839 0.018 0.015
4 0.622 0.848 0.009 0.018
4 0.6 0.856 0.012 0.016
4 0.478 0.837 0.018 0.02
4 0.847 0.575 0.007 0.013
4 0.828 0.572 0.016 0.013
4 0.826 0.582 0.015 0.013
0 0.832 0.564 0.048 0.069
0 0.606 0.832 0.051 0.079
0 0.485 0.817 0.071 0.138
0 0.298 0.553 0.049 0.104
0 0.258 0.571 0.047 0.088
