3 0.438 0.234 0.016 0.029
3 0.397 0.23 0.018 0.028
3 0.568 0.22 0.015 0.022
3 0.57 0.231 0.013 0.019
3 0.601 0.205 0.01 0.016
3 0.62 0.18 0.018 0.022
4 0.833 0.458 0.014 0.011
1 0.83 0.458 0.021 0.045
4 0.944 0.437 0.014 0.015
4 0.955 0.457 0.007 0.035
4 0.942 0.455 0.007 0.029
4 0.93 0.451 0.011 0.034
2 0.939 0.466 0.051 0.077
4 0.192 0.664 0.013 0.015
4 0.197 0.674 0.013 0.016
4 0.174 0.679 0.018 0.015
4 0.313 0.666 0.015 0.02
4 0.409 0.484 0.007 0.014
4 0.785 0.628 0.011 0.014
4 0.765 0.611 0.006 0.015
4 0.799 0.667 0.01 0.016
4 0.782 0.661 0.009 0.015
4 0.882 0.553 0.009 0.014
4 0.876 0.56 0.007 0.013
4 0.892 0.566 0.012 0.014
0 0.414 0.481 0.028 0.048
0 0.181 0.653 0.059 0.089
0 0.312 0.654 0.048 0.093
0 0.781 0.608 0.048 0.08
0 0.788 0.655 0.037 0.053
0 0.888 0.557 0.036 0.05
