1 0.072 0.717 0.041 0.07
1 0.832 0.474 0.021 0.046
4 0.058 0.724 0.009 0.023
4 0.835 0.471 0.013 0.016
3 0.412 0.272 0.075 0.168
0 0.165 0.665 0.058 0.087
0 0.289 0.621 0.053 0.09
0 0.765 0.567 0.038 0.082
0 0.926 0.6 0.042 0.054
0 0.958 0.745 0.04 0.073
0 0.777 0.931 0.071 0.093
0 0.015 0.795 0.03 0.069
4 0.285 0.631 0.011 0.014
4 0.306 0.627 0.009 0.019
4 0.159 0.694 0.015 0.016
4 0.176 0.675 0.013 0.016
4 0.185 0.689 0.013 0.021
4 0.01 0.796 0.018 0.019
4 0.012 0.813 0.017 0.02
4 0.957 0.762 0.016 0.019
4 0.973 0.752 0.009 0.021
4 0.766 0.581 0.013 0.014
4 0.758 0.927 0.012 0.031
4 0.772 0.958 0.022 0.026
4 0.804 0.948 0.012 0.026
4 0.918 0.595 0.012 0.021
4 0.93 0.611 0.013 0.018
2 0.944 0.479 0.051 0.075
3 0.949 0.448 0.013 0.013
4 0.935 0.465 0.009 0.035
4 0.948 0.467 0.006 0.031
4 0.96 0.471 0.007 0.035
