4 0.964 0.434 0.013 0.012
4 0.873 0.455 0.013 0.014
1 0.87 0.454 0.024 0.046
4 0.95 0.448 0.011 0.035
4 0.962 0.452 0.009 0.029
4 0.975 0.453 0.008 0.038
2 0.96 0.465 0.053 0.079
4 0.203 0.656 0.013 0.019
4 0.209 0.665 0.011 0.021
4 0.187 0.671 0.018 0.013
4 0.345 0.633 0.009 0.014
4 0.321 0.63 0.009 0.018
4 0.476 0.478 0.009 0.011
4 0.47 0.488 0.01 0.012
4 0.137 0.531 0.012 0.013
4 0.143 0.538 0.009 0.016
4 0.127 0.543 0.012 0.013
4 0.795 0.555 0.007 0.016
4 0.777 0.556 0.01 0.014
4 0.888 0.539 0.011 0.016
4 0.898 0.553 0.011 0.013
4 0.884 0.548 0.009 0.015
4 0.974 0.638 0.013 0.015
4 0.96 0.626 0.007 0.016
0 0.972 0.623 0.036 0.062
0 0.894 0.545 0.034 0.054
0 0.78 0.549 0.044 0.08
0 0.47 0.483 0.03 0.043
0 0.336 0.623 0.05 0.097
0 0.192 0.643 0.055 0.088
0 0.13 0.529 0.038 0.048
