4 0.569 0.303 0.024 0.02
1 0.564 0.304 0.041 0.082
4 0.799 0.231 0.025 0.018
4 0.82 0.268 0.012 0.063
4 0.798 0.268 0.009 0.054
4 0.776 0.264 0.018 0.066
2 0.797 0.288 0.09 0.141
4 0.331 0.609 0.022 0.027
4 0.285 0.619 0.024 0.027
4 0.677 0.582 0.017 0.021
4 0.433 0.344 0.016 0.019
4 0.379 0.494 0.011 0.019
4 0.353 0.504 0.016 0.02
4 0.473 0.538 0.018 0.023
4 0.436 0.524 0.009 0.022
4 0.405 0.725 0.028 0.016
4 0.404 0.751 0.018 0.022
4 0.682 0.344 0.01 0.019
4 0.665 0.332 0.02 0.016
4 0.662 0.349 0.017 0.019
0 0.689 0.574 0.083 0.15
0 0.467 0.515 0.081 0.148
0 0.365 0.485 0.057 0.092
0 0.304 0.577 0.091 0.156
0 0.43 0.337 0.044 0.069
0 0.405 0.723 0.058 0.106
0 0.672 0.335 0.05 0.068
