3 0.509 0.102 0.077 0.155
3 0.504 0.193 0.06 0.087
4 0.922 0.416 0.016 0.013
1 0.92 0.416 0.029 0.048
4 0.017 0.667 0.024 0.014
1 0.022 0.654 0.039 0.066
4 0.806 0.528 0.013 0.015
4 0.882 0.673 0.016 0.015
4 0.859 0.663 0.015 0.015
4 0.853 0.675 0.015 0.019
4 0.651 0.442 0.006 0.012
4 0.641 0.433 0.011 0.009
4 0.637 0.442 0.009 0.013
4 0.331 0.569 0.01 0.011
4 0.327 0.583 0.011 0.013
4 0.31 0.584 0.008 0.012
4 0.17 0.636 0.008 0.013
4 0.159 0.653 0.015 0.014
0 0.16 0.639 0.04 0.062
0 0.805 0.516 0.046 0.082
0 0.87 0.66 0.063 0.079
0 0.645 0.435 0.032 0.043
0 0.321 0.573 0.041 0.06
0 0.081 0.447 0.05 0.089
