3 0.99 0.349 0.016 0.009
4 0.988 0.369 0.006 0.028
4 0.975 0.364 0.013 0.034
2 0.979 0.38 0.042 0.077
4 0.797 0.369 0.014 0.012
1 0.797 0.372 0.024 0.052
4 0.787 0.559 0.013 0.016
4 0.862 0.647 0.014 0.019
4 0.633 0.398 0.008 0.009
4 0.623 0.389 0.009 0.011
4 0.62 0.397 0.007 0.011
4 0.937 0.866 0.019 0.019
4 0.957 0.859 0.009 0.02
4 0.166 0.567 0.015 0.014
4 0.172 0.579 0.009 0.016
4 0.153 0.579 0.011 0.013
4 0.301 0.576 0.011 0.014
4 0.273 0.579 0.009 0.016
0 0.938 0.845 0.056 0.082
0 0.161 0.567 0.044 0.062
0 0.285 0.568 0.061 0.101
0 0.626 0.39 0.032 0.042
0 0.869 0.628 0.057 0.082
0 0.788 0.545 0.048 0.094
3 0.616 0.079 0.018 0.021
3 0.582 0.139 0.016 0.022
3 0.569 0.12 0.017 0.026
3 0.442 0.123 0.015 0.021
3 0.356 0.173 0.016 0.023
