3 0.643 0.124 0.012 0.015
3 0.56 0.011 0.009 0.014
3 0.577 0.075 0.013 0.019
3 0.552 0.053 0.009 0.014
3 0.406 0.078 0.01 0.016
3 0.46 0.119 0.014 0.032
3 0.474 0.174 0.018 0.031
3 0.425 0.258 0.014 0.029
3 0.53 0.021 0.007 0.013
2 0.994 0.451 0.012 0.09
4 0.772 0.43 0.013 0.013
1 0.779 0.432 0.026 0.047
4 0.136 0.691 0.013 0.018
4 0.143 0.703 0.011 0.019
4 0.116 0.708 0.021 0.018
4 0.259 0.592 0.012 0.013
4 0.233 0.59 0.009 0.014
4 0.228 0.462 0.007 0.009
4 0.22 0.471 0.009 0.011
4 0.872 0.694 0.017 0.015
4 0.85 0.681 0.012 0.016
4 0.843 0.692 0.013 0.02
4 0.553 0.606 0.013 0.016
4 0.821 0.586 0.011 0.013
4 0.812 0.57 0.009 0.012
4 0.964 0.921 0.015 0.02
4 0.972 0.952 0.019 0.023
0 0.861 0.678 0.063 0.077
0 0.819 0.575 0.035 0.053
0 0.551 0.586 0.05 0.104
0 0.245 0.582 0.053 0.101
0 0.12 0.678 0.066 0.099
0 0.223 0.464 0.029 0.045
0 0.975 0.938 0.051 0.093
