3 0.073 0.354 0.028 0.018
4 0.68 0.636 0.02 0.021
4 0.101 0.391 0.02 0.074
4 0.072 0.391 0.009 0.059
4 0.046 0.388 0.012 0.062
2 0.08 0.417 0.113 0.164
4 0.463 0.461 0.024 0.02
1 0.469 0.447 0.041 0.082
4 0.195 0.608 0.018 0.026
4 0.207 0.626 0.011 0.021
4 0.177 0.634 0.017 0.025
4 0.784 0.218 0.019 0.012
4 0.783 0.232 0.019 0.013
4 0.677 0.52 0.017 0.023
4 0.718 0.531 0.015 0.02
4 0.382 0.628 0.013 0.023
4 0.358 0.621 0.026 0.021
4 0.354 0.643 0.017 0.019
4 0.325 0.644 0.015 0.021
4 0.286 0.673 0.011 0.025
4 0.315 0.68 0.015 0.022
4 0.739 0.425 0.02 0.02
4 0.757 0.441 0.013 0.016
4 0.733 0.44 0.013 0.019
0 0.785 0.197 0.05 0.099
0 0.305 0.656 0.067 0.108
0 0.182 0.613 0.069 0.106
0 0.366 0.615 0.065 0.101
0 0.685 0.61 0.084 0.165
0 0.695 0.501 0.094 0.147
0 0.745 0.428 0.058 0.074
