4 0.972 0.404 0.016 0.012
1 0.971 0.404 0.027 0.049
4 0.246 0.512 0.009 0.013
4 0.239 0.527 0.011 0.012
4 0.447 0.506 0.008 0.014
4 0.422 0.515 0.011 0.016
4 0.657 0.431 0.009 0.011
4 0.672 0.431 0.01 0.013
4 0.832 0.522 0.011 0.016
4 0.847 0.538 0.018 0.014
4 0.826 0.531 0.007 0.014
4 0.589 0.589 0.013 0.015
0 0.846 0.523 0.05 0.067
0 0.151 0.431 0.045 0.079
0 0.237 0.517 0.032 0.058
0 0.43 0.504 0.062 0.095
0 0.586 0.566 0.054 0.116
0 0.663 0.423 0.035 0.046
3 0.453 0.108 0.092 0.176
3 0.538 0.013 0.038 0.023
