4 0.073 0.353 0.026 0.018
4 0.823 0.686 0.017 0.022
4 0.11 0.393 0.02 0.073
4 0.075 0.393 0.017 0.06
4 0.037 0.396 0.017 0.077
4 0.075 0.441 0.018 0.015
2 0.078 0.416 0.112 0.163
4 0.403 0.444 0.023 0.02
1 0.409 0.433 0.039 0.083
4 0.135 0.625 0.018 0.022
4 0.785 0.218 0.018 0.012
4 0.784 0.232 0.02 0.014
4 0.682 0.519 0.015 0.02
4 0.722 0.521 0.012 0.019
4 0.337 0.654 0.025 0.021
4 0.361 0.664 0.013 0.023
4 0.279 0.662 0.027 0.019
4 0.273 0.685 0.016 0.021
4 0.76 0.423 0.011 0.018
4 0.747 0.443 0.015 0.02
0 0.786 0.198 0.05 0.104
0 0.346 0.651 0.065 0.109
0 0.285 0.66 0.074 0.109
0 0.146 0.604 0.071 0.109
0 0.748 0.428 0.048 0.074
0 0.829 0.658 0.096 0.183
0 0.695 0.501 0.09 0.161
