4 0.232 0.498 0.025 0.023
1 0.241 0.482 0.048 0.099
4 0.561 0.594 0.018 0.018
4 0.594 0.494 0.009 0.016
4 0.565 0.486 0.02 0.014
4 0.561 0.507 0.02 0.019
4 0.231 0.64 0.011 0.022
4 0.213 0.631 0.024 0.013
4 0.208 0.655 0.018 0.023
4 0.041 0.291 0.009 0.016
4 0.387 0.681 0.014 0.022
4 0.472 0.709 0.02 0.021
4 0.478 0.731 0.016 0.019
4 0.446 0.728 0.011 0.022
0 0.215 0.63 0.055 0.095
0 0.559 0.57 0.075 0.164
0 0.459 0.707 0.062 0.106
0 0.408 0.662 0.096 0.171
0 0.575 0.461 0.072 0.135
0 0.031 0.283 0.05 0.082
