1 0.064 0.711 0.04 0.069
1 0.814 0.463 0.021 0.046
4 0.051 0.718 0.011 0.023
4 0.818 0.462 0.013 0.015
3 0.381 0.188 0.013 0.019
3 0.383 0.214 0.013 0.022
3 0.42 0.201 0.015 0.029
3 0.533 0.164 0.015 0.026
3 0.584 0.129 0.017 0.027
0 0.746 0.563 0.046 0.075
0 0.124 0.64 0.028 0.048
0 0.303 0.641 0.056 0.101
0 0.089 0.549 0.041 0.05
0 0.87 0.56 0.036 0.052
4 0.295 0.656 0.012 0.019
4 0.32 0.654 0.011 0.016
4 0.165 0.68 0.01 0.016
0 0.153 0.67 0.051 0.081
4 0.151 0.697 0.02 0.018
4 0.173 0.686 0.011 0.022
4 0.095 0.55 0.009 0.016
4 0.086 0.563 0.011 0.015
4 0.123 0.643 0.017 0.016
4 0.12 0.655 0.013 0.013
4 0.867 0.567 0.013 0.014
4 0.761 0.567 0.009 0.018
4 0.741 0.568 0.011 0.016
2 0.918 0.469 0.05 0.075
3 0.922 0.441 0.014 0.011
4 0.908 0.455 0.012 0.034
4 0.92 0.458 0.007 0.034
4 0.932 0.461 0.009 0.034
