3 0.826 0.012 0.057 0.025
4 0.37 0.597 0.009 0.027
1 0.387 0.59 0.046 0.084
4 0.679 0.318 0.018 0.015
4 0.678 0.332 0.018 0.013
4 0.54 0.559 0.011 0.021
4 0.504 0.562 0.014 0.019
4 0.324 0.625 0.011 0.018
4 0.316 0.636 0.007 0.018
4 0.34 0.64 0.019 0.016
4 0.597 0.678 0.011 0.019
4 0.565 0.653 0.011 0.014
4 0.569 0.677 0.015 0.018
4 0.502 0.607 0.013 0.02
4 0.475 0.607 0.012 0.011
4 0.681 0.59 0.009 0.02
4 0.65 0.565 0.011 0.015
4 0.655 0.591 0.016 0.022
4 0.53 0.477 0.01 0.018
4 0.496 0.482 0.014 0.016
0 0.679 0.297 0.045 0.096
0 0.661 0.578 0.056 0.079
0 0.578 0.663 0.063 0.092
0 0.523 0.546 0.074 0.15
0 0.337 0.626 0.052 0.087
0 0.507 0.469 0.073 0.122
0 0.488 0.598 0.06 0.083
