4 0.628 0.353 0.022 0.018
1 0.633 0.359 0.038 0.088
4 0.775 0.291 0.023 0.018
4 0.772 0.363 0.015 0.018
4 0.745 0.326 0.017 0.062
4 0.775 0.326 0.011 0.054
4 0.803 0.329 0.012 0.061
2 0.772 0.348 0.094 0.142
4 0.299 0.642 0.015 0.014
4 0.299 0.667 0.022 0.027
4 0.253 0.673 0.02 0.027
4 0.667 0.694 0.017 0.026
4 0.452 0.417 0.017 0.019
4 0.452 0.602 0.017 0.023
4 0.383 0.785 0.028 0.018
4 0.382 0.812 0.018 0.022
4 0.531 0.4 0.011 0.016
0 0.279 0.631 0.098 0.154
0 0.381 0.787 0.057 0.109
0 0.45 0.584 0.075 0.146
0 0.45 0.401 0.044 0.065
0 0.544 0.404 0.048 0.076
0 0.682 0.677 0.09 0.171
