4 0.824 0.701 0.025 0.027
4 0.871 0.715 0.018 0.023
4 0.801 0.63 0.013 0.022
4 0.786 0.658 0.013 0.02
4 0.76 0.638 0.009 0.019
4 0.512 0.583 0.012 0.022
4 0.52 0.599 0.008 0.021
4 0.494 0.608 0.017 0.019
4 0.353 0.414 0.009 0.019
4 0.319 0.427 0.017 0.02
4 0.192 0.419 0.012 0.021
4 0.172 0.414 0.026 0.015
4 0.169 0.43 0.016 0.019
4 0.115 0.496 0.026 0.022
1 0.124 0.482 0.047 0.094
4 0.596 0.226 0.018 0.015
4 0.618 0.225 0.009 0.019
4 0.443 0.533 0.009 0.021
4 0.407 0.542 0.017 0.023
0 0.785 0.637 0.063 0.1
0 0.598 0.198 0.054 0.097
0 0.839 0.681 0.098 0.134
0 0.499 0.59 0.056 0.093
0 0.414 0.519 0.085 0.156
0 0.325 0.403 0.071 0.129
0 0.179 0.414 0.053 0.083
