1 0.055 0.722 0.042 0.074
1 0.822 0.473 0.024 0.04
4 0.04 0.729 0.011 0.026
4 0.825 0.472 0.013 0.013
3 0.371 0.233 0.017 0.025
3 0.33 0.187 0.014 0.023
3 0.426 0.18 0.014 0.025
3 0.529 0.176 0.015 0.027
3 0.584 0.137 0.016 0.025
3 0.551 0.351 0.016 0.019
3 0.581 0.221 0.013 0.025
0 0.036 0.553 0.034 0.054
0 0.159 0.687 0.056 0.086
0 0.3 0.58 0.028 0.05
0 0.344 0.578 0.048 0.081
0 0.739 0.569 0.044 0.086
0 0.921 0.593 0.044 0.061
0 0.877 0.887 0.053 0.077
4 0.333 0.583 0.01 0.015
4 0.356 0.579 0.011 0.016
4 0.174 0.691 0.011 0.021
4 0.165 0.71 0.018 0.016
4 0.034 0.563 0.015 0.019
4 0.307 0.579 0.007 0.014
4 0.3 0.589 0.011 0.014
4 0.931 0.606 0.011 0.014
4 0.916 0.592 0.016 0.018
4 0.913 0.603 0.013 0.015
4 0.732 0.577 0.01 0.019
4 0.754 0.577 0.01 0.015
4 0.867 0.876 0.015 0.027
4 0.883 0.9 0.018 0.015
4 0.858 0.887 0.011 0.025
2 0.908 0.477 0.048 0.076
3 0.913 0.447 0.015 0.012
4 0.898 0.464 0.012 0.032
4 0.91 0.469 0.006 0.032
4 0.923 0.468 0.008 0.035
