4 0.603 0.329 0.024 0.018
4 0.601 0.409 0.024 0.02
4 0.603 0.386 0.011 0.025
4 0.621 0.374 0.007 0.052
4 0.652 0.434 0.007 0.026
4 0.585 0.374 0.013 0.054
2 0.603 0.393 0.112 0.151
4 0.441 0.464 0.023 0.021
4 0.43 0.759 0.021 0.027
4 0.472 0.748 0.013 0.031
4 0.442 0.402 0.025 0.02
1 0.446 0.406 0.039 0.09
4 0.483 0.445 0.017 0.02
4 0.163 0.913 0.033 0.021
4 0.161 0.943 0.022 0.029
4 0.293 0.631 0.012 0.023
4 0.719 0.438 0.02 0.016
4 0.699 0.449 0.011 0.02
4 0.723 0.456 0.013 0.018
4 0.189 0.922 0.011 0.028
0 0.162 0.914 0.069 0.13
0 0.443 0.736 0.097 0.183
0 0.711 0.436 0.053 0.081
0 0.483 0.427 0.072 0.135
0 0.421 0.426 0.073 0.117
0 0.276 0.614 0.068 0.095
