4 0.495 0.274 0.024 0.021
1 0.49 0.282 0.036 0.099
4 0.71 0.201 0.022 0.016
4 0.731 0.235 0.015 0.062
4 0.688 0.234 0.017 0.062
4 0.709 0.237 0.009 0.053
2 0.708 0.256 0.087 0.14
4 0.358 0.636 0.015 0.034
4 0.316 0.661 0.028 0.022
4 0.543 0.616 0.017 0.025
4 0.496 0.606 0.013 0.022
4 0.428 0.316 0.015 0.019
4 0.406 0.32 0.017 0.018
4 0.352 0.499 0.013 0.025
4 0.396 0.506 0.015 0.021
4 0.478 0.591 0.019 0.02
4 0.47 0.609 0.014 0.026
4 0.582 0.425 0.015 0.019
4 0.602 0.446 0.017 0.023
4 0.571 0.441 0.012 0.018
0 0.379 0.488 0.095 0.156
0 0.326 0.607 0.082 0.158
0 0.484 0.592 0.062 0.093
0 0.596 0.426 0.067 0.089
0 0.526 0.592 0.096 0.175
0 0.42 0.309 0.05 0.076
