3 0.346 0.19 0.011 0.016
3 0.337 0.154 0.011 0.02
3 0.391 0.188 0.011 0.018
3 0.412 0.164 0.013 0.025
3 0.55 0.16 0.013 0.026
3 0.629 0.208 0.013 0.018
3 0.58 0.134 0.008 0.018
3 0.604 0.137 0.014 0.021
4 0.883 0.447 0.015 0.013
1 0.882 0.446 0.023 0.049
3 0.993 0.424 0.013 0.013
4 0.996 0.444 0.006 0.032
4 0.981 0.441 0.011 0.038
2 0.982 0.448 0.037 0.09
4 0.219 0.584 0.009 0.015
4 0.194 0.586 0.009 0.014
4 0.134 0.697 0.007 0.018
4 0.108 0.685 0.008 0.015
4 0.115 0.7 0.011 0.015
4 0.795 0.557 0.007 0.013
4 0.771 0.56 0.009 0.013
0 0.118 0.69 0.048 0.065
0 0.202 0.576 0.055 0.094
0 0.779 0.55 0.048 0.088
