3 0.572 0.08 0.012 0.023
3 0.555 0.086 0.007 0.015
3 0.563 0.116 0.011 0.019
3 0.594 0.162 0.018 0.031
3 0.657 0.186 0.013 0.025
3 0.513 0.194 0.013 0.025
3 0.47 0.231 0.013 0.021
3 0.399 0.31 0.022 0.033
3 0.375 0.177 0.017 0.02
4 0.836 0.457 0.012 0.011
1 0.835 0.461 0.024 0.043
4 0.981 0.436 0.013 0.011
4 0.991 0.459 0.006 0.035
4 0.979 0.455 0.005 0.026
4 0.966 0.452 0.011 0.031
2 0.976 0.467 0.047 0.073
4 0.122 0.599 0.013 0.015
4 0.126 0.613 0.013 0.016
4 0.103 0.611 0.013 0.015
4 0.374 0.665 0.012 0.012
4 0.378 0.677 0.012 0.014
4 0.361 0.673 0.01 0.013
4 0.8 0.568 0.009 0.009
4 0.803 0.579 0.009 0.012
4 0.782 0.572 0.011 0.013
4 0.193 0.664 0.007 0.009
4 0.186 0.679 0.011 0.015
4 0.942 0.917 0.01 0.015
4 0.924 0.898 0.015 0.021
4 0.233 0.825 0.017 0.021
4 0.757 0.752 0.012 0.015
4 0.728 0.744 0.008 0.016
0 0.79 0.564 0.048 0.06
0 0.749 0.738 0.063 0.11
0 0.928 0.901 0.057 0.082
0 0.37 0.665 0.037 0.06
0 0.184 0.668 0.039 0.054
0 0.228 0.819 0.049 0.069
0 0.11 0.596 0.055 0.079
