3 0.365 0.207 0.017 0.033
3 0.437 0.217 0.021 0.042
3 0.524 0.173 0.018 0.031
3 0.571 0.204 0.018 0.028
3 0.589 0.179 0.014 0.022
3 0.632 0.143 0.009 0.02
3 0.649 0.141 0.015 0.028
4 0.93 0.465 0.011 0.012
3 0.994 0.431 0.011 0.013
1 0.936 0.467 0.026 0.049
4 0.996 0.451 0.005 0.033
4 0.982 0.449 0.012 0.034
2 0.982 0.457 0.037 0.084
4 0.38 0.731 0.011 0.011
4 0.352 0.726 0.006 0.018
4 0.154 0.683 0.008 0.012
4 0.16 0.689 0.005 0.016
4 0.14 0.702 0.017 0.015
4 0.311 0.977 0.01 0.018
4 0.276 0.992 0.009 0.017
4 0.793 0.676 0.011 0.016
4 0.772 0.669 0.013 0.012
4 0.768 0.68 0.013 0.015
4 0.25 0.482 0.007 0.009
4 0.254 0.475 0.006 0.011
4 0.265 0.482 0.008 0.011
4 0.632 0.576 0.008 0.014
4 0.815 0.592 0.009 0.012
4 0.802 0.575 0.009 0.009
4 0.798 0.585 0.007 0.013
0 0.372 0.705 0.063 0.129
0 0.26 0.477 0.03 0.045
0 0.136 0.674 0.057 0.092
0 0.629 0.565 0.048 0.088
0 0.809 0.582 0.038 0.054
0 0.782 0.664 0.059 0.076
0 0.296 0.97 0.055 0.06
