1 0.083 0.687 0.038 0.073
1 0.841 0.445 0.02 0.046
4 0.068 0.691 0.011 0.025
4 0.843 0.443 0.012 0.013
3 0.427 0.174 0.012 0.018
3 0.469 0.177 0.017 0.031
3 0.586 0.177 0.018 0.029
3 0.623 0.144 0.01 0.018
3 0.376 0.204 0.021 0.031
0 0.178 0.637 0.061 0.089
0 0.317 0.547 0.028 0.049
0 0.438 0.551 0.047 0.097
0 0.757 0.542 0.046 0.075
0 0.939 0.568 0.045 0.054
0 0.13 0.905 0.056 0.079
0 0.974 0.881 0.052 0.101
4 0.434 0.57 0.011 0.015
4 0.191 0.651 0.013 0.018
4 0.195 0.663 0.013 0.019
4 0.172 0.667 0.018 0.018
4 0.148 0.916 0.013 0.022
4 0.122 0.924 0.016 0.021
4 0.116 0.901 0.011 0.025
4 0.323 0.545 0.007 0.012
4 0.315 0.556 0.011 0.013
4 0.946 0.567 0.011 0.014
4 0.951 0.583 0.009 0.015
4 0.934 0.577 0.011 0.018
4 0.772 0.549 0.009 0.015
4 0.75 0.549 0.011 0.016
2 0.926 0.452 0.046 0.08
3 0.933 0.421 0.016 0.016
4 0.919 0.437 0.011 0.035
4 0.93 0.441 0.007 0.028
4 0.942 0.444 0.009 0.035
