3 0.565 0.16 0.194 0.307
3 0.463 0.188 0.184 0.251
4 0.974 0.453 0.016 0.014
1 0.981 0.457 0.03 0.049
4 0.273 0.589 0.016 0.015
4 0.258 0.579 0.009 0.012
4 0.252 0.589 0.008 0.016
4 0.314 0.565 0.011 0.013
4 0.038 0.527 0.015 0.014
4 0.602 0.831 0.022 0.016
4 0.62 0.842 0.009 0.018
4 0.599 0.849 0.013 0.018
4 0.47 0.816 0.01 0.016
4 0.436 0.819 0.01 0.022
4 0.828 0.565 0.017 0.013
4 0.845 0.569 0.009 0.013
4 0.826 0.578 0.015 0.013
0 0.831 0.558 0.046 0.068
0 0.606 0.83 0.049 0.077
0 0.452 0.799 0.076 0.136
0 0.308 0.548 0.048 0.099
0 0.268 0.562 0.05 0.093
0 0.038 0.513 0.04 0.059
