3 0.415 0.018 0.046 0.035
3 0.347 0.026 0.053 0.045
3 0.467 0.046 0.011 0.016
3 0.442 0.078 0.01 0.018
3 0.441 0.189 0.017 0.035
3 0.418 0.181 0.017 0.032
3 0.518 0.096 0.016 0.031
3 0.598 0.012 0.025 0.025
3 0.637 0.056 0.02 0.029
3 0.623 0.067 0.011 0.016
4 0.977 0.37 0.017 0.013
4 0.631 0.494 0.011 0.015
4 0.917 0.84 0.014 0.014
4 0.92 0.871 0.017 0.022
4 0.952 0.88 0.012 0.02
4 0.405 0.397 0.012 0.012
4 0.334 0.462 0.011 0.013
4 0.328 0.673 0.015 0.019
4 0.253 0.657 0.02 0.018
4 0.227 0.637 0.008 0.019
1 0.982 0.378 0.036 0.059
0 0.331 0.653 0.064 0.117
0 0.248 0.621 0.057 0.109
0 0.334 0.452 0.033 0.052
0 0.407 0.386 0.03 0.049
0 0.928 0.859 0.065 0.094
0 0.619 0.474 0.057 0.096
