3 0.614 0.197 0.014 0.025
3 0.56 0.218 0.016 0.019
3 0.401 0.247 0.013 0.02
3 0.387 0.214 0.013 0.015
4 0.754 0.467 0.012 0.015
1 0.758 0.469 0.026 0.043
4 0.94 0.452 0.017 0.011
4 0.951 0.472 0.008 0.034
4 0.939 0.472 0.006 0.031
4 0.928 0.468 0.011 0.038
2 0.937 0.482 0.052 0.08
4 0.129 0.552 0.011 0.014
4 0.135 0.559 0.008 0.015
4 0.119 0.563 0.011 0.015
4 0.189 0.691 0.008 0.018
4 0.184 0.681 0.009 0.013
4 0.172 0.694 0.011 0.013
4 0.756 0.574 0.012 0.014
4 0.776 0.572 0.007 0.015
4 0.949 0.82 0.013 0.018
4 0.934 0.799 0.009 0.019
0 0.947 0.802 0.04 0.072
0 0.76 0.565 0.044 0.08
0 0.122 0.552 0.037 0.045
0 0.178 0.682 0.042 0.06
