4 0.827 0.368 0.016 0.013
1 0.83 0.367 0.025 0.048
4 0.989 0.856 0.014 0.026
0 0.985 0.865 0.031 0.092
4 0.159 0.387 0.012 0.014
4 0.279 0.558 0.012 0.014
4 0.638 0.392 0.015 0.012
4 0.649 0.4 0.007 0.014
4 0.636 0.403 0.009 0.013
4 0.803 0.487 0.009 0.015
4 0.814 0.501 0.017 0.015
4 0.566 0.569 0.013 0.014
0 0.815 0.489 0.049 0.066
0 0.641 0.391 0.036 0.05
0 0.277 0.543 0.053 0.101
0 0.163 0.384 0.032 0.047
0 0.263 0.497 0.038 0.062
0 0.564 0.545 0.054 0.115
3 0.606 0.041 0.019 0.031
3 0.514 0.061 0.018 0.043
3 0.402 0.038 0.014 0.023
3 0.408 0.07 0.022 0.039
