3 0.011 0.443 0.02 0.02
4 0.447 0.608 0.008 0.031
1 0.465 0.604 0.048 0.095
4 0.041 0.484 0.02 0.073
4 0.01 0.485 0.008 0.059
2 0.036 0.513 0.072 0.171
4 0.558 0.553 0.008 0.018
4 0.591 0.56 0.015 0.015
4 0.488 0.492 0.019 0.015
4 0.52 0.509 0.008 0.012
4 0.505 0.505 0.018 0.011
4 0.502 0.523 0.013 0.016
4 0.83 0.45 0.007 0.015
4 0.813 0.442 0.017 0.009
4 0.812 0.459 0.011 0.012
4 0.337 0.587 0.012 0.019
4 0.298 0.587 0.016 0.018
4 0.442 0.623 0.009 0.027
4 0.421 0.631 0.015 0.016
0 0.311 0.569 0.083 0.134
0 0.423 0.615 0.048 0.094
0 0.484 0.453 0.055 0.106
0 0.584 0.539 0.079 0.142
0 0.817 0.445 0.046 0.075
0 0.508 0.513 0.04 0.063
