4 0.246 0.461 0.029 0.021
1 0.252 0.445 0.044 0.089
4 0.744 0.217 0.02 0.012
4 0.742 0.233 0.02 0.015
4 0.765 0.222 0.007 0.018
4 0.616 0.436 0.011 0.022
4 0.578 0.441 0.015 0.02
4 0.389 0.548 0.013 0.016
4 0.378 0.573 0.017 0.021
4 0.352 0.567 0.009 0.02
4 0.709 0.794 0.02 0.025
4 0.538 0.514 0.013 0.016
4 0.532 0.542 0.017 0.018
4 0.502 0.538 0.011 0.022
4 0.687 0.481 0.011 0.019
4 0.675 0.504 0.017 0.019
4 0.651 0.491 0.007 0.022
0 0.745 0.192 0.051 0.109
0 0.595 0.42 0.082 0.144
0 0.672 0.485 0.056 0.086
0 0.706 0.773 0.057 0.115
0 0.522 0.52 0.068 0.092
0 0.36 0.444 0.09 0.15
0 0.376 0.557 0.062 0.097
