4 0.984 0.366 0.012 0.034
4 0.997 0.368 0.006 0.029
3 0.996 0.347 0.008 0.009
2 0.983 0.38 0.034 0.082
4 0.868 0.372 0.015 0.011
1 0.866 0.373 0.024 0.046
4 0.823 0.557 0.011 0.011
4 0.895 0.626 0.018 0.015
4 0.917 0.631 0.01 0.018
4 0.893 0.64 0.019 0.013
4 0.638 0.396 0.007 0.011
4 0.628 0.388 0.011 0.008
4 0.625 0.396 0.008 0.011
4 0.939 0.838 0.018 0.023
4 0.93 0.854 0.011 0.015
4 0.957 0.863 0.015 0.018
4 0.193 0.57 0.013 0.013
4 0.199 0.582 0.01 0.013
4 0.18 0.584 0.011 0.015
4 0.33 0.548 0.011 0.015
4 0.308 0.54 0.006 0.013
0 0.946 0.84 0.064 0.081
0 0.186 0.573 0.044 0.059
0 0.324 0.536 0.05 0.093
0 0.631 0.389 0.03 0.038
0 0.9 0.62 0.054 0.077
0 0.824 0.531 0.049 0.093
3 0.623 0.085 0.015 0.023
3 0.596 0.14 0.011 0.016
3 0.578 0.116 0.013 0.021
3 0.458 0.124 0.012 0.022
3 0.374 0.178 0.015 0.02
