4 0.823 0.671 0.01 0.019
4 0.774 0.669 0.016 0.026
4 0.789 0.474 0.011 0.018
4 0.781 0.495 0.013 0.021
4 0.756 0.488 0.01 0.019
4 0.305 0.688 0.015 0.025
4 0.464 0.587 0.008 0.026
4 0.43 0.57 0.012 0.019
3 0.063 0.36 0.028 0.019
4 0.037 0.397 0.014 0.065
4 0.064 0.398 0.01 0.058
4 0.094 0.396 0.02 0.072
2 0.07 0.425 0.116 0.163
4 0.275 0.396 0.007 0.026
1 0.291 0.395 0.041 0.081
4 0.778 0.225 0.018 0.011
4 0.777 0.238 0.019 0.016
4 0.165 0.546 0.017 0.02
4 0.145 0.57 0.013 0.02
4 0.176 0.562 0.011 0.022
4 0.636 0.477 0.012 0.021
4 0.673 0.489 0.017 0.019
0 0.444 0.579 0.055 0.087
0 0.778 0.204 0.05 0.095
0 0.151 0.55 0.061 0.099
0 0.303 0.66 0.055 0.109
0 0.664 0.468 0.08 0.142
0 0.776 0.479 0.059 0.077
0 0.792 0.652 0.102 0.175
