3 0.624 0.144 0.017 0.023
3 0.595 0.143 0.007 0.016
3 0.555 0.174 0.009 0.016
3 0.537 0.21 0.016 0.033
3 0.557 0.244 0.015 0.023
3 0.381 0.201 0.011 0.019
3 0.337 0.211 0.01 0.022
3 0.996 0.422 0.008 0.011
4 0.997 0.445 0.005 0.035
4 0.984 0.442 0.011 0.036
2 0.982 0.457 0.036 0.082
4 0.006 0.729 0.009 0.025
4 0.893 0.448 0.015 0.011
1 0.022 0.719 0.044 0.074
1 0.89 0.453 0.022 0.052
4 0.154 0.668 0.015 0.015
4 0.16 0.682 0.011 0.014
4 0.14 0.681 0.011 0.015
4 0.783 0.824 0.013 0.023
4 0.774 0.835 0.01 0.022
4 0.716 0.705 0.007 0.018
4 0.691 0.697 0.011 0.021
4 0.784 0.569 0.012 0.013
4 0.788 0.58 0.01 0.014
4 0.772 0.577 0.009 0.014
0 0.022 0.504 0.044 0.083
0 0.796 0.824 0.064 0.09
0 0.778 0.569 0.04 0.054
0 0.695 0.686 0.061 0.119
0 0.148 0.669 0.047 0.063
