4 0.076 0.489 0.03 0.023
1 0.083 0.472 0.049 0.088
4 0.675 0.565 0.016 0.021
4 0.636 0.559 0.013 0.023
4 0.525 0.469 0.012 0.02
4 0.508 0.457 0.02 0.018
4 0.502 0.475 0.015 0.018
4 0.609 0.359 0.009 0.014
4 0.595 0.374 0.02 0.018
4 0.381 0.43 0.014 0.019
4 0.357 0.406 0.013 0.009
4 0.358 0.424 0.014 0.015
4 0.413 0.675 0.017 0.021
4 0.442 0.717 0.021 0.016
4 0.451 0.74 0.019 0.022
4 0.419 0.736 0.014 0.022
0 0.368 0.414 0.049 0.08
0 0.513 0.46 0.052 0.081
0 0.391 0.654 0.094 0.171
0 0.434 0.713 0.073 0.097
0 0.593 0.346 0.057 0.104
0 0.655 0.545 0.087 0.156
