4 0.271 0.508 0.023 0.019
1 0.277 0.5 0.044 0.084
4 0.022 0.481 0.021 0.073
2 0.029 0.504 0.058 0.164
4 0.412 0.604 0.022 0.02
4 0.374 0.592 0.015 0.021
4 0.205 0.489 0.015 0.014
4 0.663 0.644 0.018 0.018
4 0.637 0.622 0.012 0.019
4 0.627 0.634 0.01 0.021
4 0.727 0.296 0.009 0.012
4 0.734 0.309 0.013 0.012
4 0.428 0.552 0.008 0.019
4 0.461 0.56 0.011 0.013
4 0.369 0.56 0.011 0.013
0 0.735 0.298 0.036 0.055
0 0.655 0.616 0.08 0.103
0 0.456 0.535 0.072 0.129
0 0.4 0.566 0.073 0.116
0 0.387 0.51 0.071 0.156
0 0.206 0.472 0.047 0.08
