1 0.36 0.58 0.051 0.096
4 0.34 0.584 0.011 0.034
0 0.362 0.326 0.058 0.08
0 0.552 0.497 0.081 0.126
0 0.416 0.57 0.055 0.088
0 0.614 0.696 0.104 0.131
0 0.572 0.607 0.098 0.165
0 0.901 0.789 0.121 0.197
4 0.55 0.636 0.017 0.029
4 0.597 0.644 0.016 0.025
4 0.539 0.521 0.019 0.022
4 0.568 0.534 0.022 0.023
4 0.532 0.54 0.02 0.025
4 0.096 0.333 0.013 0.021
4 0.105 0.354 0.018 0.023
0 0.111 0.341 0.054 0.074
4 0.129 0.357 0.017 0.022
4 0.348 0.34 0.013 0.022
4 0.368 0.327 0.022 0.018
4 0.374 0.35 0.016 0.02
4 0.594 0.704 0.02 0.027
4 0.627 0.725 0.026 0.027
4 0.41 0.575 0.026 0.018
4 0.433 0.58 0.011 0.026
4 0.409 0.598 0.018 0.022
4 0.869 0.802 0.018 0.031
4 0.925 0.82 0.024 0.029
