1 0.254 0.44 0.049 0.096
4 0.235 0.444 0.011 0.027
0 0.582 0.419 0.071 0.134
0 0.594 0.524 0.068 0.083
0 0.617 0.564 0.078 0.088
0 0.762 0.637 0.094 0.137
0 0.413 0.621 0.068 0.113
0 0.107 0.634 0.109 0.196
2 0.026 0.475 0.052 0.189
4 0.015 0.444 0.025 0.084
4 0.102 0.663 0.022 0.027
4 0.146 0.637 0.017 0.032
4 0.399 0.618 0.02 0.029
4 0.421 0.641 0.022 0.023
4 0.388 0.64 0.015 0.026
4 0.736 0.639 0.019 0.032
4 0.766 0.671 0.028 0.031
4 0.724 0.654 0.013 0.033
4 0.58 0.518 0.016 0.021
4 0.587 0.546 0.017 0.022
4 0.613 0.418 0.007 0.022
4 0.578 0.437 0.018 0.021
4 0.628 0.567 0.023 0.021
4 0.637 0.585 0.014 0.02
4 0.604 0.586 0.016 0.022
