3 0.658 0.193 0.014 0.02
3 0.604 0.176 0.014 0.021
3 0.574 0.14 0.015 0.028
3 0.474 0.193 0.014 0.021
3 0.475 0.241 0.013 0.019
3 0.488 0.302 0.017 0.028
3 0.378 0.191 0.014 0.022
3 0.365 0.194 0.017 0.028
4 0.853 0.455 0.011 0.009
4 0.006 0.688 0.012 0.021
1 0.852 0.458 0.022 0.049
1 0.011 0.681 0.021 0.068
4 0.98 0.433 0.012 0.013
4 0.965 0.449 0.013 0.034
4 0.978 0.453 0.007 0.028
4 0.991 0.452 0.006 0.036
2 0.974 0.464 0.051 0.077
4 0.326 0.604 0.013 0.012
4 0.328 0.616 0.009 0.012
4 0.314 0.611 0.007 0.013
4 0.82 0.759 0.015 0.015
4 0.794 0.749 0.013 0.012
4 0.791 0.765 0.018 0.018
4 0.185 0.664 0.013 0.011
4 0.185 0.678 0.01 0.015
4 0.928 0.905 0.015 0.012
4 0.929 0.926 0.015 0.016
4 0.232 0.82 0.016 0.016
4 0.806 0.623 0.009 0.012
4 0.783 0.626 0.01 0.012
0 0.225 0.819 0.046 0.067
0 0.183 0.662 0.032 0.059
0 0.324 0.605 0.032 0.06
0 0.787 0.617 0.055 0.092
0 0.802 0.744 0.056 0.084
0 0.929 0.907 0.048 0.084
