3 0.353 0.159 0.012 0.021
3 0.419 0.153 0.011 0.018
3 0.654 0.1 0.016 0.025
3 0.591 0.123 0.013 0.025
3 0.615 0.165 0.016 0.022
4 0.847 0.408 0.018 0.012
1 0.846 0.413 0.024 0.052
4 0.807 0.518 0.012 0.013
4 0.907 0.678 0.015 0.015
4 0.885 0.666 0.015 0.015
4 0.878 0.678 0.015 0.02
4 0.653 0.436 0.011 0.013
4 0.643 0.427 0.011 0.009
4 0.64 0.435 0.01 0.013
4 0.177 0.627 0.01 0.016
4 0.166 0.643 0.015 0.013
0 0.168 0.63 0.041 0.062
0 0.809 0.511 0.047 0.087
0 0.896 0.663 0.067 0.079
0 0.648 0.43 0.034 0.041
0 0.085 0.44 0.049 0.081
