4 0.347 0.259 0.017 0.023
1 0.359 0.267 0.048 0.088
4 0.736 0.199 0.022 0.015
4 0.756 0.234 0.012 0.062
4 0.735 0.233 0.008 0.05
4 0.715 0.23 0.019 0.063
2 0.733 0.254 0.091 0.137
4 0.311 0.601 0.02 0.026
4 0.264 0.615 0.021 0.021
4 0.529 0.606 0.013 0.026
4 0.574 0.616 0.016 0.027
4 0.453 0.301 0.02 0.018
4 0.458 0.316 0.017 0.015
4 0.436 0.31 0.012 0.02
4 0.228 0.529 0.018 0.022
4 0.232 0.507 0.017 0.016
4 0.198 0.531 0.015 0.022
4 0.407 0.502 0.018 0.021
4 0.375 0.485 0.009 0.023
4 0.626 0.444 0.017 0.025
4 0.607 0.42 0.013 0.023
4 0.597 0.437 0.012 0.015
0 0.622 0.424 0.067 0.087
0 0.556 0.592 0.089 0.177
0 0.524 0.599 0.056 0.102
0 0.406 0.485 0.075 0.151
0 0.287 0.567 0.093 0.151
0 0.218 0.515 0.064 0.094
0 0.449 0.306 0.051 0.068
