1 0.053 0.724 0.04 0.067
1 0.822 0.475 0.022 0.043
4 0.039 0.73 0.011 0.026
4 0.824 0.474 0.015 0.011
3 0.417 0.242 0.093 0.175
0 0.146 0.688 0.061 0.086
0 0.243 0.613 0.026 0.049
0 0.437 0.59 0.046 0.093
0 0.736 0.569 0.048 0.083
0 0.921 0.594 0.04 0.055
0 0.945 0.885 0.059 0.077
4 0.437 0.607 0.012 0.015
4 0.157 0.699 0.017 0.019
4 0.162 0.711 0.015 0.02
4 0.138 0.713 0.017 0.018
4 0.242 0.61 0.016 0.012
4 0.241 0.623 0.011 0.012
4 0.927 0.609 0.012 0.015
4 0.911 0.602 0.009 0.018
4 0.731 0.58 0.009 0.014
4 0.753 0.578 0.008 0.018
4 0.936 0.88 0.014 0.027
4 0.951 0.904 0.015 0.019
4 0.926 0.892 0.013 0.026
2 0.906 0.479 0.048 0.074
3 0.912 0.451 0.017 0.012
4 0.899 0.464 0.01 0.032
4 0.91 0.47 0.006 0.027
4 0.921 0.472 0.009 0.029
