3 0.634 0.166 0.016 0.022
3 0.613 0.187 0.009 0.018
3 0.579 0.187 0.011 0.018
3 0.513 0.245 0.017 0.028
3 0.414 0.202 0.009 0.014
4 0.859 0.462 0.015 0.013
1 0.855 0.464 0.024 0.046
4 0.056 0.744 0.011 0.026
1 0.071 0.735 0.044 0.07
4 0.474 0.804 0.017 0.019
4 0.13 0.627 0.015 0.012
4 0.132 0.64 0.012 0.014
4 0.808 0.579 0.016 0.013
4 0.942 0.558 0.01 0.013
4 0.955 0.573 0.012 0.014
4 0.935 0.566 0.008 0.013
0 0.951 0.562 0.041 0.055
0 0.807 0.565 0.042 0.061
0 0.484 0.787 0.068 0.126
0 0.129 0.626 0.033 0.059
