4 0.94 0.407 0.017 0.012
1 0.937 0.409 0.026 0.055
4 0.006 0.678 0.011 0.019
1 0.013 0.664 0.026 0.08
4 0.246 0.517 0.007 0.013
4 0.239 0.529 0.011 0.012
4 0.421 0.515 0.008 0.015
4 0.396 0.522 0.011 0.014
4 0.67 0.425 0.009 0.011
4 0.674 0.435 0.007 0.011
4 0.659 0.434 0.009 0.013
4 0.832 0.528 0.009 0.012
4 0.825 0.536 0.009 0.014
4 0.849 0.541 0.017 0.014
4 0.591 0.607 0.012 0.016
0 0.845 0.525 0.051 0.07
0 0.163 0.435 0.05 0.074
0 0.666 0.427 0.035 0.045
0 0.585 0.583 0.06 0.122
0 0.401 0.511 0.059 0.095
0 0.238 0.521 0.033 0.058
3 0.445 0.094 0.097 0.185
