1 0.044 0.419 0.048 0.082
4 0.903 0.739 0.011 0.02
4 0.875 0.744 0.021 0.021
4 0.843 0.698 0.015 0.022
4 0.823 0.723 0.02 0.021
4 0.369 0.388 0.011 0.018
4 0.333 0.392 0.014 0.016
4 0.403 0.525 0.015 0.02
4 0.384 0.511 0.017 0.019
4 0.377 0.531 0.015 0.019
4 0.109 0.732 0.018 0.027
4 0.07 0.704 0.018 0.016
4 0.073 0.735 0.02 0.021
4 0.611 0.244 0.011 0.013
4 0.593 0.254 0.019 0.014
4 0.617 0.254 0.011 0.015
0 0.012 0.572 0.023 0.162
0 0.35 0.383 0.076 0.115
0 0.598 0.224 0.059 0.086
0 0.089 0.714 0.084 0.11
0 0.392 0.509 0.06 0.088
0 0.825 0.7 0.063 0.102
0 0.883 0.723 0.063 0.103
