1 0.07 0.714 0.038 0.069
1 0.823 0.47 0.02 0.046
4 0.055 0.722 0.009 0.026
4 0.824 0.469 0.016 0.012
3 0.39 0.212 0.015 0.027
3 0.423 0.194 0.017 0.031
3 0.373 0.206 0.013 0.022
3 0.606 0.127 0.019 0.023
3 0.55 0.166 0.016 0.028
0 0.764 0.568 0.045 0.084
0 0.875 0.559 0.04 0.05
0 0.171 0.664 0.052 0.081
0 0.293 0.635 0.051 0.094
0 0.097 0.67 0.046 0.06
4 0.311 0.641 0.009 0.02
4 0.29 0.649 0.013 0.014
4 0.189 0.672 0.012 0.02
4 0.164 0.688 0.017 0.016
4 0.103 0.554 0.009 0.016
4 0.091 0.567 0.013 0.012
0 0.096 0.552 0.038 0.05
4 0.11 0.563 0.008 0.016
4 0.089 0.677 0.01 0.014
4 0.106 0.678 0.013 0.014
4 0.87 0.56 0.011 0.016
4 0.881 0.573 0.011 0.018
4 0.779 0.575 0.007 0.018
4 0.757 0.578 0.013 0.015
2 0.94 0.477 0.051 0.077
3 0.945 0.446 0.015 0.012
4 0.931 0.461 0.011 0.031
4 0.942 0.465 0.005 0.026
4 0.954 0.469 0.01 0.034
