3 0.336 0.154 0.024 0.036
3 0.441 0.146 0.018 0.022
3 0.449 0.075 0.015 0.028
3 0.45 0.245 0.014 0.034
4 0.867 0.446 0.017 0.012
1 0.865 0.447 0.028 0.052
4 0.992 0.418 0.016 0.012
4 0.975 0.434 0.013 0.04
4 0.99 0.44 0.007 0.034
2 0.977 0.451 0.046 0.088
4 0.372 0.557 0.01 0.013
4 0.347 0.574 0.012 0.016
4 0.079 0.701 0.022 0.015
4 0.082 0.717 0.013 0.016
4 0.06 0.712 0.009 0.02
4 0.787 0.629 0.01 0.019
4 0.815 0.638 0.011 0.015
0 0.803 0.622 0.062 0.103
0 0.357 0.559 0.063 0.096
0 0.074 0.702 0.046 0.07
