3 0.704 0.189 0.011 0.016
3 0.65 0.139 0.011 0.02
3 0.608 0.134 0.007 0.013
3 0.612 0.159 0.009 0.016
3 0.632 0.231 0.008 0.02
3 0.511 0.138 0.008 0.011
3 0.462 0.18 0.009 0.016
3 0.459 0.205 0.011 0.016
3 0.395 0.192 0.011 0.025
3 0.586 0.229 0.015 0.019
4 0.109 0.645 0.02 0.018
1 0.114 0.634 0.032 0.062
4 0.833 0.414 0.012 0.014
1 0.839 0.413 0.024 0.038
4 0.111 0.758 0.016 0.014
4 0.118 0.772 0.013 0.02
4 0.335 0.438 0.008 0.012
4 0.348 0.434 0.009 0.012
4 0.857 0.549 0.011 0.015
4 0.773 0.904 0.011 0.021
4 0.742 0.92 0.023 0.019
0 0.859 0.536 0.044 0.087
0 0.751 0.889 0.067 0.102
0 0.342 0.429 0.028 0.046
0 0.102 0.76 0.053 0.072
