3 0.665 0.184 0.013 0.022
3 0.576 0.115 0.013 0.028
3 0.571 0.07 0.009 0.019
3 0.469 0.159 0.013 0.019
3 0.4 0.177 0.015 0.023
3 0.388 0.187 0.015 0.033
3 0.489 0.225 0.014 0.02
3 0.481 0.321 0.013 0.025
3 0.586 0.185 0.017 0.025
4 0.867 0.452 0.011 0.009
1 0.866 0.455 0.026 0.05
4 0.989 0.431 0.014 0.011
4 0.998 0.452 0.004 0.035
4 0.986 0.452 0.005 0.029
4 0.974 0.447 0.011 0.031
2 0.979 0.464 0.043 0.082
4 0.314 0.538 0.013 0.009
4 0.314 0.548 0.008 0.012
4 0.53 0.753 0.009 0.018
4 0.543 0.77 0.017 0.015
4 0.196 0.658 0.011 0.012
4 0.186 0.648 0.008 0.012
4 0.181 0.658 0.006 0.013
4 0.897 0.918 0.009 0.025
4 0.241 0.816 0.017 0.018
4 0.808 0.617 0.011 0.013
0 0.806 0.604 0.046 0.093
0 0.909 0.93 0.051 0.076
0 0.547 0.755 0.057 0.076
0 0.313 0.538 0.025 0.05
0 0.193 0.647 0.038 0.06
0 0.235 0.807 0.042 0.061
