3 0.076 0.398 0.024 0.016
1 0.297 0.406 0.04 0.084
4 0.104 0.435 0.017 0.074
4 0.076 0.437 0.007 0.062
4 0.068 0.444 0.007 0.054
4 0.049 0.434 0.011 0.062
2 0.08 0.465 0.114 0.167
4 0.442 0.487 0.01 0.011
4 0.408 0.524 0.014 0.02
4 0.418 0.542 0.012 0.019
4 0.59 0.262 0.011 0.013
4 0.57 0.252 0.011 0.012
4 0.568 0.264 0.011 0.015
4 0.977 0.718 0.027 0.019
4 0.945 0.688 0.011 0.025
4 0.933 0.704 0.012 0.025
4 0.891 0.279 0.009 0.012
4 0.896 0.29 0.009 0.016
4 0.876 0.288 0.011 0.014
4 0.366 0.562 0.013 0.015
0 0.96 0.687 0.079 0.131
0 0.883 0.276 0.046 0.059
0 0.581 0.249 0.044 0.069
0 0.365 0.535 0.071 0.154
0 0.398 0.504 0.059 0.126
0 0.509 0.558 0.053 0.087
0 0.457 0.47 0.073 0.14
