3 0.053 0.411 0.026 0.018
1 0.28 0.408 0.043 0.077
4 0.082 0.448 0.015 0.07
4 0.053 0.452 0.007 0.054
4 0.026 0.45 0.014 0.065
2 0.058 0.48 0.112 0.169
4 0.57 0.541 0.016 0.016
4 0.312 0.616 0.009 0.018
4 0.941 0.301 0.015 0.013
4 0.939 0.315 0.011 0.013
4 0.995 0.386 0.01 0.013
4 0.995 0.404 0.01 0.015
4 0.348 0.607 0.01 0.019
4 0.384 0.626 0.016 0.014
4 0.478 0.603 0.008 0.016
0 0.493 0.593 0.06 0.083
0 0.988 0.391 0.023 0.068
0 0.329 0.579 0.067 0.137
0 0.942 0.305 0.034 0.061
0 0.57 0.512 0.071 0.12
0 0.38 0.602 0.077 0.151
