3 0.067 0.354 0.028 0.016
4 0.668 0.647 0.019 0.023
4 0.095 0.391 0.02 0.074
4 0.067 0.393 0.007 0.056
4 0.04 0.393 0.013 0.068
2 0.073 0.418 0.111 0.169
4 0.374 0.437 0.025 0.022
1 0.38 0.427 0.04 0.092
4 0.12 0.59 0.017 0.025
4 0.131 0.607 0.015 0.018
4 0.098 0.613 0.018 0.021
4 0.781 0.22 0.018 0.009
4 0.779 0.232 0.019 0.014
4 0.67 0.522 0.013 0.027
4 0.709 0.533 0.014 0.02
4 0.383 0.609 0.026 0.016
4 0.405 0.621 0.011 0.02
4 0.379 0.628 0.018 0.02
4 0.311 0.658 0.024 0.021
4 0.284 0.673 0.011 0.023
4 0.749 0.445 0.015 0.019
4 0.73 0.432 0.008 0.019
0 0.781 0.201 0.046 0.103
0 0.107 0.589 0.072 0.101
0 0.745 0.428 0.044 0.081
0 0.69 0.503 0.096 0.147
0 0.671 0.617 0.082 0.169
0 0.388 0.61 0.059 0.099
0 0.303 0.658 0.063 0.103
