4 0.122 0.376 0.026 0.016
4 0.18 0.459 0.007 0.068
4 0.144 0.42 0.011 0.052
4 0.124 0.413 0.017 0.06
4 0.104 0.418 0.008 0.05
4 0.065 0.467 0.012 0.062
4 0.125 0.46 0.023 0.014
2 0.122 0.442 0.13 0.162
4 0.388 0.454 0.022 0.02
1 0.395 0.447 0.038 0.093
4 0.29 0.384 0.012 0.019
4 0.267 0.387 0.014 0.016
4 0.824 0.507 0.017 0.021
4 0.318 0.686 0.026 0.02
4 0.312 0.711 0.017 0.022
0 0.455 0.248 0.062 0.103
0 0.373 0.697 0.072 0.101
0 0.326 0.686 0.071 0.102
0 0.278 0.373 0.054 0.074
0 0.825 0.48 0.066 0.143
