4 0.317 0.323 0.03 0.019
4 0.526 0.32 0.023 0.015
4 0.52 0.333 0.018 0.019
4 0.409 0.368 0.017 0.022
4 0.367 0.357 0.01 0.023
4 0.381 0.438 0.01 0.067
4 0.34 0.379 0.012 0.065
4 0.319 0.369 0.018 0.07
4 0.294 0.376 0.009 0.056
4 0.318 0.426 0.026 0.023
4 0.249 0.436 0.01 0.065
2 0.314 0.4 0.148 0.198
4 0.634 0.445 0.028 0.025
1 0.644 0.437 0.051 0.119
4 0.488 0.476 0.017 0.022
4 0.448 0.5 0.027 0.023
4 0.626 0.707 0.017 0.027
4 0.344 0.577 0.015 0.028
4 0.392 0.606 0.028 0.028
0 0.615 0.677 0.075 0.116
0 0.555 0.721 0.137 0.219
0 0.527 0.316 0.054 0.081
0 0.377 0.559 0.1 0.144
0 0.458 0.435 0.09 0.178
0 0.396 0.346 0.086 0.158
