4 0.495 0.599 0.011 0.02
4 0.541 0.613 0.016 0.02
4 0.265 0.455 0.018 0.016
4 0.231 0.465 0.02 0.019
4 0.337 0.452 0.009 0.019
4 0.313 0.468 0.013 0.016
4 0.688 0.755 0.018 0.026
4 0.679 0.796 0.026 0.027
4 0.553 0.299 0.015 0.014
4 0.539 0.283 0.009 0.019
4 0.531 0.295 0.009 0.02
4 0.729 0.854 0.011 0.031
4 0.414 0.336 0.015 0.014
4 0.398 0.315 0.01 0.013
4 0.389 0.33 0.012 0.014
4 0.946 0.307 0.009 0.02
4 0.982 0.319 0.016 0.016
0 0.549 0.285 0.048 0.079
0 0.41 0.323 0.056 0.08
0 0.319 0.446 0.053 0.094
0 0.251 0.43 0.09 0.143
0 0.522 0.584 0.1 0.182
0 0.661 0.763 0.116 0.154
0 0.967 0.306 0.065 0.138
0 0.752 0.849 0.062 0.126
