3 0.623 0.154 0.017 0.029
3 0.602 0.178 0.01 0.02
3 0.568 0.176 0.015 0.027
3 0.404 0.206 0.015 0.025
3 0.388 0.174 0.012 0.018
3 0.434 0.204 0.017 0.033
4 0.758 0.426 0.012 0.014
1 0.764 0.431 0.028 0.05
4 0.961 0.417 0.014 0.013
4 0.948 0.433 0.013 0.033
4 0.959 0.435 0.008 0.029
4 0.971 0.435 0.008 0.035
2 0.957 0.447 0.051 0.081
4 0.208 0.649 0.009 0.019
4 0.2 0.641 0.009 0.018
4 0.186 0.658 0.02 0.014
4 0.32 0.623 0.012 0.016
4 0.295 0.625 0.009 0.018
4 0.473 0.462 0.008 0.014
4 0.466 0.47 0.011 0.015
4 0.134 0.515 0.011 0.013
4 0.14 0.522 0.009 0.015
4 0.123 0.526 0.013 0.014
4 0.772 0.54 0.012 0.014
4 0.791 0.537 0.009 0.018
4 0.885 0.522 0.012 0.012
4 0.894 0.536 0.011 0.013
4 0.879 0.529 0.009 0.015
4 0.934 0.844 0.013 0.021
4 0.955 0.84 0.008 0.022
0 0.942 0.828 0.046 0.076
0 0.128 0.514 0.035 0.049
0 0.309 0.616 0.055 0.1
0 0.187 0.634 0.052 0.081
0 0.468 0.465 0.027 0.045
0 0.776 0.531 0.045 0.079
0 0.89 0.526 0.036 0.049
