3 0.568 0.224 0.015 0.026
3 0.628 0.199 0.016 0.025
3 0.612 0.227 0.014 0.02
3 0.393 0.257 0.013 0.021
3 0.377 0.218 0.013 0.016
4 0.865 0.479 0.014 0.014
1 0.865 0.48 0.02 0.049
4 0.943 0.457 0.013 0.012
4 0.953 0.478 0.009 0.034
4 0.941 0.475 0.007 0.027
4 0.929 0.471 0.011 0.034
2 0.939 0.487 0.051 0.081
4 0.131 0.556 0.009 0.014
4 0.137 0.564 0.007 0.015
4 0.12 0.568 0.012 0.014
4 0.185 0.697 0.011 0.016
4 0.167 0.704 0.011 0.018
4 0.765 0.582 0.011 0.014
4 0.879 0.575 0.009 0.018
4 0.896 0.577 0.009 0.015
0 0.124 0.556 0.038 0.048
0 0.175 0.693 0.04 0.065
0 0.763 0.569 0.044 0.072
0 0.886 0.568 0.04 0.059
0 0.121 0.518 0.04 0.073
