4 0.016 0.416 0.028 0.018
4 0.077 0.496 0.01 0.069
4 0.04 0.459 0.015 0.049
4 0.02 0.454 0.021 0.059
4 0.022 0.501 0.021 0.016
2 0.043 0.479 0.086 0.164
4 0.284 0.481 0.022 0.018
1 0.29 0.474 0.037 0.092
4 0.257 0.325 0.013 0.015
4 0.262 0.337 0.015 0.018
4 0.238 0.335 0.02 0.018
4 0.326 0.299 0.01 0.012
4 0.309 0.3 0.012 0.013
4 0.768 0.357 0.007 0.015
4 0.742 0.36 0.014 0.014
4 0.348 0.738 0.011 0.023
4 0.322 0.758 0.018 0.021
4 0.216 0.708 0.024 0.02
4 0.209 0.732 0.015 0.025
4 0.887 0.369 0.01 0.014
4 0.875 0.383 0.014 0.016
0 0.314 0.292 0.04 0.06
0 0.221 0.707 0.067 0.104
0 0.242 0.309 0.058 0.095
0 0.329 0.729 0.059 0.103
0 0.748 0.347 0.063 0.107
0 0.877 0.372 0.043 0.062
