3 0.47 0.21 0.044 0.076
3 0.428 0.146 0.039 0.052
4 0.882 0.445 0.015 0.012
4 0.989 0.439 0.013 0.033
2 0.986 0.456 0.028 0.076
1 0.88 0.449 0.022 0.048
4 0.271 0.593 0.011 0.013
4 0.114 0.526 0.011 0.013
4 0.121 0.534 0.009 0.014
4 0.102 0.538 0.013 0.011
4 0.243 0.597 0.013 0.011
4 0.248 0.607 0.009 0.014
4 0.231 0.607 0.01 0.013
4 0.638 0.819 0.018 0.013
4 0.641 0.838 0.011 0.016
4 0.621 0.826 0.008 0.016
4 0.579 0.809 0.015 0.016
4 0.816 0.673 0.007 0.015
4 0.799 0.671 0.018 0.014
4 0.797 0.685 0.019 0.014
0 0.802 0.665 0.043 0.074
0 0.635 0.818 0.046 0.077
0 0.581 0.787 0.059 0.123
0 0.273 0.582 0.05 0.086
0 0.237 0.599 0.034 0.059
0 0.107 0.525 0.04 0.053
0 0.994 0.844 0.012 0.084
