4 0.273 0.531 0.009 0.02
4 0.249 0.54 0.014 0.016
3 0.401 0.103 0.18 0.205
4 0.86 0.394 0.017 0.019
1 0.857 0.398 0.026 0.052
4 0.874 0.618 0.014 0.018
4 0.654 0.424 0.011 0.013
4 0.639 0.42 0.007 0.015
4 0.943 0.882 0.015 0.027
4 0.966 0.912 0.013 0.02
4 0.305 0.519 0.012 0.018
4 0.29 0.521 0.01 0.019
4 0.955 0.648 0.02 0.016
4 0.971 0.635 0.009 0.023
4 0.925 0.638 0.01 0.021
0 0.3 0.513 0.041 0.062
0 0.253 0.527 0.056 0.099
0 0.65 0.414 0.035 0.05
0 0.876 0.6 0.055 0.103
0 0.948 0.628 0.06 0.076
0 0.961 0.891 0.061 0.097
