3 0.516 0.014 0.017 0.027
3 0.403 0.009 0.011 0.018
3 0.404 0.097 0.017 0.04
3 0.444 0.127 0.02 0.045
3 0.321 0.145 0.015 0.032
4 0.9 0.323 0.017 0.013
1 0.898 0.328 0.025 0.062
4 0.231 0.643 0.02 0.022
4 0.196 0.631 0.013 0.023
4 0.438 0.713 0.018 0.02
4 0.244 0.462 0.01 0.012
4 0.233 0.476 0.014 0.015
4 0.418 0.372 0.01 0.012
4 0.402 0.371 0.01 0.014
4 0.642 0.48 0.011 0.016
0 0.631 0.456 0.059 0.109
0 0.409 0.362 0.037 0.055
0 0.433 0.692 0.075 0.146
0 0.235 0.464 0.038 0.062
0 0.22 0.603 0.071 0.129
