1 0.071 0.691 0.036 0.073
1 0.805 0.451 0.022 0.049
4 0.059 0.697 0.009 0.023
4 0.806 0.449 0.015 0.015
3 0.378 0.22 0.017 0.027
3 0.42 0.193 0.013 0.022
3 0.532 0.193 0.013 0.022
3 0.582 0.168 0.015 0.02
3 0.489 0.267 0.015 0.027
0 0.152 0.594 0.039 0.048
0 0.155 0.661 0.06 0.089
0 0.315 0.558 0.049 0.081
0 0.33 0.91 0.052 0.077
0 0.604 0.835 0.063 0.1
0 0.748 0.543 0.05 0.08
0 0.94 0.565 0.044 0.054
0 0.931 0.603 0.036 0.056
4 0.307 0.564 0.01 0.018
4 0.329 0.558 0.011 0.015
4 0.165 0.672 0.014 0.02
4 0.171 0.685 0.014 0.02
4 0.146 0.688 0.021 0.02
4 0.343 0.903 0.012 0.027
4 0.334 0.93 0.015 0.02
4 0.311 0.925 0.013 0.028
4 0.157 0.594 0.014 0.014
4 0.161 0.603 0.009 0.014
4 0.146 0.605 0.014 0.013
4 0.928 0.567 0.011 0.013
4 0.946 0.576 0.011 0.013
4 0.741 0.552 0.012 0.016
4 0.763 0.552 0.009 0.015
4 0.601 0.847 0.02 0.018
4 0.625 0.849 0.011 0.025
4 0.598 0.867 0.02 0.025
4 0.933 0.601 0.019 0.014
4 0.932 0.616 0.013 0.015
2 0.919 0.455 0.05 0.074
3 0.923 0.425 0.015 0.012
4 0.909 0.44 0.01 0.032
4 0.921 0.445 0.007 0.029
4 0.933 0.446 0.007 0.038
