4 0.354 0.461 0.028 0.025
1 0.36 0.448 0.042 0.096
2 0.014 0.439 0.028 0.169
4 0.78 0.207 0.021 0.013
4 0.801 0.215 0.007 0.016
4 0.778 0.225 0.02 0.018
4 0.756 0.392 0.015 0.019
4 0.214 0.735 0.016 0.025
4 0.178 0.742 0.017 0.022
4 0.436 0.725 0.012 0.023
4 0.405 0.729 0.012 0.023
4 0.716 0.418 0.009 0.015
4 0.705 0.44 0.018 0.021
4 0.681 0.43 0.011 0.02
4 0.744 0.483 0.018 0.022
4 0.751 0.502 0.013 0.019
4 0.722 0.501 0.013 0.022
4 0.427 0.615 0.016 0.023
4 0.378 0.612 0.013 0.022
4 0.952 0.686 0.019 0.029
4 0.915 0.698 0.035 0.029
0 0.781 0.184 0.055 0.111
0 0.926 0.672 0.105 0.137
0 0.761 0.369 0.069 0.138
0 0.703 0.421 0.057 0.082
0 0.734 0.484 0.069 0.093
0 0.405 0.589 0.1 0.163
0 0.409 0.706 0.079 0.121
0 0.202 0.72 0.088 0.126
