4 0.096 0.423 0.026 0.016
4 0.156 0.503 0.009 0.067
4 0.119 0.464 0.011 0.05
4 0.101 0.46 0.017 0.058
4 0.078 0.464 0.008 0.05
4 0.04 0.515 0.013 0.062
4 0.101 0.506 0.022 0.02
2 0.096 0.484 0.131 0.163
4 0.36 0.493 0.022 0.019
1 0.366 0.487 0.036 0.087
4 0.38 0.328 0.017 0.013
4 0.375 0.342 0.017 0.014
4 0.801 0.441 0.011 0.015
4 0.836 0.452 0.015 0.016
4 0.366 0.759 0.011 0.02
4 0.392 0.776 0.019 0.02
4 0.29 0.726 0.024 0.02
4 0.284 0.749 0.016 0.026
4 0.772 0.448 0.011 0.016
0 0.385 0.308 0.059 0.102
0 0.298 0.726 0.071 0.109
0 0.783 0.438 0.044 0.076
0 0.385 0.751 0.061 0.108
0 0.824 0.435 0.071 0.128
