4 0.892 0.396 0.016 0.012
1 0.89 0.398 0.029 0.055
4 0.192 0.54 0.013 0.013
4 0.18 0.533 0.011 0.009
4 0.173 0.544 0.009 0.015
4 0.469 0.52 0.012 0.014
4 0.658 0.42 0.015 0.007
4 0.657 0.431 0.011 0.013
4 0.822 0.519 0.009 0.014
4 0.839 0.534 0.018 0.016
4 0.569 0.559 0.012 0.014
0 0.837 0.518 0.05 0.068
0 0.186 0.532 0.041 0.06
0 0.472 0.501 0.052 0.108
0 0.568 0.539 0.055 0.115
0 0.659 0.42 0.029 0.047
3 0.677 0.018 0.028 0.036
3 0.52 0.061 0.03 0.063
3 0.471 0.024 0.028 0.047
3 0.323 0.008 0.025 0.015
