1 0.827 0.387 0.028 0.052
4 0.831 0.384 0.015 0.013
3 0.509 0.123 0.071 0.102
3 0.293 0.027 0.038 0.049
3 0.639 0.023 0.028 0.046
0 0.952 0.878 0.071 0.095
0 0.626 0.408 0.033 0.043
0 0.576 0.498 0.057 0.101
0 0.396 0.419 0.032 0.047
0 0.284 0.511 0.065 0.096
0 0.212 0.406 0.053 0.073
4 0.275 0.519 0.011 0.018
4 0.3 0.511 0.011 0.016
4 0.222 0.419 0.013 0.014
4 0.228 0.428 0.011 0.018
4 0.206 0.428 0.014 0.016
4 0.201 0.533 0.009 0.016
4 0.211 0.545 0.014 0.016
4 0.193 0.546 0.008 0.016
0 0.208 0.538 0.038 0.058
4 0.4 0.416 0.01 0.013
4 0.389 0.424 0.009 0.012
4 0.404 0.425 0.009 0.012
4 0.963 0.871 0.014 0.028
4 0.954 0.899 0.018 0.026
4 0.925 0.881 0.013 0.031
4 0.63 0.418 0.012 0.016
4 0.617 0.413 0.007 0.016
