3 0.683 0.18 0.007 0.02
3 0.67 0.184 0.012 0.015
3 0.631 0.117 0.012 0.02
3 0.586 0.115 0.007 0.011
3 0.589 0.141 0.011 0.015
3 0.467 0.115 0.009 0.014
3 0.373 0.163 0.009 0.016
3 0.409 0.211 0.013 0.02
4 0.81 0.405 0.013 0.014
1 0.815 0.411 0.024 0.046
4 0.303 0.423 0.013 0.009
4 0.305 0.433 0.013 0.011
4 0.289 0.426 0.006 0.012
4 0.077 0.837 0.014 0.02
4 0.088 0.848 0.01 0.018
4 0.063 0.861 0.017 0.016
4 0.837 0.534 0.013 0.012
0 0.837 0.523 0.041 0.077
0 0.302 0.408 0.035 0.068
0 0.066 0.84 0.056 0.086
