3 0.443 0.26 0.056 0.076
4 0.899 0.476 0.015 0.018
1 0.904 0.478 0.028 0.054
4 0.943 0.441 0.016 0.012
4 0.93 0.458 0.012 0.032
4 0.941 0.461 0.008 0.029
4 0.954 0.461 0.009 0.038
2 0.939 0.471 0.05 0.079
4 0.185 0.66 0.013 0.022
4 0.159 0.674 0.015 0.013
4 0.343 0.681 0.012 0.015
4 0.32 0.675 0.008 0.015
4 0.429 0.488 0.01 0.014
4 0.847 0.642 0.01 0.012
4 0.822 0.638 0.009 0.014
4 0.783 0.661 0.016 0.014
4 0.781 0.671 0.013 0.019
4 0.909 0.564 0.01 0.013
4 0.904 0.572 0.009 0.013
4 0.92 0.577 0.012 0.014
0 0.783 0.661 0.032 0.056
0 0.834 0.631 0.056 0.094
0 0.916 0.566 0.04 0.056
0 0.423 0.482 0.026 0.045
0 0.339 0.67 0.051 0.1
0 0.171 0.644 0.055 0.089
