4 0.053 0.296 0.023 0.028
4 0.024 0.286 0.025 0.026
4 0.015 0.312 0.021 0.029
4 0.57 0.49 0.03 0.018
4 0.573 0.513 0.022 0.023
4 0.55 0.495 0.01 0.021
4 0.369 0.587 0.028 0.027
4 0.33 0.572 0.02 0.025
4 0.319 0.595 0.02 0.026
4 0.61 0.606 0.021 0.026
4 0.619 0.628 0.014 0.025
4 0.582 0.628 0.018 0.027
4 0.501 0.492 0.015 0.021
4 0.45 0.499 0.018 0.022
0 0.04 0.281 0.079 0.121
0 0.354 0.559 0.116 0.142
0 0.472 0.478 0.111 0.181
0 0.569 0.483 0.053 0.111
0 0.593 0.606 0.083 0.12
0 0.952 0.346 0.097 0.144
