1 0.359 0.59 0.053 0.095
4 0.338 0.595 0.011 0.038
0 0.403 0.344 0.061 0.077
0 0.591 0.493 0.074 0.136
0 0.713 0.615 0.083 0.16
0 0.813 0.759 0.102 0.141
0 0.442 0.57 0.066 0.092
0 0.037 0.323 0.051 0.069
4 0.718 0.639 0.021 0.027
4 0.681 0.619 0.013 0.029
4 0.587 0.515 0.025 0.021
4 0.616 0.521 0.013 0.029
4 0.583 0.537 0.024 0.025
4 0.413 0.347 0.016 0.022
4 0.423 0.363 0.013 0.022
4 0.786 0.758 0.021 0.028
4 0.853 0.79 0.017 0.036
4 0.453 0.566 0.013 0.022
4 0.435 0.59 0.02 0.021
4 0.465 0.582 0.013 0.028
4 0.397 0.362 0.015 0.02
4 0.05 0.337 0.015 0.02
