3 0.517 0.014 0.019 0.028
3 0.661 0.007 0.015 0.014
3 0.431 0.076 0.02 0.038
3 0.391 0.036 0.018 0.034
3 0.31 0.137 0.012 0.026
4 0.916 0.364 0.017 0.014
4 0.622 0.496 0.011 0.015
4 0.95 0.86 0.011 0.025
4 0.934 0.885 0.02 0.019
4 0.405 0.404 0.011 0.012
4 0.382 0.454 0.009 0.012
4 0.366 0.452 0.01 0.012
4 0.326 0.59 0.014 0.016
4 0.299 0.582 0.007 0.015
4 0.146 0.552 0.009 0.016
4 0.117 0.558 0.02 0.019
1 0.913 0.368 0.028 0.058
0 0.319 0.573 0.063 0.12
0 0.124 0.528 0.059 0.102
0 0.372 0.446 0.036 0.056
0 0.401 0.392 0.029 0.047
0 0.934 0.867 0.062 0.094
0 0.611 0.474 0.055 0.096
