4 0.592 0.566 0.014 0.021
4 0.475 0.582 0.013 0.019
4 0.469 0.606 0.016 0.011
4 0.44 0.602 0.011 0.021
4 0.371 0.381 0.012 0.016
4 0.334 0.386 0.014 0.018
4 0.291 0.603 0.02 0.016
4 0.264 0.599 0.017 0.016
4 0.628 0.215 0.008 0.018
4 0.623 0.207 0.012 0.012
4 0.607 0.218 0.018 0.015
4 0.538 0.796 0.013 0.025
4 0.507 0.811 0.019 0.028
4 0.606 0.673 0.016 0.023
4 0.656 0.669 0.013 0.026
0 0.604 0.573 0.059 0.089
0 0.607 0.19 0.057 0.094
0 0.628 0.648 0.104 0.182
0 0.519 0.781 0.069 0.121
0 0.46 0.591 0.065 0.102
0 0.278 0.581 0.064 0.096
0 0.353 0.37 0.084 0.13
