4 0.748 0.45 0.013 0.014
1 0.753 0.45 0.026 0.048
4 0.948 0.442 0.015 0.012
4 0.946 0.46 0.007 0.028
4 0.958 0.462 0.008 0.035
4 0.933 0.458 0.013 0.033
2 0.942 0.471 0.051 0.079
4 0.204 0.661 0.013 0.018
4 0.209 0.672 0.012 0.022
4 0.188 0.677 0.017 0.016
4 0.349 0.667 0.012 0.015
4 0.326 0.672 0.013 0.015
4 0.413 0.479 0.011 0.009
4 0.412 0.488 0.011 0.012
4 0.221 0.495 0.012 0.013
4 0.773 0.569 0.01 0.014
4 0.754 0.559 0.007 0.016
4 0.68 0.822 0.009 0.016
4 0.893 0.57 0.011 0.015
4 0.883 0.559 0.011 0.014
4 0.877 0.565 0.007 0.015
0 0.192 0.65 0.055 0.089
0 0.333 0.658 0.054 0.099
0 0.227 0.49 0.034 0.05
0 0.669 0.813 0.048 0.066
4 0.659 0.82 0.009 0.015
0 0.889 0.559 0.036 0.054
0 0.768 0.556 0.046 0.074
0 0.412 0.482 0.024 0.041
