1 0.045 0.687 0.043 0.075
1 0.857 0.426 0.024 0.052
4 0.03 0.696 0.011 0.026
4 0.86 0.423 0.015 0.015
3 0.403 0.215 0.089 0.163
0 0.143 0.643 0.069 0.095
0 0.265 0.573 0.046 0.094
0 0.808 0.531 0.046 0.093
0 0.964 0.535 0.038 0.063
0 0.987 0.866 0.027 0.08
0 0.926 0.918 0.076 0.103
0 0.077 0.628 0.046 0.068
4 0.264 0.587 0.013 0.014
4 0.157 0.656 0.017 0.016
4 0.163 0.67 0.017 0.019
4 0.133 0.671 0.02 0.02
4 0.082 0.624 0.015 0.018
4 0.089 0.634 0.013 0.019
4 0.068 0.637 0.011 0.018
4 0.808 0.543 0.013 0.014
4 0.904 0.931 0.015 0.029
4 0.955 0.531 0.011 0.015
4 0.963 0.548 0.014 0.019
2 0.991 0.428 0.018 0.088
4 0.996 0.425 0.007 0.021
