3 0.455 0.179 0.069 0.128
4 0.86 0.464 0.014 0.012
1 0.857 0.465 0.022 0.048
4 0.973 0.441 0.015 0.011
4 0.986 0.462 0.008 0.038
4 0.972 0.461 0.007 0.031
4 0.959 0.457 0.012 0.034
2 0.97 0.473 0.053 0.08
4 0.459 0.58 0.012 0.013
4 0.107 0.638 0.01 0.014
4 0.089 0.64 0.013 0.014
4 0.846 0.735 0.011 0.016
4 0.815 0.728 0.009 0.014
4 0.894 0.552 0.009 0.013
4 0.905 0.566 0.011 0.012
4 0.887 0.561 0.007 0.012
0 0.095 0.629 0.039 0.056
0 0.462 0.566 0.046 0.088
0 0.832 0.72 0.063 0.107
0 0.9 0.555 0.037 0.05
