3 0.446 0.077 0.028 0.053
3 0.428 0.122 0.047 0.088
3 0.373 0.265 0.059 0.052
4 0.828 0.423 0.015 0.013
1 0.83 0.426 0.028 0.047
4 0.053 0.677 0.017 0.018
1 0.065 0.665 0.046 0.072
4 0.733 0.523 0.009 0.013
4 0.753 0.525 0.007 0.013
4 0.888 0.702 0.013 0.018
4 0.863 0.694 0.017 0.015
4 0.859 0.708 0.019 0.018
4 0.662 0.45 0.013 0.008
4 0.664 0.458 0.011 0.013
4 0.653 0.457 0.009 0.012
4 0.319 0.56 0.008 0.009
4 0.31 0.572 0.012 0.013
4 0.178 0.64 0.009 0.012
4 0.168 0.654 0.013 0.014
0 0.168 0.643 0.04 0.062
0 0.736 0.513 0.051 0.088
0 0.871 0.689 0.063 0.087
0 0.66 0.449 0.031 0.043
0 0.311 0.563 0.032 0.055
