3 0.402 0.23 0.017 0.025
3 0.447 0.239 0.017 0.028
3 0.552 0.256 0.014 0.025
3 0.563 0.204 0.012 0.019
3 0.597 0.206 0.008 0.018
3 0.617 0.181 0.013 0.025
4 0.78 0.457 0.015 0.012
1 0.779 0.46 0.02 0.049
4 0.945 0.437 0.015 0.012
4 0.955 0.457 0.008 0.036
4 0.944 0.455 0.007 0.032
4 0.931 0.451 0.013 0.034
2 0.94 0.465 0.052 0.079
4 0.196 0.658 0.009 0.02
4 0.185 0.676 0.018 0.014
4 0.369 0.687 0.01 0.015
4 0.345 0.695 0.015 0.015
4 0.401 0.478 0.013 0.011
4 0.403 0.487 0.009 0.011
4 0.218 0.481 0.011 0.015
4 0.769 0.566 0.009 0.013
4 0.751 0.555 0.005 0.014
4 0.752 0.737 0.011 0.016
4 0.767 0.732 0.007 0.018
4 0.88 0.553 0.009 0.014
4 0.892 0.565 0.011 0.013
4 0.876 0.561 0.009 0.016
0 0.888 0.552 0.038 0.054
0 0.756 0.724 0.038 0.061
0 0.765 0.554 0.046 0.075
0 0.4 0.48 0.027 0.045
0 0.351 0.679 0.054 0.104
0 0.183 0.653 0.05 0.083
0 0.22 0.475 0.027 0.047
