1 0.201 0.485 0.046 0.07
2 0.015 0.604 0.029 0.097
4 0.126 0.604 0.015 0.023
4 0.083 0.6 0.013 0.021
4 0.545 0.536 0.018 0.013
4 0.548 0.553 0.018 0.016
4 0.518 0.539 0.014 0.022
4 0.166 0.541 0.012 0.016
4 0.174 0.558 0.008 0.02
4 0.147 0.562 0.014 0.016
4 0.724 0.346 0.008 0.011
4 0.75 0.36 0.007 0.013
4 0.732 0.36 0.013 0.013
4 0.488 0.495 0.012 0.019
4 0.845 0.443 0.009 0.018
4 0.855 0.461 0.013 0.013
4 0.61 0.576 0.01 0.016
4 0.591 0.562 0.013 0.013
4 0.584 0.579 0.011 0.016
0 0.157 0.545 0.057 0.083
0 0.503 0.489 0.063 0.124
0 0.598 0.565 0.052 0.077
0 0.537 0.518 0.069 0.121
0 0.734 0.352 0.042 0.062
0 0.855 0.448 0.044 0.066
0 0.109 0.584 0.093 0.154
