3 0.609 0.138 0.016 0.025
3 0.64 0.018 0.016 0.027
3 0.619 0.019 0.009 0.019
3 0.543 0.042 0.016 0.026
3 0.501 0.041 0.016 0.028
3 0.474 0.036 0.009 0.016
3 0.443 0.019 0.014 0.02
4 0.198 0.408 0.014 0.016
4 0.203 0.42 0.014 0.014
4 0.181 0.419 0.016 0.014
4 0.473 0.534 0.013 0.016
4 0.496 0.524 0.009 0.018
4 0.35 0.493 0.009 0.016
4 0.338 0.485 0.017 0.013
4 0.335 0.499 0.012 0.018
4 0.701 0.429 0.011 0.015
4 0.692 0.417 0.01 0.013
4 0.687 0.427 0.008 0.015
0 0.34 0.489 0.038 0.065
0 0.189 0.398 0.055 0.082
0 0.691 0.516 0.054 0.096
0 0.7 0.42 0.038 0.055
0 0.475 0.516 0.061 0.114
