3 0.375 0.191 0.013 0.016
3 0.393 0.224 0.017 0.026
3 0.424 0.207 0.016 0.028
3 0.479 0.174 0.009 0.015
3 0.565 0.19 0.015 0.023
3 0.6 0.193 0.009 0.022
3 0.618 0.244 0.012 0.023
3 0.623 0.168 0.015 0.025
4 0.781 0.45 0.015 0.012
1 0.781 0.451 0.021 0.046
4 0.956 0.431 0.013 0.012
4 0.942 0.446 0.011 0.035
4 0.954 0.449 0.007 0.029
4 0.966 0.451 0.006 0.036
2 0.951 0.461 0.053 0.08
4 0.195 0.658 0.011 0.016
4 0.18 0.674 0.018 0.016
4 0.203 0.667 0.008 0.015
4 0.298 0.579 0.007 0.014
4 0.279 0.585 0.012 0.013
4 0.47 0.477 0.008 0.013
4 0.462 0.485 0.009 0.013
4 0.128 0.53 0.01 0.013
4 0.134 0.537 0.009 0.02
4 0.119 0.542 0.013 0.014
4 0.781 0.554 0.009 0.014
4 0.759 0.55 0.009 0.013
4 0.88 0.536 0.009 0.016
4 0.874 0.544 0.009 0.015
4 0.89 0.549 0.011 0.014
4 0.977 0.718 0.007 0.023
4 0.96 0.726 0.013 0.018
0 0.773 0.544 0.047 0.079
0 0.886 0.54 0.038 0.05
0 0.464 0.479 0.028 0.041
0 0.283 0.576 0.046 0.082
0 0.182 0.649 0.054 0.084
0 0.122 0.528 0.038 0.047
0 0.963 0.709 0.038 0.072
