3 0.978 0.399 0.013 0.009
4 0.99 0.42 0.007 0.034
4 0.977 0.42 0.007 0.032
4 0.963 0.415 0.011 0.036
2 0.973 0.431 0.053 0.074
4 0.914 0.431 0.013 0.009
1 0.92 0.434 0.028 0.055
4 0.057 0.694 0.007 0.018
1 0.073 0.685 0.04 0.07
4 0.931 0.865 0.018 0.023
4 0.924 0.88 0.011 0.02
0 0.937 0.87 0.05 0.088
4 0.15 0.651 0.019 0.011
4 0.149 0.667 0.013 0.013
4 0.228 0.555 0.011 0.013
4 0.268 0.569 0.008 0.015
4 0.246 0.575 0.011 0.012
4 0.645 0.46 0.013 0.009
4 0.646 0.471 0.008 0.012
4 0.782 0.538 0.008 0.013
4 0.793 0.55 0.016 0.012
4 0.618 0.506 0.011 0.013
4 0.637 0.504 0.007 0.014
0 0.793 0.538 0.041 0.063
0 0.231 0.545 0.029 0.05
0 0.644 0.461 0.028 0.043
0 0.622 0.496 0.042 0.076
0 0.252 0.563 0.052 0.09
0 0.153 0.651 0.035 0.062
3 0.432 0.171 0.012 0.026
3 0.608 0.141 0.015 0.021
