3 0.627 0.012 0.017 0.023
3 0.513 0.232 0.017 0.029
3 0.496 0.097 0.016 0.026
3 0.364 0.194 0.023 0.039
4 0.819 0.379 0.011 0.014
1 0.827 0.383 0.031 0.062
4 0.097 0.561 0.01 0.016
4 0.065 0.566 0.013 0.015
4 0.964 0.677 0.017 0.015
4 0.938 0.661 0.013 0.018
4 0.933 0.675 0.015 0.019
4 0.154 0.617 0.007 0.015
4 0.139 0.613 0.017 0.008
4 0.138 0.628 0.011 0.013
4 0.865 0.695 0.015 0.018
4 0.185 0.824 0.018 0.021
0 0.14 0.613 0.038 0.068
0 0.865 0.682 0.058 0.128
0 0.949 0.655 0.071 0.09
0 0.08 0.553 0.067 0.108
0 0.178 0.816 0.048 0.077
