1 0.811 0.434 0.023 0.049
4 0.064 0.677 0.011 0.026
1 0.076 0.671 0.038 0.072
4 0.814 0.433 0.013 0.014
3 0.387 0.194 0.016 0.029
3 0.446 0.165 0.012 0.02
3 0.521 0.25 0.017 0.026
3 0.553 0.167 0.015 0.025
3 0.608 0.141 0.017 0.025
0 0.169 0.635 0.061 0.08
0 0.246 0.559 0.032 0.052
0 0.371 0.535 0.05 0.075
0 0.221 0.899 0.046 0.084
0 0.904 0.848 0.052 0.076
0 0.69 0.848 0.066 0.095
0 0.753 0.528 0.046 0.077
0 0.93 0.554 0.039 0.056
4 0.365 0.545 0.011 0.014
4 0.385 0.537 0.011 0.018
4 0.182 0.644 0.012 0.016
4 0.164 0.66 0.018 0.019
4 0.187 0.657 0.015 0.022
4 0.235 0.915 0.012 0.031
4 0.252 0.556 0.009 0.014
4 0.245 0.568 0.011 0.014
4 0.929 0.552 0.016 0.014
4 0.942 0.562 0.008 0.016
4 0.926 0.565 0.012 0.013
4 0.767 0.535 0.007 0.014
4 0.747 0.536 0.011 0.014
4 0.674 0.841 0.014 0.027
4 0.688 0.87 0.024 0.027
4 0.895 0.84 0.012 0.021
4 0.908 0.866 0.015 0.018
2 0.924 0.439 0.049 0.075
3 0.929 0.41 0.016 0.012
4 0.927 0.43 0.006 0.028
4 0.939 0.431 0.008 0.039
4 0.915 0.427 0.01 0.032
