3 0.49 0.117 0.093 0.18
4 0.996 0.444 0.007 0.032
2 0.99 0.456 0.02 0.083
4 0.921 0.45 0.015 0.012
1 0.019 0.741 0.038 0.074
1 0.926 0.455 0.027 0.052
4 0.132 0.691 0.012 0.015
4 0.114 0.708 0.021 0.018
4 0.14 0.699 0.01 0.016
4 0.261 0.653 0.012 0.018
4 0.234 0.654 0.011 0.019
4 0.223 0.471 0.01 0.009
4 0.228 0.478 0.007 0.013
4 0.215 0.479 0.01 0.014
4 0.881 0.701 0.018 0.015
4 0.859 0.689 0.015 0.014
4 0.853 0.7 0.014 0.02
4 0.548 0.606 0.011 0.014
4 0.814 0.586 0.011 0.014
4 0.807 0.571 0.008 0.011
4 0.985 0.938 0.013 0.02
4 0.995 0.958 0.009 0.02
4 0.965 0.956 0.018 0.021
0 0.971 0.941 0.059 0.092
0 0.871 0.686 0.067 0.079
0 0.814 0.576 0.035 0.049
0 0.548 0.583 0.043 0.107
0 0.218 0.473 0.032 0.049
0 0.244 0.641 0.061 0.11
0 0.116 0.677 0.065 0.095
