4 0.597 0.35 0.024 0.018
4 0.595 0.434 0.025 0.018
4 0.579 0.398 0.011 0.054
4 0.616 0.399 0.011 0.054
4 0.596 0.415 0.009 0.018
2 0.597 0.416 0.114 0.156
4 0.435 0.427 0.024 0.018
1 0.44 0.429 0.042 0.093
4 0.518 0.421 0.016 0.02
4 0.148 0.949 0.034 0.022
4 0.149 0.982 0.022 0.029
4 0.456 0.462 0.01 0.013
4 0.442 0.477 0.017 0.018
4 0.697 0.474 0.01 0.021
4 0.688 0.458 0.014 0.018
4 0.671 0.474 0.014 0.022
0 0.15 0.944 0.067 0.112
0 0.681 0.461 0.051 0.083
0 0.444 0.47 0.05 0.069
0 0.531 0.492 0.083 0.119
0 0.521 0.397 0.065 0.111
4 0.176 0.959 0.009 0.027
