4 0.847 0.444 0.014 0.012
4 0.989 0.437 0.011 0.034
2 0.986 0.451 0.029 0.076
1 0.845 0.445 0.02 0.047
4 0.234 0.462 0.014 0.013
4 0.25 0.461 0.007 0.013
4 0.245 0.453 0.008 0.012
4 0.333 0.516 0.008 0.012
4 0.312 0.517 0.009 0.013
4 0.11 0.526 0.011 0.012
4 0.117 0.532 0.008 0.013
4 0.098 0.538 0.013 0.012
4 0.254 0.563 0.007 0.012
4 0.243 0.558 0.014 0.011
4 0.24 0.571 0.011 0.011
4 0.941 0.552 0.012 0.015
4 0.931 0.538 0.009 0.012
4 0.651 0.837 0.019 0.016
4 0.631 0.844 0.007 0.018
4 0.652 0.855 0.012 0.015
4 0.639 0.802 0.013 0.018
4 0.608 0.789 0.009 0.018
4 0.894 0.756 0.021 0.013
4 0.874 0.739 0.01 0.019
4 0.867 0.748 0.009 0.019
0 0.939 0.542 0.036 0.056
0 0.891 0.741 0.058 0.082
0 0.63 0.782 0.065 0.123
0 0.646 0.836 0.047 0.073
0 0.321 0.511 0.048 0.08
0 0.235 0.444 0.04 0.062
0 0.244 0.559 0.032 0.056
0 0.102 0.525 0.038 0.05
