4 0.213 0.494 0.03 0.02
1 0.22 0.48 0.043 0.099
4 0.496 0.443 0.016 0.018
4 0.504 0.461 0.015 0.02
4 0.469 0.457 0.022 0.021
4 0.695 0.606 0.019 0.022
4 0.66 0.58 0.009 0.022
4 0.29 0.633 0.016 0.025
4 0.28 0.653 0.011 0.022
4 0.432 0.397 0.016 0.018
4 0.421 0.378 0.011 0.016
4 0.679 0.823 0.008 0.029
4 0.633 0.795 0.011 0.022
4 0.645 0.83 0.019 0.018
4 0.633 0.516 0.016 0.022
0 0.433 0.384 0.05 0.083
0 0.48 0.422 0.083 0.133
0 0.634 0.495 0.076 0.148
0 0.692 0.582 0.077 0.177
0 0.652 0.804 0.073 0.117
0 0.304 0.632 0.069 0.109
