4 0.215 0.268 0.033 0.019
4 0.286 0.379 0.011 0.088
4 0.243 0.329 0.014 0.063
4 0.22 0.319 0.015 0.072
4 0.194 0.326 0.012 0.06
4 0.147 0.382 0.015 0.079
2 0.217 0.352 0.16 0.208
1 0.487 0.338 0.05 0.106
4 0.569 0.599 0.028 0.023
4 0.599 0.62 0.017 0.023
4 0.561 0.621 0.021 0.026
4 0.36 0.291 0.019 0.022
4 0.327 0.282 0.024 0.018
4 0.321 0.303 0.025 0.022
4 0.703 0.617 0.014 0.027
4 0.652 0.613 0.021 0.027
4 0.448 0.665 0.013 0.036
4 0.376 0.618 0.017 0.029
4 0.395 0.667 0.037 0.034
0 0.405 0.631 0.114 0.167
0 0.338 0.252 0.088 0.158
0 0.578 0.595 0.077 0.129
0 0.673 0.597 0.117 0.192
4 0.22 0.377 0.029 0.027
