3 0.366 0.207 0.022 0.033
3 0.431 0.219 0.021 0.039
3 0.41 0.145 0.013 0.02
3 0.527 0.176 0.016 0.034
3 0.573 0.206 0.018 0.025
3 0.591 0.177 0.012 0.018
3 0.628 0.142 0.011 0.023
3 0.649 0.143 0.015 0.032
4 0.939 0.467 0.013 0.014
3 0.996 0.43 0.008 0.014
1 0.944 0.472 0.031 0.052
4 0.997 0.454 0.005 0.034
4 0.984 0.449 0.013 0.039
2 0.984 0.458 0.033 0.082
4 0.328 0.724 0.007 0.015
4 0.354 0.732 0.013 0.013
4 0.153 0.685 0.009 0.018
4 0.161 0.695 0.01 0.025
4 0.136 0.701 0.017 0.013
4 0.311 0.975 0.009 0.021
4 0.276 0.992 0.007 0.015
4 0.8 0.672 0.011 0.015
4 0.779 0.665 0.014 0.013
4 0.774 0.677 0.015 0.018
4 0.265 0.475 0.011 0.008
4 0.269 0.482 0.009 0.012
4 0.254 0.482 0.009 0.014
4 0.63 0.569 0.008 0.013
4 0.837 0.589 0.008 0.011
4 0.826 0.575 0.008 0.012
4 0.82 0.584 0.007 0.014
0 0.138 0.675 0.062 0.094
0 0.259 0.476 0.032 0.048
0 0.35 0.711 0.059 0.128
0 0.628 0.56 0.046 0.084
0 0.785 0.659 0.057 0.072
0 0.831 0.581 0.04 0.052
0 0.294 0.968 0.053 0.063
