4 0.353 0.339 0.031 0.019
4 0.421 0.456 0.01 0.076
4 0.378 0.398 0.013 0.062
4 0.356 0.387 0.025 0.075
4 0.329 0.396 0.013 0.068
4 0.283 0.45 0.011 0.079
2 0.351 0.424 0.158 0.209
1 0.632 0.421 0.05 0.101
4 0.355 0.603 0.019 0.023
4 0.36 0.573 0.017 0.019
4 0.489 0.607 0.024 0.031
4 0.432 0.601 0.03 0.028
4 0.88 0.705 0.024 0.027
4 0.703 0.884 0.017 0.032
4 0.66 0.881 0.022 0.034
4 0.325 0.666 0.016 0.032
0 0.297 0.631 0.105 0.164
0 0.455 0.542 0.119 0.194
0 0.348 0.577 0.069 0.109
0 0.681 0.854 0.09 0.153
0 0.898 0.667 0.136 0.214
4 0.355 0.45 0.024 0.021
