3 0.551 0.084 0.067 0.109
4 0.983 0.408 0.017 0.015
4 0.748 0.497 0.012 0.013
4 0.723 0.499 0.013 0.014
1 0.986 0.408 0.028 0.054
4 0.524 0.733 0.02 0.015
4 0.511 0.71 0.009 0.019
4 0.614 0.755 0.011 0.021
4 0.604 0.768 0.009 0.02
4 0.627 0.776 0.016 0.019
4 0.085 0.637 0.024 0.019
4 0.069 0.696 0.012 0.016
4 0.051 0.69 0.022 0.013
4 0.03 0.833 0.017 0.022
0 0.057 0.687 0.048 0.068
0 0.734 0.488 0.052 0.09
0 0.527 0.713 0.061 0.088
1 0.091 0.627 0.044 0.069
0 0.027 0.817 0.054 0.096
0 0.622 0.763 0.051 0.076
