3 0.385 0.302 0.03 0.046
4 0.836 0.463 0.016 0.011
1 0.834 0.466 0.026 0.052
4 0.997 0.462 0.007 0.025
2 0.99 0.467 0.02 0.089
4 0.347 0.728 0.008 0.015
4 0.317 0.735 0.012 0.014
4 0.151 0.651 0.013 0.018
4 0.121 0.638 0.008 0.016
4 0.123 0.655 0.015 0.014
4 0.847 0.693 0.015 0.011
4 0.82 0.688 0.009 0.018
4 0.274 0.475 0.007 0.008
4 0.279 0.485 0.008 0.009
4 0.264 0.484 0.008 0.012
4 0.723 0.578 0.01 0.011
4 0.715 0.564 0.007 0.011
4 0.71 0.575 0.008 0.015
4 0.635 0.567 0.011 0.013
0 0.101 0.965 0.053 0.069
0 0.815 0.566 0.04 0.066
0 0.838 0.675 0.059 0.076
0 0.721 0.567 0.032 0.054
0 0.633 0.557 0.042 0.083
0 0.325 0.718 0.065 0.119
0 0.135 0.628 0.06 0.095
0 0.269 0.478 0.029 0.043
