3 0.416 0.194 0.017 0.023
3 0.36 0.183 0.012 0.023
3 0.634 0.144 0.017 0.025
3 0.58 0.167 0.014 0.021
3 0.452 0.193 0.017 0.032
3 0.613 0.17 0.011 0.021
4 0.938 0.448 0.013 0.016
1 0.944 0.454 0.03 0.054
4 0.987 0.414 0.014 0.012
4 0.972 0.429 0.013 0.039
4 0.985 0.432 0.008 0.033
4 0.996 0.435 0.007 0.036
2 0.978 0.445 0.044 0.08
4 0.195 0.641 0.009 0.015
4 0.188 0.659 0.019 0.018
4 0.161 0.659 0.007 0.02
4 0.344 0.659 0.009 0.018
4 0.317 0.661 0.011 0.015
4 0.479 0.46 0.008 0.014
4 0.47 0.469 0.009 0.014
4 0.814 0.542 0.007 0.015
4 0.796 0.545 0.011 0.015
4 0.906 0.524 0.011 0.013
4 0.916 0.537 0.011 0.015
4 0.898 0.532 0.009 0.015
4 0.965 0.885 0.014 0.025
4 0.961 0.914 0.016 0.019
0 0.911 0.531 0.041 0.054
0 0.958 0.898 0.054 0.077
0 0.797 0.533 0.042 0.081
0 0.472 0.464 0.03 0.048
0 0.327 0.65 0.058 0.107
0 0.183 0.638 0.056 0.086
0 0.008 0.56 0.015 0.066
