4 0.946 0.354 0.017 0.013
1 0.947 0.357 0.026 0.054
4 0.99 0.868 0.02 0.021
0 0.977 0.848 0.046 0.086
4 0.374 0.389 0.008 0.012
4 0.214 0.496 0.01 0.012
4 0.208 0.511 0.013 0.014
4 0.191 0.511 0.007 0.014
4 0.139 0.504 0.011 0.015
4 0.111 0.507 0.013 0.016
4 0.747 0.489 0.013 0.012
4 0.953 0.586 0.015 0.016
0 0.952 0.572 0.06 0.11
0 0.379 0.381 0.03 0.046
0 0.122 0.498 0.063 0.107
0 0.206 0.503 0.039 0.06
0 0.751 0.484 0.034 0.054
3 0.624 0.028 0.02 0.025
3 0.594 0.083 0.017 0.031
3 0.38 0.058 0.018 0.031
3 0.287 0.096 0.013 0.023
