4 0.558 0.485 0.016 0.014
4 0.56 0.506 0.016 0.019
4 0.423 0.461 0.015 0.02
4 0.405 0.441 0.016 0.019
4 0.397 0.459 0.011 0.021
4 0.254 0.498 0.015 0.02
4 0.272 0.513 0.017 0.022
4 0.246 0.516 0.011 0.02
4 0.024 0.396 0.009 0.029
1 0.044 0.39 0.051 0.084
4 0.735 0.217 0.018 0.013
4 0.756 0.222 0.011 0.014
4 0.731 0.228 0.017 0.015
4 0.613 0.804 0.032 0.021
4 0.618 0.834 0.022 0.027
4 0.587 0.814 0.013 0.027
4 0.727 0.592 0.019 0.021
0 0.562 0.483 0.05 0.083
0 0.596 0.512 0.079 0.148
0 0.741 0.195 0.061 0.107
0 0.732 0.565 0.084 0.161
0 0.606 0.799 0.074 0.122
0 0.416 0.445 0.059 0.087
0 0.264 0.501 0.059 0.089
