4 0.793 0.353 0.015 0.013
1 0.798 0.359 0.029 0.055
4 0.975 0.863 0.014 0.019
4 0.981 0.898 0.018 0.02
0 0.977 0.875 0.045 0.086
4 0.37 0.396 0.011 0.012
4 0.281 0.508 0.01 0.008
4 0.259 0.523 0.007 0.013
4 0.276 0.523 0.012 0.015
4 0.305 0.468 0.018 0.018
4 0.283 0.467 0.008 0.016
4 0.297 0.631 0.011 0.015
4 0.267 0.64 0.015 0.019
4 0.685 0.392 0.015 0.007
4 0.686 0.403 0.011 0.014
4 0.823 0.562 0.008 0.015
4 0.846 0.579 0.017 0.019
4 0.748 0.674 0.009 0.016
4 0.717 0.677 0.012 0.018
0 0.839 0.555 0.051 0.075
0 0.375 0.389 0.028 0.04
0 0.299 0.448 0.048 0.083
0 0.274 0.622 0.067 0.117
0 0.272 0.514 0.039 0.061
0 0.727 0.662 0.071 0.127
0 0.686 0.391 0.028 0.046
3 0.42 0.108 0.018 0.035
3 0.427 0.061 0.014 0.025
3 0.535 0.122 0.022 0.035
3 0.568 0.093 0.015 0.025
3 0.621 0.044 0.018 0.026
