3 0.47 0.032 0.013 0.02
3 0.336 0.1 0.022 0.038
3 0.406 0.085 0.011 0.022
3 0.628 0.141 0.015 0.023
3 0.652 0.034 0.012 0.023
3 0.523 0.055 0.014 0.023
3 0.499 0.05 0.009 0.022
4 0.212 0.411 0.013 0.012
4 0.217 0.421 0.012 0.018
4 0.193 0.42 0.016 0.015
4 0.493 0.529 0.015 0.019
4 0.368 0.49 0.017 0.015
4 0.371 0.504 0.013 0.016
4 0.354 0.499 0.008 0.016
4 0.165 0.411 0.013 0.014
4 0.687 0.544 0.011 0.018
4 0.726 0.424 0.01 0.013
4 0.731 0.432 0.009 0.016
4 0.716 0.435 0.011 0.014
0 0.721 0.424 0.038 0.053
0 0.498 0.518 0.058 0.108
0 0.366 0.492 0.041 0.06
0 0.166 0.408 0.03 0.05
0 0.202 0.398 0.055 0.082
0 0.675 0.527 0.059 0.099
