3 0.617 0.197 0.015 0.02
3 0.597 0.217 0.011 0.016
3 0.456 0.241 0.013 0.025
3 0.42 0.243 0.01 0.014
3 0.37 0.21 0.011 0.015
4 0.826 0.475 0.015 0.014
1 0.824 0.479 0.022 0.048
4 0.985 0.452 0.015 0.011
4 0.997 0.474 0.007 0.036
4 0.984 0.472 0.007 0.029
4 0.97 0.469 0.012 0.034
2 0.978 0.483 0.044 0.079
4 0.341 0.68 0.012 0.015
4 0.315 0.678 0.007 0.016
4 0.186 0.701 0.012 0.016
4 0.167 0.707 0.01 0.014
4 0.708 0.575 0.008 0.014
4 0.904 0.565 0.009 0.012
4 0.915 0.578 0.011 0.013
4 0.897 0.573 0.007 0.012
0 0.91 0.569 0.037 0.052
0 0.718 0.571 0.041 0.055
0 0.333 0.671 0.054 0.1
0 0.179 0.693 0.044 0.062
