3 0.604 0.141 0.017 0.023
3 0.585 0.141 0.01 0.015
3 0.614 0.205 0.011 0.02
3 0.549 0.161 0.013 0.022
3 0.407 0.169 0.015 0.028
3 0.331 0.194 0.011 0.018
3 0.35 0.154 0.011 0.016
4 0.898 0.45 0.013 0.012
1 0.902 0.452 0.027 0.059
3 0.988 0.423 0.022 0.015
4 0.998 0.445 0.004 0.032
4 0.985 0.444 0.007 0.033
4 0.972 0.442 0.013 0.035
2 0.976 0.451 0.049 0.09
4 0.211 0.59 0.009 0.014
4 0.186 0.589 0.008 0.015
4 0.131 0.692 0.012 0.015
4 0.116 0.681 0.012 0.014
4 0.11 0.695 0.009 0.013
4 0.763 0.556 0.008 0.013
4 0.789 0.557 0.009 0.013
0 0.773 0.549 0.049 0.087
0 0.197 0.579 0.054 0.097
0 0.124 0.679 0.048 0.069
