1 0.082 0.694 0.038 0.065
1 0.814 0.458 0.02 0.046
4 0.068 0.701 0.009 0.021
4 0.815 0.457 0.014 0.013
3 0.379 0.238 0.013 0.021
3 0.402 0.222 0.013 0.027
3 0.432 0.222 0.012 0.021
3 0.443 0.28 0.011 0.02
3 0.587 0.181 0.013 0.021
3 0.522 0.275 0.016 0.025
3 0.543 0.201 0.011 0.021
0 0.15 0.663 0.06 0.081
0 0.058 0.705 0.046 0.069
0 0.691 0.874 0.072 0.097
0 0.756 0.553 0.047 0.076
0 0.889 0.561 0.039 0.052
0 0.959 0.577 0.041 0.062
0 0.356 0.918 0.05 0.087
0 0.284 0.657 0.043 0.1
4 0.286 0.671 0.014 0.016
4 0.159 0.674 0.016 0.018
4 0.165 0.689 0.018 0.021
4 0.137 0.688 0.015 0.021
4 0.364 0.907 0.012 0.023
4 0.376 0.912 0.011 0.022
4 0.359 0.935 0.017 0.025
4 0.045 0.718 0.011 0.018
4 0.065 0.711 0.013 0.022
4 0.956 0.588 0.013 0.016
4 0.973 0.591 0.009 0.015
4 0.771 0.56 0.01 0.018
4 0.749 0.56 0.011 0.015
4 0.674 0.887 0.017 0.028
4 0.707 0.904 0.022 0.028
4 0.882 0.555 0.007 0.016
4 0.89 0.57 0.015 0.018
2 0.928 0.465 0.049 0.077
3 0.933 0.434 0.015 0.012
4 0.931 0.453 0.006 0.031
4 0.943 0.455 0.008 0.036
4 0.92 0.451 0.011 0.038
