4 0.532 0.32 0.025 0.016
1 0.528 0.324 0.039 0.08
4 0.794 0.246 0.022 0.018
4 0.772 0.278 0.019 0.062
4 0.792 0.281 0.009 0.056
4 0.814 0.281 0.012 0.065
2 0.79 0.302 0.09 0.143
4 0.326 0.621 0.02 0.023
4 0.281 0.637 0.025 0.022
4 0.67 0.628 0.018 0.022
4 0.632 0.61 0.011 0.022
4 0.439 0.359 0.017 0.018
4 0.417 0.357 0.011 0.018
4 0.412 0.505 0.011 0.023
4 0.489 0.541 0.011 0.021
4 0.452 0.551 0.018 0.022
4 0.4 0.739 0.03 0.018
4 0.399 0.766 0.018 0.022
4 0.633 0.356 0.011 0.02
0 0.302 0.587 0.092 0.148
0 0.4 0.739 0.056 0.107
0 0.462 0.531 0.085 0.153
0 0.433 0.498 0.058 0.088
0 0.433 0.347 0.048 0.073
0 0.62 0.349 0.052 0.077
0 0.662 0.603 0.081 0.155
