3 0.488 0.127 0.1 0.151
4 0.995 0.441 0.01 0.036
2 0.989 0.455 0.022 0.083
4 0.919 0.45 0.017 0.014
1 0.924 0.454 0.027 0.046
4 0.138 0.671 0.014 0.014
4 0.146 0.683 0.011 0.016
4 0.117 0.688 0.019 0.014
4 0.209 0.587 0.011 0.015
4 0.184 0.587 0.01 0.014
4 0.255 0.466 0.011 0.009
4 0.259 0.474 0.009 0.011
4 0.244 0.474 0.009 0.014
4 0.907 0.708 0.02 0.015
4 0.884 0.697 0.014 0.015
4 0.878 0.708 0.013 0.02
4 0.565 0.604 0.009 0.014
4 0.536 0.602 0.009 0.015
4 0.812 0.584 0.012 0.014
4 0.804 0.571 0.009 0.011
4 0.972 0.94 0.026 0.021
4 0.975 0.964 0.019 0.018
4 0.948 0.942 0.01 0.028
0 0.968 0.94 0.063 0.094
0 0.897 0.697 0.067 0.083
0 0.814 0.577 0.034 0.05
0 0.554 0.594 0.057 0.104
0 0.249 0.468 0.03 0.046
0 0.196 0.577 0.056 0.092
0 0.123 0.66 0.068 0.096
