4 0.507 0.293 0.024 0.02
1 0.502 0.3 0.037 0.088
4 0.738 0.22 0.022 0.016
4 0.759 0.258 0.014 0.067
4 0.736 0.256 0.008 0.053
4 0.715 0.254 0.017 0.061
2 0.734 0.278 0.088 0.138
4 0.407 0.652 0.016 0.018
4 0.4 0.68 0.026 0.029
4 0.353 0.682 0.015 0.026
4 0.658 0.627 0.01 0.022
4 0.614 0.629 0.018 0.023
4 0.507 0.433 0.015 0.025
4 0.483 0.43 0.017 0.02
4 0.479 0.403 0.015 0.02
4 0.41 0.526 0.015 0.019
4 0.367 0.52 0.013 0.023
4 0.556 0.649 0.018 0.023
4 0.583 0.64 0.011 0.025
4 0.608 0.444 0.014 0.02
4 0.597 0.46 0.013 0.018
4 0.628 0.465 0.016 0.02
0 0.626 0.608 0.092 0.176
0 0.564 0.627 0.059 0.103
0 0.491 0.417 0.059 0.093
0 0.394 0.505 0.092 0.148
0 0.383 0.637 0.096 0.165
0 0.621 0.444 0.066 0.092
