3 0.691 0.199 0.01 0.015
3 0.684 0.222 0.009 0.014
3 0.652 0.151 0.009 0.019
3 0.613 0.149 0.007 0.012
3 0.616 0.17 0.009 0.015
3 0.47 0.212 0.01 0.014
3 0.583 0.233 0.011 0.022
3 0.409 0.2 0.009 0.025
4 0.036 0.627 0.021 0.015
1 0.04 0.617 0.031 0.058
4 0.833 0.419 0.013 0.012
1 0.838 0.423 0.022 0.042
4 0.148 0.74 0.018 0.011
4 0.153 0.755 0.013 0.016
4 0.13 0.751 0.011 0.016
4 0.86 0.539 0.01 0.012
4 0.839 0.532 0.007 0.013
4 0.736 0.855 0.007 0.025
4 0.691 0.835 0.01 0.02
4 0.709 0.863 0.021 0.019
0 0.853 0.528 0.05 0.076
0 0.709 0.837 0.062 0.094
0 0.141 0.74 0.05 0.069
