3 0.448 0.171 0.017 0.042
3 0.469 0.225 0.065 0.09
4 0.88 0.442 0.014 0.011
4 0.995 0.42 0.01 0.011
4 0.983 0.437 0.012 0.035
2 0.983 0.451 0.035 0.075
1 0.877 0.443 0.022 0.041
4 0.295 0.458 0.01 0.009
4 0.3 0.466 0.011 0.014
4 0.282 0.464 0.014 0.011
4 0.356 0.533 0.008 0.013
4 0.337 0.536 0.011 0.014
4 0.178 0.668 0.013 0.013
4 0.159 0.669 0.007 0.014
4 0.915 0.532 0.008 0.013
4 0.926 0.546 0.011 0.013
4 0.909 0.541 0.007 0.012
4 0.823 0.809 0.015 0.014
4 0.823 0.824 0.015 0.016
4 0.798 0.797 0.007 0.018
0 0.923 0.537 0.038 0.048
0 0.819 0.799 0.051 0.087
0 0.288 0.447 0.04 0.063
0 0.342 0.529 0.044 0.082
0 0.173 0.658 0.042 0.062
