1 0.016 0.719 0.032 0.09
1 0.914 0.394 0.028 0.063
4 0.918 0.39 0.017 0.018
3 0.436 0.035 0.014 0.023
3 0.383 0.029 0.022 0.035
3 0.463 0.076 0.02 0.042
3 0.537 0.038 0.015 0.023
3 0.628 0.034 0.012 0.022
3 0.651 0.216 0.022 0.04
3 0.522 0.07 0.02 0.031
0 0.232 0.406 0.05 0.074
0 0.369 0.416 0.033 0.043
0 0.445 0.523 0.059 0.11
0 0.643 0.413 0.026 0.048
0 0.97 0.894 0.06 0.095
0 0.599 0.502 0.049 0.08
4 0.438 0.539 0.013 0.018
4 0.241 0.42 0.013 0.016
4 0.245 0.43 0.011 0.018
4 0.226 0.43 0.016 0.016
4 0.359 0.422 0.009 0.013
4 0.373 0.42 0.012 0.016
4 0.957 0.88 0.013 0.026
4 0.97 0.912 0.017 0.028
4 0.646 0.424 0.011 0.013
4 0.463 0.536 0.007 0.015
