3 0.617 0.198 0.013 0.021
3 0.636 0.262 0.013 0.021
3 0.598 0.219 0.009 0.015
3 0.565 0.215 0.01 0.014
3 0.449 0.231 0.013 0.025
3 0.369 0.212 0.01 0.018
3 0.367 0.251 0.009 0.02
4 0.873 0.476 0.013 0.013
1 0.871 0.478 0.02 0.046
1 0.011 0.705 0.022 0.069
4 0.006 0.719 0.011 0.016
4 0.985 0.452 0.015 0.011
4 0.997 0.474 0.007 0.038
4 0.984 0.474 0.007 0.031
4 0.971 0.47 0.013 0.036
2 0.977 0.484 0.046 0.079
4 0.308 0.614 0.011 0.014
4 0.283 0.615 0.008 0.012
4 0.153 0.724 0.011 0.018
4 0.134 0.719 0.009 0.015
4 0.904 0.565 0.009 0.012
4 0.916 0.58 0.011 0.014
4 0.898 0.574 0.009 0.012
0 0.146 0.707 0.044 0.059
0 0.295 0.606 0.051 0.088
0 0.804 0.561 0.035 0.056
0 0.911 0.569 0.038 0.05
