4 0.601 0.58 0.015 0.021
4 0.624 0.569 0.009 0.021
4 0.524 0.539 0.01 0.02
4 0.51 0.564 0.011 0.018
4 0.409 0.488 0.009 0.021
4 0.371 0.506 0.015 0.022
4 0.438 0.664 0.015 0.022
4 0.431 0.691 0.018 0.021
4 0.401 0.687 0.012 0.02
4 0.214 0.481 0.03 0.023
1 0.219 0.465 0.042 0.088
4 0.85 0.269 0.02 0.013
4 0.531 0.826 0.024 0.027
4 0.487 0.577 0.017 0.023
4 0.446 0.564 0.012 0.025
4 0.525 0.573 0.013 0.025
4 0.548 0.597 0.026 0.019
0 0.507 0.543 0.056 0.096
0 0.846 0.238 0.053 0.092
0 0.604 0.56 0.052 0.089
0 0.532 0.796 0.057 0.114
0 0.424 0.671 0.065 0.117
0 0.471 0.553 0.079 0.17
0 0.548 0.572 0.068 0.113
0 0.378 0.477 0.083 0.126
