3 0.25 0.07 0.029 0.074
4 0.607 0.386 0.018 0.019
1 0.603 0.39 0.03 0.069
4 0.769 0.332 0.019 0.014
4 0.788 0.362 0.011 0.055
4 0.768 0.363 0.007 0.045
4 0.75 0.36 0.015 0.053
2 0.767 0.381 0.075 0.116
4 0.475 0.587 0.016 0.02
4 0.447 0.573 0.007 0.018
4 0.406 0.664 0.019 0.02
4 0.368 0.671 0.017 0.02
4 0.292 0.563 0.02 0.013
4 0.297 0.579 0.011 0.016
4 0.275 0.575 0.013 0.016
4 0.362 0.575 0.013 0.012
4 0.353 0.593 0.016 0.015
4 0.333 0.59 0.009 0.016
4 0.659 0.519 0.013 0.016
4 0.676 0.536 0.015 0.019
4 0.651 0.531 0.009 0.018
0 0.986 0.732 0.028 0.143
0 0.67 0.519 0.053 0.081
0 0.472 0.566 0.061 0.126
0 0.287 0.564 0.051 0.076
0 0.349 0.58 0.044 0.077
0 0.388 0.634 0.078 0.128
