3 0.589 0.14 0.013 0.025
3 0.538 0.137 0.007 0.013
3 0.509 0.153 0.007 0.013
3 0.57 0.189 0.009 0.016
3 0.535 0.184 0.013 0.026
3 0.562 0.254 0.008 0.019
3 0.414 0.17 0.015 0.026
3 0.392 0.185 0.01 0.016
3 0.363 0.2 0.01 0.021
4 0.989 0.432 0.011 0.035
2 0.986 0.448 0.029 0.082
4 0.776 0.432 0.013 0.016
1 0.017 0.753 0.034 0.081
1 0.782 0.437 0.028 0.052
4 0.25 0.595 0.008 0.014
4 0.226 0.601 0.011 0.016
4 0.139 0.668 0.017 0.015
4 0.144 0.681 0.013 0.016
4 0.122 0.68 0.012 0.016
4 0.018 0.603 0.017 0.014
4 0.024 0.616 0.012 0.015
4 0.005 0.614 0.009 0.013
4 0.912 0.677 0.02 0.02
4 0.885 0.669 0.012 0.016
4 0.774 0.649 0.01 0.014
4 0.663 0.519 0.011 0.013
4 0.649 0.521 0.007 0.012
4 0.943 0.97 0.019 0.02
4 0.921 0.948 0.009 0.021
0 0.938 0.945 0.055 0.093
0 0.905 0.66 0.057 0.074
0 0.769 0.637 0.056 0.1
0 0.656 0.513 0.033 0.05
0 0.231 0.588 0.055 0.099
0 0.131 0.668 0.049 0.069
0 0.017 0.607 0.034 0.058
