4 0.091 0.366 0.028 0.023
1 0.1 0.357 0.05 0.111
4 0.356 0.307 0.015 0.018
4 0.346 0.321 0.009 0.022
4 0.374 0.323 0.018 0.019
4 0.06 0.098 0.017 0.018
4 0.009 0.155 0.017 0.016
4 0.018 0.171 0.019 0.022
4 0.793 0.199 0.012 0.02
4 0.759 0.198 0.017 0.02
4 0.619 0.252 0.012 0.018
4 0.61 0.265 0.007 0.016
4 0.634 0.273 0.014 0.018
4 0.01 0.667 0.02 0.028
4 0.455 0.584 0.017 0.025
4 0.516 0.623 0.02 0.031
4 0.467 0.621 0.028 0.027
0 0.042 0.085 0.056 0.081
0 0.017 0.145 0.033 0.109
0 0.77 0.184 0.086 0.135
0 0.63 0.256 0.054 0.081
0 0.482 0.592 0.102 0.14
0 0.366 0.309 0.056 0.089
0 0.032 0.663 0.063 0.124
