3 0.431 0.197 0.015 0.027
3 0.377 0.19 0.013 0.016
3 0.397 0.221 0.017 0.026
3 0.629 0.168 0.016 0.026
3 0.606 0.192 0.011 0.02
3 0.625 0.242 0.015 0.023
3 0.572 0.191 0.015 0.026
3 0.483 0.173 0.011 0.014
4 0.816 0.451 0.014 0.012
1 0.814 0.455 0.023 0.052
4 0.961 0.431 0.016 0.012
4 0.947 0.448 0.015 0.035
4 0.959 0.45 0.007 0.028
4 0.972 0.452 0.009 0.038
2 0.957 0.461 0.054 0.082
4 0.2 0.653 0.011 0.02
4 0.207 0.662 0.008 0.019
4 0.187 0.67 0.018 0.015
4 0.311 0.56 0.009 0.012
4 0.29 0.563 0.009 0.014
4 0.473 0.477 0.009 0.015
4 0.466 0.485 0.009 0.013
4 0.133 0.529 0.011 0.013
4 0.139 0.538 0.008 0.016
4 0.123 0.541 0.012 0.014
4 0.785 0.555 0.01 0.014
4 0.764 0.55 0.009 0.015
4 0.885 0.536 0.009 0.018
4 0.895 0.55 0.011 0.015
4 0.88 0.542 0.009 0.012
4 0.957 0.696 0.005 0.019
4 0.969 0.713 0.015 0.018
0 0.778 0.546 0.049 0.082
0 0.891 0.54 0.037 0.053
0 0.968 0.695 0.039 0.07
0 0.467 0.479 0.026 0.043
0 0.297 0.554 0.046 0.082
0 0.187 0.642 0.053 0.089
0 0.127 0.528 0.037 0.047
