1 0.082 0.691 0.039 0.068
1 0.803 0.454 0.021 0.041
4 0.07 0.699 0.011 0.026
4 0.804 0.453 0.013 0.014
3 0.396 0.218 0.017 0.028
3 0.43 0.222 0.016 0.026
3 0.545 0.196 0.012 0.023
3 0.593 0.176 0.015 0.02
0 0.162 0.61 0.036 0.054
0 0.156 0.657 0.06 0.093
0 0.298 0.651 0.055 0.099
0 0.708 0.906 0.075 0.096
0 0.757 0.55 0.044 0.083
0 0.892 0.566 0.035 0.054
0 0.953 0.562 0.037 0.053
4 0.29 0.66 0.012 0.015
4 0.316 0.657 0.011 0.016
4 0.166 0.673 0.016 0.02
4 0.17 0.688 0.014 0.021
4 0.144 0.686 0.018 0.02
0 0.353 0.911 0.049 0.084
4 0.37 0.913 0.009 0.021
4 0.361 0.904 0.009 0.022
4 0.352 0.932 0.015 0.021
4 0.954 0.572 0.011 0.019
4 0.947 0.556 0.011 0.018
4 0.771 0.558 0.009 0.014
4 0.75 0.556 0.011 0.015
4 0.698 0.919 0.021 0.021
4 0.726 0.928 0.017 0.027
4 0.885 0.558 0.01 0.016
4 0.891 0.576 0.013 0.018
2 0.927 0.461 0.05 0.073
3 0.933 0.43 0.017 0.011
4 0.943 0.452 0.009 0.034
4 0.931 0.45 0.006 0.029
4 0.918 0.447 0.012 0.032
