1 0.053 0.725 0.042 0.07
1 0.798 0.475 0.023 0.043
4 0.04 0.73 0.011 0.026
4 0.8 0.474 0.014 0.016
3 0.435 0.234 0.073 0.157
0 0.164 0.685 0.064 0.087
0 0.297 0.583 0.028 0.05
0 0.407 0.579 0.05 0.094
0 0.737 0.567 0.049 0.081
0 0.922 0.596 0.04 0.058
0 0.878 0.88 0.052 0.079
4 0.403 0.596 0.012 0.015
4 0.176 0.697 0.015 0.018
4 0.181 0.709 0.013 0.018
4 0.156 0.709 0.017 0.016
4 0.304 0.58 0.009 0.013
4 0.296 0.592 0.011 0.011
4 0.911 0.6 0.01 0.018
4 0.93 0.609 0.011 0.016
4 0.731 0.579 0.009 0.015
4 0.752 0.577 0.01 0.015
4 0.868 0.873 0.015 0.022
4 0.884 0.898 0.014 0.022
4 0.859 0.885 0.011 0.022
2 0.909 0.479 0.049 0.08
3 0.911 0.449 0.017 0.013
4 0.897 0.467 0.011 0.029
4 0.909 0.47 0.005 0.027
4 0.922 0.474 0.009 0.036
