3 0.497 0.172 0.064 0.119
4 0.872 0.455 0.015 0.013
1 0.868 0.454 0.025 0.045
4 0.975 0.432 0.017 0.012
4 0.959 0.449 0.014 0.034
4 0.972 0.452 0.008 0.031
4 0.985 0.453 0.008 0.04
2 0.97 0.463 0.055 0.083
4 0.293 0.478 0.013 0.014
4 0.289 0.469 0.011 0.009
4 0.275 0.477 0.014 0.012
4 0.31 0.555 0.008 0.015
4 0.289 0.563 0.011 0.013
4 0.043 0.539 0.016 0.018
4 0.025 0.543 0.009 0.018
4 0.165 0.689 0.013 0.016
4 0.763 0.556 0.009 0.015
4 0.786 0.559 0.008 0.013
4 0.995 0.763 0.01 0.018
4 0.982 0.741 0.009 0.02
0 0.777 0.549 0.051 0.083
0 0.283 0.458 0.045 0.062
0 0.04 0.535 0.046 0.056
0 0.296 0.55 0.048 0.084
0 0.163 0.67 0.032 0.065
0 0.987 0.742 0.026 0.077
