3 0.58 0.072 0.009 0.014
3 0.546 0.232 0.014 0.026
3 0.508 0.184 0.013 0.023
3 0.406 0.172 0.018 0.041
3 0.406 0.222 0.019 0.023
3 0.558 0.02 0.009 0.014
3 0.563 0.029 0.007 0.011
4 0.058 0.647 0.02 0.013
4 0.06 0.663 0.02 0.015
4 0.143 0.682 0.009 0.014
4 0.132 0.697 0.015 0.018
4 0.713 0.587 0.015 0.009
4 0.713 0.6 0.017 0.014
4 0.696 0.583 0.008 0.014
4 0.577 0.658 0.013 0.015
4 0.853 0.597 0.013 0.014
4 0.841 0.582 0.011 0.013
4 0.834 0.59 0.009 0.015
4 0.957 0.685 0.015 0.016
0 0.956 0.674 0.043 0.063
0 0.847 0.586 0.044 0.055
0 0.712 0.578 0.04 0.072
0 0.577 0.636 0.05 0.115
0 0.135 0.684 0.042 0.065
0 0.054 0.631 0.058 0.104
4 0.151 0.69 0.007 0.016
