3 0.39 0.19 0.014 0.023
3 0.377 0.203 0.023 0.033
3 0.469 0.192 0.013 0.022
3 0.485 0.246 0.013 0.022
3 0.583 0.14 0.015 0.022
3 0.611 0.197 0.016 0.021
3 0.513 0.291 0.016 0.026
3 0.66 0.189 0.013 0.021
4 0.849 0.461 0.011 0.011
4 0.071 0.692 0.02 0.018
1 0.077 0.682 0.037 0.063
1 0.847 0.465 0.022 0.058
4 0.987 0.437 0.013 0.013
4 0.997 0.458 0.006 0.036
4 0.985 0.46 0.007 0.029
4 0.972 0.455 0.012 0.038
2 0.978 0.466 0.044 0.08
4 0.304 0.592 0.013 0.008
4 0.305 0.606 0.011 0.012
4 0.293 0.599 0.005 0.014
4 0.737 0.821 0.015 0.018
4 0.711 0.81 0.017 0.018
4 0.706 0.824 0.016 0.019
4 0.198 0.661 0.009 0.012
4 0.191 0.677 0.011 0.012
4 0.175 0.675 0.005 0.014
4 0.946 0.923 0.01 0.013
4 0.914 0.893 0.007 0.021
4 0.238 0.825 0.017 0.021
4 0.831 0.649 0.009 0.014
4 0.806 0.64 0.009 0.016
0 0.926 0.91 0.057 0.088
0 0.821 0.638 0.055 0.093
0 0.722 0.805 0.066 0.097
0 0.301 0.593 0.03 0.052
0 0.188 0.664 0.036 0.055
0 0.232 0.817 0.046 0.062
