3 0.321 0.245 0.015 0.025
3 0.381 0.19 0.019 0.033
3 0.415 0.134 0.018 0.033
3 0.42 0.075 0.01 0.018
3 0.523 0.123 0.013 0.033
3 0.554 0.127 0.011 0.016
3 0.558 0.185 0.014 0.028
3 0.605 0.09 0.009 0.02
3 0.63 0.085 0.02 0.031
4 0.916 0.467 0.013 0.012
1 0.921 0.469 0.027 0.058
4 0.989 0.458 0.011 0.034
2 0.986 0.472 0.029 0.086
4 0.287 0.58 0.007 0.018
4 0.268 0.587 0.011 0.014
4 0.155 0.685 0.011 0.013
4 0.152 0.707 0.018 0.021
4 0.12 0.711 0.013 0.015
4 0.321 0.992 0.012 0.017
4 0.791 0.692 0.016 0.014
4 0.771 0.68 0.011 0.018
4 0.765 0.688 0.011 0.018
4 0.27 0.493 0.007 0.009
4 0.256 0.492 0.007 0.008
4 0.643 0.577 0.01 0.013
4 0.727 0.588 0.011 0.016
0 0.312 0.978 0.044 0.045
0 0.783 0.674 0.059 0.074
0 0.734 0.58 0.04 0.053
0 0.644 0.565 0.041 0.082
0 0.26 0.486 0.032 0.047
0 0.268 0.576 0.047 0.096
0 0.14 0.683 0.066 0.094
