3 0.548 0.041 0.009 0.014
3 0.55 0.049 0.005 0.009
3 0.576 0.086 0.009 0.012
3 0.478 0.2 0.017 0.029
3 0.422 0.206 0.013 0.02
3 0.523 0.266 0.015 0.027
3 0.503 0.188 0.011 0.02
4 0.951 0.46 0.015 0.013
1 0.957 0.464 0.029 0.048
4 0.044 0.684 0.022 0.012
4 0.045 0.701 0.023 0.018
4 0.051 0.608 0.014 0.016
4 0.15 0.675 0.01 0.013
4 0.14 0.691 0.015 0.014
4 0.725 0.603 0.01 0.013
4 0.73 0.614 0.01 0.016
4 0.707 0.61 0.015 0.015
4 0.57 0.653 0.014 0.016
4 0.834 0.591 0.011 0.015
4 0.824 0.576 0.009 0.012
4 0.817 0.586 0.007 0.012
0 0.049 0.597 0.039 0.048
0 0.831 0.582 0.038 0.053
0 0.713 0.596 0.052 0.073
0 0.57 0.633 0.05 0.11
0 0.141 0.678 0.038 0.061
0 0.042 0.664 0.055 0.107
