4 0.587 0.33 0.025 0.02
4 0.586 0.411 0.025 0.019
4 0.587 0.384 0.011 0.027
4 0.605 0.376 0.009 0.047
4 0.569 0.373 0.008 0.047
4 0.636 0.434 0.007 0.032
2 0.586 0.393 0.112 0.158
4 0.293 0.462 0.013 0.022
4 0.427 0.404 0.027 0.02
1 0.431 0.411 0.039 0.095
4 0.542 0.468 0.014 0.022
4 0.569 0.467 0.009 0.021
4 0.146 0.918 0.034 0.018
4 0.145 0.947 0.021 0.028
4 0.127 0.472 0.017 0.02
4 0.72 0.465 0.014 0.021
4 0.695 0.456 0.014 0.018
0 0.479 0.448 0.073 0.114
4 0.173 0.927 0.011 0.027
0 0.539 0.457 0.073 0.143
0 0.318 0.441 0.089 0.161
0 0.141 0.467 0.057 0.069
0 0.708 0.444 0.058 0.088
0 0.148 0.917 0.065 0.128
