4 0.825 0.357 0.017 0.013
1 0.828 0.362 0.028 0.053
0 0.973 0.89 0.053 0.106
4 0.389 0.405 0.012 0.012
4 0.364 0.478 0.013 0.014
4 0.25 0.383 0.013 0.013
4 0.254 0.393 0.013 0.016
4 0.233 0.391 0.014 0.015
4 0.347 0.777 0.022 0.019
4 0.642 0.397 0.011 0.012
0 0.645 0.482 0.046 0.095
0 0.352 0.755 0.075 0.138
0 0.24 0.372 0.051 0.074
0 0.367 0.463 0.031 0.055
0 0.64 0.389 0.026 0.041
0 0.387 0.397 0.026 0.04
3 0.352 0.09 0.014 0.02
3 0.452 0.119 0.018 0.028
3 0.512 0.057 0.013 0.027
3 0.606 0.03 0.015 0.025
3 0.654 0.116 0.018 0.026
