3 0.405 0.019 0.048 0.038
3 0.399 0.113 0.012 0.021
3 0.455 0.179 0.017 0.032
3 0.445 0.188 0.02 0.035
3 0.316 0.207 0.012 0.022
3 0.64 0.053 0.02 0.027
3 0.615 0.056 0.009 0.018
3 0.52 0.091 0.018 0.036
3 0.602 0.011 0.022 0.021
4 0.964 0.364 0.016 0.012
4 0.627 0.492 0.009 0.014
4 0.941 0.867 0.022 0.016
4 0.919 0.871 0.009 0.022
4 0.415 0.398 0.007 0.009
4 0.4 0.4 0.01 0.012
4 0.189 0.529 0.015 0.015
4 0.394 0.657 0.014 0.019
4 0.344 0.698 0.02 0.019
4 0.323 0.682 0.012 0.018
4 0.316 0.698 0.011 0.019
1 0.97 0.368 0.034 0.05
0 0.381 0.637 0.069 0.14
0 0.336 0.665 0.065 0.133
0 0.189 0.519 0.038 0.059
0 0.407 0.391 0.033 0.043
0 0.934 0.862 0.055 0.088
0 0.615 0.468 0.054 0.099
