4 0.654 0.264 0.024 0.019
4 0.857 0.194 0.025 0.018
4 0.879 0.232 0.015 0.065
4 0.855 0.232 0.007 0.052
4 0.833 0.228 0.018 0.061
2 0.85 0.25 0.099 0.148
1 0.649 0.271 0.044 0.094
4 0.375 0.578 0.023 0.02
4 0.328 0.586 0.021 0.026
4 0.578 0.495 0.011 0.022
4 0.553 0.491 0.016 0.018
4 0.286 0.567 0.017 0.019
4 0.241 0.57 0.022 0.025
4 0.54 0.492 0.013 0.02
4 0.497 0.496 0.018 0.022
4 0.972 0.687 0.013 0.025
0 0.256 0.548 0.098 0.162
0 0.513 0.478 0.09 0.153
0 0.559 0.477 0.051 0.09
0 0.947 0.656 0.075 0.124
0 0.353 0.545 0.096 0.157
