3 0.335 0.144 0.012 0.021
3 0.378 0.171 0.009 0.015
3 0.395 0.181 0.011 0.015
3 0.432 0.169 0.013 0.023
3 0.544 0.149 0.012 0.022
3 0.594 0.128 0.013 0.019
3 0.647 0.195 0.013 0.019
4 0.785 0.434 0.011 0.013
1 0.791 0.438 0.03 0.053
4 0.991 0.431 0.013 0.033
2 0.986 0.447 0.029 0.081
4 0.299 0.634 0.01 0.014
4 0.273 0.637 0.011 0.016
4 0.037 0.654 0.014 0.014
4 0.037 0.668 0.011 0.013
4 0.145 0.681 0.008 0.015
4 0.126 0.695 0.011 0.014
4 0.794 0.552 0.01 0.009
4 0.771 0.548 0.009 0.015
0 0.037 0.65 0.035 0.062
0 0.131 0.673 0.042 0.063
0 0.284 0.623 0.055 0.104
0 0.786 0.54 0.051 0.08
