4 0.672 0.254 0.024 0.019
1 0.667 0.261 0.04 0.095
4 0.932 0.175 0.024 0.016
4 0.957 0.214 0.014 0.072
4 0.93 0.216 0.009 0.059
4 0.906 0.212 0.02 0.07
2 0.929 0.239 0.106 0.155
4 0.595 0.496 0.009 0.023
4 0.551 0.51 0.017 0.025
4 0.179 0.518 0.017 0.019
4 0.5 0.64 0.02 0.026
4 0.45 0.654 0.026 0.027
4 0.44 0.86 0.017 0.026
4 0.413 0.84 0.024 0.022
4 0.401 0.868 0.016 0.031
4 0.324 0.623 0.018 0.026
4 0.276 0.615 0.014 0.026
0 0.559 0.487 0.089 0.164
0 0.471 0.602 0.103 0.174
0 0.303 0.596 0.104 0.183
0 0.425 0.842 0.085 0.14
0 0.163 0.525 0.068 0.095
