3 0.497 0.109 0.092 0.188
4 0.998 0.451 0.004 0.015
2 0.992 0.454 0.016 0.086
4 0.009 0.766 0.011 0.026
4 0.901 0.448 0.015 0.013
1 0.025 0.756 0.046 0.076
1 0.898 0.451 0.024 0.047
4 0.145 0.693 0.009 0.018
4 0.137 0.683 0.011 0.016
4 0.119 0.702 0.021 0.016
4 0.278 0.682 0.009 0.015
4 0.25 0.687 0.013 0.015
4 0.225 0.475 0.011 0.012
4 0.926 0.705 0.017 0.014
4 0.902 0.692 0.013 0.016
4 0.896 0.705 0.014 0.019
4 0.551 0.604 0.01 0.016
4 0.817 0.586 0.011 0.013
4 0.81 0.571 0.008 0.013
4 0.991 0.958 0.011 0.019
4 0.968 0.936 0.026 0.025
4 0.96 0.955 0.016 0.021
0 0.97 0.937 0.059 0.092
0 0.915 0.688 0.064 0.076
0 0.818 0.579 0.034 0.052
0 0.551 0.582 0.046 0.115
0 0.225 0.471 0.028 0.042
0 0.257 0.671 0.065 0.117
0 0.121 0.67 0.063 0.094
