3 0.403 0.188 0.017 0.026
3 0.416 0.178 0.013 0.023
3 0.483 0.156 0.01 0.018
3 0.499 0.224 0.012 0.021
3 0.485 0.321 0.013 0.025
3 0.583 0.193 0.017 0.023
3 0.575 0.122 0.015 0.027
3 0.571 0.076 0.011 0.019
3 0.659 0.177 0.01 0.02
4 0.829 0.448 0.013 0.013
1 0.827 0.448 0.023 0.046
4 0.973 0.428 0.014 0.011
4 0.985 0.45 0.007 0.033
4 0.972 0.447 0.007 0.031
4 0.96 0.444 0.012 0.033
2 0.969 0.455 0.055 0.08
4 0.362 0.534 0.005 0.012
4 0.354 0.543 0.01 0.012
4 0.509 0.734 0.009 0.014
4 0.518 0.751 0.015 0.015
4 0.207 0.637 0.013 0.012
4 0.209 0.649 0.009 0.014
4 0.196 0.644 0.006 0.012
4 0.888 0.891 0.009 0.022
4 0.879 0.904 0.009 0.02
4 0.251 0.802 0.015 0.021
4 0.798 0.608 0.011 0.012
0 0.243 0.796 0.04 0.069
0 0.207 0.637 0.03 0.06
0 0.356 0.536 0.03 0.049
0 0.523 0.735 0.053 0.079
0 0.897 0.896 0.051 0.074
0 0.799 0.59 0.046 0.092
