4 0.547 0.558 0.018 0.018
4 0.568 0.58 0.017 0.019
4 0.539 0.575 0.013 0.019
4 0.585 0.478 0.019 0.018
4 0.591 0.496 0.015 0.019
4 0.565 0.496 0.014 0.02
4 0.526 0.665 0.018 0.026
4 0.478 0.663 0.015 0.027
4 0.22 0.46 0.017 0.019
4 0.196 0.457 0.009 0.018
4 0.15 0.452 0.03 0.02
1 0.157 0.44 0.049 0.095
4 0.75 0.233 0.021 0.011
4 0.77 0.239 0.01 0.016
4 0.745 0.247 0.018 0.016
4 0.486 0.496 0.013 0.019
4 0.445 0.498 0.014 0.022
0 0.216 0.444 0.053 0.088
0 0.755 0.214 0.057 0.106
0 0.507 0.641 0.102 0.175
0 0.559 0.559 0.062 0.093
0 0.463 0.478 0.085 0.158
0 0.576 0.482 0.06 0.083
