3 0.591 0.195 0.009 0.014
3 0.626 0.198 0.015 0.026
3 0.626 0.24 0.015 0.022
3 0.567 0.222 0.016 0.027
3 0.397 0.255 0.012 0.02
3 0.38 0.217 0.013 0.018
4 0.844 0.478 0.013 0.012
1 0.842 0.483 0.022 0.046
4 0.945 0.457 0.013 0.012
4 0.932 0.472 0.013 0.033
4 0.943 0.476 0.007 0.029
4 0.955 0.476 0.007 0.039
2 0.941 0.485 0.053 0.082
4 0.122 0.555 0.011 0.013
4 0.128 0.564 0.009 0.015
4 0.112 0.565 0.011 0.014
4 0.179 0.704 0.013 0.015
4 0.759 0.578 0.009 0.015
4 0.779 0.577 0.009 0.013
4 0.934 0.616 0.009 0.015
4 0.954 0.62 0.011 0.015
0 0.115 0.553 0.037 0.05
0 0.18 0.688 0.03 0.061
0 0.765 0.568 0.047 0.077
0 0.946 0.609 0.044 0.055
0 0.124 0.521 0.041 0.077
