4 0.378 0.347 0.034 0.02
4 0.448 0.464 0.009 0.087
4 0.405 0.407 0.012 0.069
4 0.382 0.396 0.022 0.076
4 0.354 0.404 0.012 0.063
4 0.306 0.459 0.011 0.08
2 0.378 0.432 0.162 0.209
1 0.66 0.431 0.05 0.115
4 0.529 0.699 0.037 0.023
4 0.503 0.664 0.016 0.027
4 0.488 0.72 0.017 0.029
4 0.426 0.731 0.024 0.028
4 0.984 0.468 0.032 0.019
4 0.985 0.495 0.025 0.025
4 0.959 0.474 0.011 0.021
4 0.348 0.635 0.015 0.021
4 0.331 0.672 0.035 0.027
0 0.325 0.64 0.1 0.157
0 0.537 0.63 0.11 0.221
0 0.974 0.467 0.051 0.119
0 0.449 0.684 0.131 0.217
4 0.38 0.457 0.028 0.022
