4 0.852 0.393 0.015 0.009
1 0.849 0.398 0.024 0.052
4 0.021 0.716 0.011 0.016
1 0.038 0.704 0.049 0.081
4 0.985 0.91 0.013 0.022
0 0.987 0.901 0.026 0.099
4 0.134 0.661 0.009 0.018
4 0.105 0.653 0.012 0.014
4 0.112 0.668 0.015 0.014
4 0.271 0.513 0.008 0.015
4 0.248 0.521 0.012 0.016
4 0.653 0.427 0.009 0.014
4 0.641 0.417 0.013 0.011
4 0.638 0.425 0.008 0.011
4 0.817 0.519 0.008 0.014
4 0.829 0.535 0.018 0.012
4 0.809 0.693 0.013 0.015
0 0.83 0.521 0.048 0.067
0 0.089 0.427 0.044 0.079
0 0.116 0.651 0.048 0.067
0 0.257 0.51 0.051 0.095
0 0.811 0.678 0.062 0.121
0 0.646 0.419 0.034 0.049
3 0.512 0.098 0.136 0.196
