3 0.482 0.333 0.069 0.128
3 0.439 0.363 0.03 0.043
3 0.375 0.371 0.03 0.049
4 0.811 0.505 0.014 0.011
1 0.81 0.506 0.02 0.045
4 0.913 0.485 0.016 0.008
4 0.924 0.505 0.009 0.032
4 0.914 0.502 0.005 0.025
4 0.902 0.499 0.009 0.031
4 0.754 0.615 0.011 0.012
4 0.485 0.774 0.011 0.013
4 0.49 0.782 0.009 0.009
2 0.911 0.514 0.048 0.07
4 0.396 0.576 0.014 0.009
4 0.409 0.574 0.007 0.012
4 0.275 0.607 0.009 0.012
0 0.478 0.774 0.04 0.062
0 0.756 0.604 0.039 0.074
0 0.275 0.599 0.044 0.076
0 0.395 0.56 0.037 0.065
