1 0.8 0.394 0.024 0.055
0 0.213 0.403 0.05 0.076
0 0.362 0.406 0.034 0.05
0 0.158 0.562 0.037 0.059
0 0.625 0.406 0.026 0.042
0 0.297 0.506 0.055 0.102
0 0.949 0.876 0.065 0.1
4 0.309 0.501 0.012 0.018
4 0.285 0.514 0.012 0.016
4 0.223 0.42 0.011 0.013
4 0.228 0.429 0.012 0.015
4 0.207 0.43 0.016 0.015
4 0.366 0.406 0.012 0.014
4 0.355 0.412 0.01 0.012
4 0.166 0.556 0.01 0.018
4 0.155 0.572 0.014 0.016
4 0.625 0.417 0.008 0.012
4 0.963 0.873 0.017 0.025
4 0.973 0.893 0.011 0.021
4 0.8 0.383 0.015 0.015
3 0.535 0.201 0.102 0.11
