3 0.426 0.156 0.012 0.016
3 0.592 0.125 0.014 0.025
3 0.619 0.159 0.015 0.016
3 0.666 0.171 0.014 0.019
3 0.652 0.103 0.017 0.023
4 0.797 0.394 0.012 0.014
1 0.803 0.398 0.03 0.047
4 0.812 0.523 0.013 0.013
4 0.928 0.661 0.015 0.013
4 0.905 0.65 0.016 0.012
4 0.898 0.662 0.015 0.019
4 0.717 0.436 0.011 0.011
4 0.708 0.426 0.009 0.009
4 0.704 0.435 0.011 0.013
4 0.181 0.632 0.009 0.015
4 0.171 0.648 0.012 0.016
0 0.172 0.634 0.04 0.062
0 0.815 0.513 0.047 0.084
0 0.916 0.648 0.067 0.083
0 0.713 0.428 0.035 0.043
0 0.088 0.447 0.049 0.083
