1 0.667 0.109 0.034 0.069
4 0.67 0.106 0.022 0.02
2 0.812 0.103 0.089 0.122
3 0.82 0.05 0.022 0.015
4 0.798 0.081 0.016 0.056
4 0.817 0.083 0.01 0.047
4 0.836 0.084 0.015 0.058
0 0.251 0.67 0.113 0.194
0 0.458 0.756 0.074 0.117
0 0.498 0.447 0.088 0.157
0 0.641 0.486 0.063 0.101
4 0.218 0.721 0.02 0.033
4 0.277 0.675 0.02 0.032
4 0.272 0.714 0.031 0.032
4 0.443 0.746 0.018 0.028
4 0.46 0.774 0.028 0.027
4 0.49 0.467 0.018 0.025
4 0.527 0.461 0.014 0.023
4 0.655 0.477 0.013 0.023
4 0.648 0.505 0.018 0.021
4 0.619 0.494 0.013 0.026
