3 0.667 0.113 0.015 0.025
3 0.63 0.11 0.008 0.013
3 0.608 0.2 0.016 0.025
3 0.557 0.193 0.018 0.033
3 0.448 0.166 0.011 0.016
3 0.394 0.167 0.01 0.019
4 0.025 0.639 0.022 0.015
1 0.029 0.626 0.032 0.059
4 0.903 0.414 0.016 0.011
1 0.901 0.415 0.024 0.043
4 0.218 0.627 0.013 0.013
4 0.21 0.616 0.007 0.012
4 0.597 0.746 0.015 0.018
4 0.57 0.733 0.008 0.018
4 0.854 0.778 0.013 0.019
4 0.824 0.771 0.02 0.021
0 0.834 0.758 0.068 0.09
0 0.593 0.726 0.059 0.122
0 0.218 0.617 0.036 0.06
0 0.161 0.423 0.045 0.081
0 0.141 0.438 0.038 0.067
