1 0.073 0.697 0.036 0.07
1 0.823 0.454 0.022 0.048
4 0.061 0.7 0.011 0.022
4 0.824 0.452 0.013 0.013
3 0.536 0.195 0.013 0.02
3 0.585 0.174 0.017 0.023
3 0.404 0.203 0.015 0.023
3 0.388 0.205 0.012 0.019
3 0.386 0.223 0.017 0.021
0 0.17 0.594 0.034 0.05
0 0.172 0.648 0.058 0.087
0 0.244 0.571 0.05 0.083
0 0.605 0.849 0.066 0.101
0 0.749 0.547 0.048 0.075
0 0.917 0.547 0.036 0.042
0 0.92 0.573 0.034 0.059
4 0.235 0.58 0.011 0.016
4 0.256 0.578 0.011 0.015
4 0.184 0.661 0.013 0.018
4 0.192 0.672 0.011 0.022
4 0.167 0.677 0.016 0.019
4 0.347 0.909 0.011 0.02
4 0.335 0.934 0.017 0.023
0 0.336 0.915 0.052 0.077
4 0.356 0.919 0.01 0.021
4 0.172 0.598 0.013 0.015
4 0.16 0.607 0.009 0.013
4 0.912 0.545 0.011 0.015
4 0.905 0.555 0.011 0.015
4 0.765 0.556 0.008 0.016
4 0.743 0.557 0.011 0.015
4 0.587 0.859 0.011 0.022
4 0.616 0.88 0.019 0.02
4 0.921 0.569 0.017 0.016
4 0.92 0.584 0.015 0.018
2 0.919 0.458 0.053 0.074
3 0.925 0.429 0.015 0.011
4 0.912 0.444 0.009 0.029
4 0.923 0.447 0.006 0.029
4 0.934 0.451 0.007 0.035
