1 0.127 0.472 0.048 0.097
4 0.288 0.698 0.014 0.022
4 0.286 0.674 0.02 0.014
4 0.268 0.68 0.012 0.022
4 0.226 0.857 0.021 0.033
4 0.241 0.878 0.015 0.027
4 0.201 0.885 0.025 0.021
4 0.689 0.701 0.018 0.022
4 0.649 0.685 0.011 0.026
4 0.497 0.489 0.024 0.015
4 0.492 0.502 0.022 0.021
4 0.528 0.504 0.017 0.02
4 0.595 0.741 0.02 0.026
4 0.604 0.761 0.015 0.021
4 0.572 0.766 0.02 0.022
4 0.798 0.373 0.015 0.019
0 0.581 0.743 0.076 0.113
0 0.682 0.671 0.096 0.174
0 0.287 0.667 0.057 0.1
0 0.508 0.463 0.079 0.133
0 0.211 0.855 0.086 0.119
0 0.799 0.358 0.063 0.117
