3 0.647 0.176 0.014 0.018
3 0.627 0.171 0.011 0.019
3 0.617 0.116 0.015 0.023
3 0.595 0.116 0.009 0.019
3 0.567 0.137 0.014 0.02
3 0.446 0.158 0.014 0.029
3 0.422 0.164 0.011 0.019
4 0.925 0.424 0.013 0.013
1 0.928 0.426 0.03 0.054
4 0.998 0.429 0.004 0.018
2 0.991 0.435 0.018 0.069
4 0.258 0.625 0.01 0.013
4 0.241 0.619 0.007 0.019
4 0.159 0.649 0.009 0.012
4 0.166 0.658 0.005 0.016
4 0.147 0.666 0.011 0.013
4 0.816 0.53 0.007 0.011
4 0.795 0.535 0.01 0.013
0 0.149 0.651 0.044 0.065
0 0.258 0.609 0.055 0.102
0 0.798 0.526 0.048 0.089
