3 0.547 0.049 0.008 0.013
3 0.545 0.094 0.009 0.016
3 0.503 0.183 0.01 0.018
3 0.477 0.212 0.017 0.029
3 0.428 0.198 0.011 0.018
3 0.491 0.261 0.013 0.029
4 0.925 0.453 0.016 0.012
1 0.923 0.454 0.024 0.047
4 0.004 0.719 0.008 0.018
4 0.12 0.624 0.017 0.018
4 0.148 0.674 0.01 0.012
4 0.141 0.69 0.014 0.016
4 0.122 0.691 0.007 0.014
4 0.784 0.634 0.015 0.013
4 0.789 0.648 0.014 0.014
4 0.763 0.638 0.015 0.018
4 0.568 0.651 0.014 0.016
4 0.832 0.591 0.012 0.013
4 0.822 0.577 0.009 0.014
4 0.815 0.584 0.009 0.014
0 0.006 0.695 0.012 0.082
0 0.828 0.58 0.038 0.053
0 0.772 0.629 0.059 0.075
0 0.568 0.629 0.051 0.113
0 0.119 0.609 0.055 0.095
0 0.138 0.68 0.046 0.068
