4 0.335 0.455 0.028 0.023
1 0.343 0.44 0.044 0.09
4 0.009 0.406 0.018 0.08
2 0.024 0.437 0.048 0.183
4 0.818 0.217 0.007 0.019
4 0.796 0.213 0.02 0.013
4 0.795 0.23 0.021 0.018
4 0.579 0.423 0.018 0.018
4 0.36 0.569 0.014 0.02
4 0.344 0.592 0.018 0.023
4 0.468 0.829 0.013 0.036
4 0.45 0.866 0.024 0.026
4 0.641 0.445 0.022 0.014
4 0.662 0.463 0.012 0.018
4 0.636 0.462 0.015 0.018
4 0.72 0.442 0.022 0.016
4 0.718 0.462 0.017 0.02
4 0.446 0.61 0.017 0.022
4 0.397 0.607 0.013 0.023
0 0.799 0.187 0.051 0.107
0 0.58 0.401 0.065 0.14
0 0.644 0.448 0.059 0.079
0 0.721 0.441 0.048 0.083
0 0.424 0.587 0.098 0.171
0 0.449 0.834 0.071 0.124
0 0.346 0.571 0.059 0.1
