4 0.799 0.362 0.015 0.012
4 0.994 0.352 0.011 0.038
2 0.989 0.368 0.022 0.083
1 0.802 0.362 0.023 0.046
4 0.957 0.834 0.013 0.02
4 0.969 0.863 0.017 0.02
0 0.97 0.846 0.057 0.087
4 0.384 0.397 0.011 0.011
4 0.371 0.394 0.007 0.008
4 0.289 0.499 0.01 0.013
4 0.285 0.513 0.012 0.013
4 0.269 0.512 0.007 0.013
4 0.309 0.46 0.017 0.014
4 0.283 0.584 0.013 0.014
4 0.255 0.583 0.011 0.018
4 0.674 0.392 0.011 0.012
4 0.669 0.4 0.008 0.012
4 0.684 0.403 0.009 0.009
4 0.824 0.566 0.018 0.015
4 0.795 0.602 0.015 0.016
0 0.823 0.545 0.042 0.073
0 0.379 0.39 0.026 0.04
0 0.304 0.438 0.046 0.079
0 0.268 0.572 0.065 0.111
0 0.281 0.502 0.04 0.054
0 0.798 0.59 0.057 0.114
0 0.677 0.393 0.036 0.047
3 0.341 0.119 0.013 0.023
3 0.419 0.111 0.016 0.027
3 0.557 0.112 0.015 0.025
3 0.617 0.054 0.018 0.026
