3 0.635 0.2 0.01 0.014
3 0.611 0.146 0.012 0.018
3 0.586 0.145 0.007 0.013
3 0.572 0.168 0.011 0.016
3 0.521 0.223 0.011 0.019
3 0.512 0.217 0.011 0.018
3 0.47 0.168 0.01 0.023
3 0.46 0.17 0.009 0.021
3 0.414 0.195 0.007 0.02
3 0.422 0.162 0.009 0.012
4 0.071 0.71 0.009 0.021
1 0.087 0.702 0.044 0.07
4 0.884 0.433 0.014 0.011
4 0.995 0.431 0.009 0.031
2 0.99 0.444 0.02 0.07
1 0.883 0.434 0.024 0.048
4 0.271 0.581 0.016 0.014
4 0.26 0.569 0.009 0.013
4 0.331 0.556 0.011 0.013
4 0.113 0.513 0.01 0.009
4 0.101 0.525 0.011 0.011
4 0.12 0.523 0.01 0.013
4 0.091 0.582 0.013 0.013
4 0.097 0.594 0.011 0.012
4 0.08 0.594 0.011 0.011
4 0.615 0.819 0.018 0.016
4 0.613 0.837 0.013 0.013
4 0.572 0.805 0.011 0.018
4 0.834 0.566 0.015 0.012
4 0.816 0.556 0.013 0.014
4 0.811 0.567 0.011 0.015
0 0.823 0.552 0.05 0.063
0 0.57 0.783 0.055 0.123
0 0.614 0.813 0.04 0.07
0 0.328 0.548 0.048 0.086
0 0.272 0.556 0.044 0.089
0 0.107 0.515 0.04 0.055
0 0.085 0.584 0.042 0.055
