4 0.411 0.367 0.028 0.022
1 0.417 0.376 0.042 0.108
4 0.587 0.373 0.027 0.019
4 0.589 0.283 0.026 0.02
4 0.53 0.36 0.007 0.052
4 0.568 0.333 0.013 0.054
4 0.588 0.328 0.016 0.065
4 0.608 0.332 0.009 0.05
4 0.644 0.378 0.009 0.073
2 0.588 0.353 0.129 0.168
4 0.845 0.699 0.032 0.026
4 0.658 0.476 0.016 0.025
4 0.61 0.475 0.022 0.028
4 0.707 0.385 0.013 0.021
4 0.679 0.387 0.015 0.023
4 0.232 0.66 0.017 0.026
4 0.175 0.661 0.018 0.027
4 0.098 0.934 0.04 0.021
4 0.098 0.968 0.026 0.029
4 0.346 0.417 0.017 0.023
0 0.101 0.933 0.08 0.134
0 0.205 0.642 0.125 0.195
0 0.336 0.397 0.064 0.086
0 0.692 0.372 0.059 0.081
0 0.631 0.462 0.096 0.169
0 0.846 0.641 0.085 0.182
