4 0.297 0.519 0.028 0.023
1 0.302 0.505 0.049 0.099
4 0.29 0.548 0.017 0.018
4 0.266 0.572 0.03 0.022
4 0.301 0.563 0.01 0.022
4 0.436 0.456 0.025 0.015
4 0.438 0.477 0.017 0.019
4 0.416 0.465 0.011 0.022
4 0.603 0.611 0.02 0.022
4 0.572 0.581 0.009 0.021
4 0.588 0.479 0.022 0.013
4 0.568 0.487 0.012 0.019
4 0.653 0.406 0.015 0.019
4 0.61 0.406 0.015 0.02
4 0.631 0.688 0.03 0.021
4 0.602 0.662 0.014 0.028
4 0.589 0.675 0.009 0.026
4 0.551 0.555 0.01 0.021
4 0.503 0.565 0.017 0.022
4 0.481 0.545 0.022 0.021
4 0.473 0.567 0.017 0.02
0 0.49 0.543 0.07 0.086
0 0.633 0.391 0.09 0.142
0 0.626 0.659 0.091 0.133
0 0.566 0.539 0.059 0.09
0 0.269 0.528 0.09 0.147
0 0.606 0.574 0.093 0.162
0 0.433 0.454 0.053 0.088
0 0.583 0.472 0.057 0.08
