1 0.132 0.41 0.051 0.093
0 0.488 0.501 0.067 0.092
0 0.53 0.521 0.07 0.093
0 0.686 0.631 0.102 0.13
0 0.712 0.371 0.091 0.138
0 0.679 0.193 0.071 0.108
0 0.315 0.667 0.071 0.1
4 0.688 0.21 0.02 0.016
4 0.691 0.228 0.02 0.02
4 0.662 0.218 0.015 0.021
4 0.288 0.685 0.015 0.027
4 0.66 0.623 0.017 0.023
4 0.674 0.657 0.028 0.031
4 0.721 0.661 0.019 0.033
4 0.481 0.499 0.017 0.02
4 0.503 0.518 0.017 0.025
4 0.472 0.518 0.017 0.025
4 0.688 0.384 0.015 0.02
4 0.727 0.391 0.015 0.021
4 0.543 0.523 0.015 0.025
4 0.513 0.532 0.017 0.02
