3 0.694 0.198 0.009 0.016
3 0.648 0.131 0.011 0.02
3 0.601 0.127 0.008 0.011
3 0.486 0.128 0.009 0.016
3 0.428 0.217 0.011 0.02
3 0.406 0.178 0.009 0.016
3 0.604 0.155 0.011 0.016
4 0.829 0.421 0.013 0.013
1 0.833 0.423 0.022 0.046
4 0.319 0.433 0.012 0.011
4 0.32 0.442 0.015 0.011
4 0.305 0.436 0.007 0.013
4 0.102 0.81 0.012 0.02
4 0.112 0.821 0.009 0.018
4 0.087 0.832 0.015 0.018
4 0.86 0.546 0.01 0.013
4 0.836 0.542 0.008 0.014
0 0.847 0.538 0.052 0.082
0 0.316 0.419 0.034 0.066
0 0.091 0.815 0.053 0.075
