3 0.43 0.022 0.017 0.031
3 0.447 0.052 0.021 0.041
3 0.487 0.072 0.017 0.025
0 0.659 0.43 0.065 0.12
4 0.975 0.969 0.015 0.029
0 0.982 0.952 0.037 0.096
4 0.509 0.685 0.013 0.02
4 0.545 0.707 0.009 0.021
4 0.52 0.714 0.017 0.021
0 0.522 0.698 0.061 0.094
4 0.639 0.794 0.016 0.027
4 0.59 0.758 0.011 0.02
4 0.599 0.802 0.024 0.023
0 0.611 0.765 0.083 0.128
4 0.345 0.687 0.014 0.025
4 0.387 0.686 0.013 0.02
4 0.307 0.626 0.023 0.02
4 0.272 0.621 0.015 0.02
0 0.29 0.593 0.075 0.111
0 0.367 0.638 0.084 0.162
