4 0.402 0.519 0.015 0.019
4 0.41 0.54 0.014 0.021
4 0.371 0.541 0.023 0.023
4 0.584 0.496 0.012 0.019
4 0.543 0.497 0.016 0.02
4 0.409 0.658 0.018 0.023
4 0.375 0.662 0.019 0.026
4 0.463 0.545 0.006 0.018
4 0.436 0.554 0.015 0.021
4 0.424 0.528 0.011 0.019
4 0.518 0.485 0.015 0.02
4 0.491 0.476 0.013 0.02
4 0.755 0.48 0.024 0.021
4 0.722 0.471 0.015 0.022
0 0.58 0.423 0.043 0.08
0 0.502 0.463 0.053 0.093
0 0.746 0.451 0.066 0.101
0 0.561 0.454 0.081 0.171
0 0.38 0.507 0.078 0.134
0 0.393 0.64 0.081 0.111
0 0.439 0.533 0.063 0.093
