4 0.635 0.514 0.02 0.028
1 0.65 0.514 0.057 0.11
4 0.364 0.406 0.03 0.019
4 0.43 0.52 0.008 0.084
4 0.388 0.466 0.013 0.066
4 0.365 0.455 0.009 0.07
4 0.339 0.459 0.01 0.063
4 0.291 0.518 0.009 0.077
4 0.363 0.515 0.028 0.018
2 0.36 0.487 0.152 0.204
4 0.254 0.503 0.013 0.025
4 0.211 0.477 0.016 0.023
4 0.22 0.509 0.021 0.021
4 0.919 0.628 0.015 0.028
4 0.882 0.627 0.015 0.021
4 0.898 0.552 0.024 0.019
4 0.938 0.575 0.02 0.027
4 0.526 0.61 0.023 0.028
4 0.485 0.589 0.011 0.029
0 0.511 0.496 0.092 0.137
0 0.904 0.613 0.082 0.113
0 0.23 0.491 0.075 0.11
0 0.918 0.528 0.096 0.137
0 0.522 0.562 0.09 0.183
