4 0.407 0.447 0.028 0.016
4 0.429 0.499 0.009 0.059
4 0.408 0.54 0.023 0.022
4 0.386 0.495 0.011 0.054
4 0.645 0.543 0.018 0.026
1 0.657 0.546 0.05 0.094
4 0.552 0.751 0.02 0.021
4 0.508 0.738 0.013 0.025
4 0.524 0.602 0.027 0.016
4 0.523 0.626 0.028 0.022
4 0.434 0.677 0.015 0.021
4 0.446 0.694 0.009 0.025
4 0.413 0.707 0.017 0.02
4 0.375 0.623 0.012 0.019
4 0.364 0.654 0.017 0.02
4 0.332 0.649 0.009 0.019
4 0.658 0.903 0.022 0.032
4 0.599 0.851 0.017 0.022
0 0.624 0.866 0.1 0.151
0 0.384 0.505 0.059 0.087
0 0.52 0.577 0.07 0.14
0 0.539 0.715 0.095 0.161
0 0.421 0.684 0.065 0.111
0 0.356 0.636 0.066 0.106
2 0.408 0.518 0.131 0.189
