4 0.696 0.57 0.021 0.025
4 0.435 0.46 0.03 0.018
4 0.459 0.518 0.011 0.063
4 0.412 0.512 0.011 0.062
4 0.436 0.565 0.024 0.022
2 0.433 0.538 0.149 0.207
1 0.711 0.57 0.055 0.107
4 0.383 0.652 0.012 0.02
4 0.362 0.68 0.018 0.025
4 0.363 0.731 0.016 0.02
4 0.354 0.768 0.023 0.023
4 0.452 0.771 0.022 0.026
4 0.402 0.753 0.014 0.025
4 0.665 0.354 0.013 0.018
4 0.328 0.586 0.014 0.023
0 0.348 0.553 0.069 0.131
0 0.368 0.66 0.077 0.113
0 0.344 0.742 0.085 0.123
0 0.652 0.34 0.051 0.076
0 0.477 0.673 0.081 0.148
0 0.439 0.718 0.102 0.196
