4 0.425 0.449 0.028 0.015
4 0.447 0.502 0.011 0.059
4 0.425 0.546 0.026 0.021
4 0.402 0.498 0.011 0.058
4 0.668 0.55 0.019 0.028
1 0.683 0.554 0.049 0.099
4 0.489 0.758 0.013 0.027
4 0.541 0.762 0.016 0.027
4 0.541 0.634 0.028 0.019
4 0.539 0.659 0.028 0.025
4 0.451 0.733 0.013 0.022
4 0.623 0.454 0.017 0.019
4 0.596 0.452 0.017 0.016
4 0.392 0.63 0.014 0.021
4 0.38 0.663 0.018 0.021
4 0.348 0.656 0.012 0.019
0 0.422 0.704 0.076 0.11
4 0.44 0.792 0.022 0.028
4 0.388 0.796 0.028 0.031
0 0.404 0.757 0.101 0.157
0 0.516 0.727 0.111 0.163
0 0.608 0.438 0.063 0.086
0 0.541 0.607 0.071 0.151
0 0.371 0.643 0.069 0.11
2 0.421 0.524 0.138 0.191
