4 0.607 0.526 0.02 0.028
1 0.622 0.522 0.053 0.107
4 0.337 0.42 0.031 0.019
4 0.405 0.549 0.009 0.049
4 0.362 0.478 0.013 0.063
4 0.341 0.477 0.018 0.055
4 0.314 0.473 0.009 0.061
4 0.268 0.544 0.009 0.048
4 0.339 0.529 0.029 0.021
2 0.337 0.5 0.149 0.197
4 0.18 0.525 0.017 0.023
4 0.28 0.732 0.032 0.026
4 0.848 0.633 0.016 0.026
4 0.884 0.634 0.015 0.022
4 0.864 0.558 0.023 0.022
4 0.903 0.58 0.022 0.025
4 0.419 0.638 0.009 0.022
4 0.373 0.658 0.022 0.027
4 0.377 0.455 0.015 0.019
0 0.869 0.617 0.074 0.11
0 0.389 0.461 0.068 0.097
0 0.883 0.536 0.094 0.135
0 0.201 0.509 0.075 0.107
0 0.929 0.759 0.135 0.217
4 0.964 0.822 0.02 0.032
0 0.376 0.618 0.1 0.17
0 0.289 0.685 0.091 0.15
