4 0.483 0.59 0.017 0.021
4 0.262 0.511 0.026 0.018
4 0.283 0.561 0.012 0.054
4 0.243 0.559 0.01 0.052
4 0.265 0.601 0.022 0.021
2 0.261 0.581 0.128 0.178
1 0.493 0.589 0.045 0.086
4 0.221 0.677 0.014 0.018
4 0.204 0.705 0.017 0.021
4 0.291 0.783 0.015 0.02
4 0.28 0.816 0.021 0.026
4 0.174 0.616 0.019 0.02
4 0.14 0.606 0.024 0.015
4 0.133 0.629 0.024 0.021
4 0.682 0.439 0.017 0.021
4 0.982 0.398 0.017 0.018
4 0.763 0.465 0.02 0.016
4 0.738 0.442 0.013 0.013
4 0.729 0.457 0.015 0.02
0 0.753 0.433 0.074 0.094
0 0.206 0.683 0.067 0.092
0 0.275 0.793 0.074 0.116
0 0.977 0.386 0.046 0.065
0 0.151 0.588 0.09 0.134
0 0.687 0.406 0.065 0.101
