4 0.4 0.506 0.018 0.018
4 0.37 0.528 0.022 0.026
4 0.561 0.505 0.015 0.021
4 0.521 0.499 0.015 0.021
4 0.444 0.641 0.016 0.02
4 0.443 0.611 0.017 0.013
4 0.41 0.644 0.017 0.022
4 0.413 0.526 0.009 0.016
4 0.426 0.552 0.016 0.021
4 0.578 0.464 0.014 0.019
4 0.482 0.507 0.014 0.019
4 0.455 0.516 0.014 0.02
4 0.838 0.477 0.026 0.021
4 0.813 0.451 0.013 0.016
4 0.802 0.467 0.013 0.02
0 0.577 0.447 0.046 0.081
0 0.471 0.493 0.058 0.101
0 0.829 0.444 0.08 0.114
0 0.545 0.457 0.079 0.17
0 0.382 0.492 0.078 0.127
0 0.428 0.623 0.081 0.101
0 0.425 0.533 0.061 0.093
