4 0.918 0.442 0.012 0.007
4 0.927 0.46 0.005 0.031
4 0.917 0.458 0.005 0.025
4 0.907 0.455 0.01 0.031
2 0.914 0.47 0.046 0.065
4 0.853 0.474 0.011 0.011
1 0.854 0.472 0.02 0.039
4 0.025 0.546 0.015 0.012
4 0.024 0.556 0.013 0.009
4 0.227 0.487 0.007 0.011
4 0.241 0.492 0.007 0.009
4 0.963 0.673 0.01 0.012
4 0.818 0.621 0.006 0.014
4 0.809 0.635 0.015 0.012
4 0.867 0.54 0.007 0.009
4 0.861 0.548 0.007 0.012
4 0.876 0.553 0.009 0.009
0 0.075 0.519 0.033 0.059
0 0.963 0.651 0.041 0.075
0 0.03 0.536 0.04 0.058
0 0.236 0.484 0.026 0.043
0 0.809 0.614 0.037 0.059
0 0.873 0.544 0.034 0.046
3 0.553 0.203 0.02 0.039
3 0.525 0.197 0.054 0.095
3 0.488 0.224 0.038 0.082
