4 0.046 0.498 0.028 0.025
1 0.064 0.491 0.068 0.089
4 0.652 0.513 0.029 0.019
4 0.649 0.536 0.029 0.02
4 0.746 0.584 0.021 0.023
4 0.494 0.472 0.011 0.02
4 0.47 0.459 0.022 0.016
4 0.466 0.482 0.017 0.018
4 0.655 0.664 0.019 0.021
4 0.624 0.62 0.016 0.013
4 0.621 0.655 0.017 0.027
4 0.489 0.523 0.026 0.014
4 0.49 0.55 0.02 0.02
4 0.466 0.534 0.009 0.023
0 0.487 0.526 0.06 0.092
0 0.637 0.646 0.079 0.11
0 0.749 0.525 0.084 0.203
0 0.654 0.491 0.063 0.143
0 0.409 0.963 0.083 0.074
0 0.476 0.457 0.063 0.087
