4 0.424 0.537 0.015 0.015
4 0.411 0.569 0.024 0.022
4 0.372 0.565 0.016 0.026
4 0.559 0.587 0.018 0.022
4 0.293 0.697 0.011 0.021
4 0.259 0.721 0.015 0.02
4 0.539 0.451 0.021 0.012
4 0.539 0.471 0.011 0.019
4 0.518 0.462 0.011 0.019
4 0.649 0.501 0.013 0.018
4 0.63 0.521 0.015 0.02
4 0.596 0.495 0.009 0.019
4 0.573 0.502 0.017 0.021
4 0.658 0.609 0.026 0.02
0 0.579 0.486 0.055 0.08
0 0.637 0.505 0.063 0.086
0 0.659 0.576 0.066 0.119
0 0.558 0.538 0.071 0.175
0 0.403 0.532 0.084 0.121
0 0.274 0.69 0.072 0.108
0 0.532 0.45 0.055 0.086
