4 0.44 0.451 0.028 0.02
4 0.464 0.506 0.01 0.062
4 0.44 0.554 0.026 0.023
4 0.417 0.501 0.009 0.061
4 0.702 0.56 0.02 0.023
1 0.716 0.559 0.053 0.103
4 0.583 0.793 0.019 0.026
4 0.484 0.682 0.023 0.025
4 0.474 0.707 0.02 0.029
4 0.386 0.686 0.018 0.022
4 0.392 0.715 0.017 0.026
4 0.74 0.387 0.012 0.019
4 0.712 0.355 0.015 0.013
4 0.713 0.381 0.014 0.02
4 0.387 0.637 0.016 0.021
4 0.4 0.657 0.011 0.025
0 0.375 0.646 0.072 0.114
0 0.37 0.691 0.079 0.116
0 0.505 0.667 0.095 0.165
4 0.353 0.761 0.024 0.033
4 0.3 0.762 0.026 0.028
0 0.551 0.753 0.116 0.196
0 0.321 0.722 0.107 0.16
0 0.72 0.37 0.059 0.086
2 0.437 0.527 0.145 0.195
