4 0.071 0.528 0.027 0.021
1 0.087 0.515 0.065 0.087
4 0.349 0.631 0.026 0.015
4 0.354 0.655 0.028 0.023
4 0.311 0.647 0.018 0.031
4 0.71 0.72 0.021 0.025
4 0.638 0.457 0.015 0.018
4 0.629 0.483 0.018 0.02
4 0.601 0.479 0.014 0.018
4 0.547 0.592 0.016 0.021
4 0.516 0.584 0.012 0.025
4 0.159 0.292 0.017 0.016
4 0.151 0.27 0.011 0.014
4 0.411 0.69 0.014 0.026
4 0.404 0.724 0.018 0.026
0 0.401 0.704 0.066 0.111
0 0.623 0.466 0.066 0.094
0 0.7 0.657 0.098 0.212
0 0.335 0.604 0.083 0.154
0 0.531 0.567 0.075 0.108
0 0.163 0.276 0.055 0.079
