4 0.681 0.571 0.02 0.022
4 0.421 0.461 0.03 0.016
4 0.445 0.52 0.012 0.063
4 0.397 0.515 0.009 0.061
4 0.422 0.57 0.027 0.02
2 0.418 0.54 0.147 0.201
1 0.696 0.572 0.054 0.101
4 0.367 0.652 0.013 0.018
4 0.38 0.671 0.009 0.021
4 0.347 0.683 0.018 0.023
4 0.342 0.764 0.018 0.023
4 0.346 0.728 0.018 0.016
4 0.449 0.731 0.03 0.025
4 0.537 0.755 0.012 0.027
4 0.65 0.357 0.011 0.016
4 0.461 0.511 0.013 0.02
0 0.442 0.496 0.065 0.114
0 0.352 0.661 0.073 0.11
0 0.324 0.744 0.086 0.131
0 0.638 0.341 0.05 0.076
0 0.459 0.683 0.084 0.143
0 0.498 0.724 0.102 0.196
