4 0.483 0.578 0.015 0.02
4 0.263 0.501 0.026 0.015
4 0.285 0.548 0.011 0.053
4 0.242 0.549 0.009 0.05
4 0.266 0.59 0.022 0.019
2 0.262 0.567 0.127 0.169
1 0.494 0.578 0.046 0.083
4 0.231 0.677 0.008 0.022
4 0.221 0.663 0.011 0.021
4 0.202 0.691 0.017 0.02
4 0.117 0.604 0.014 0.015
4 0.109 0.632 0.02 0.022
4 0.428 0.555 0.014 0.012
4 0.425 0.586 0.022 0.02
4 0.386 0.588 0.018 0.021
4 0.557 0.486 0.014 0.019
4 0.519 0.496 0.014 0.016
4 0.5 0.438 0.012 0.015
4 0.607 0.405 0.015 0.012
4 0.609 0.437 0.019 0.022
4 0.577 0.45 0.013 0.019
0 0.595 0.42 0.071 0.103
0 0.205 0.671 0.065 0.094
0 0.104 0.619 0.073 0.099
0 0.509 0.427 0.044 0.068
0 0.408 0.559 0.08 0.114
0 0.54 0.46 0.073 0.138
