4 0.16 0.507 0.024 0.023
1 0.178 0.5 0.062 0.094
4 0.058 0.487 0.032 0.019
4 0.059 0.514 0.024 0.023
4 0.109 0.866 0.013 0.027
4 0.151 0.871 0.021 0.031
4 0.677 0.711 0.017 0.026
4 0.663 0.728 0.012 0.023
4 0.699 0.745 0.02 0.028
4 0.537 0.596 0.018 0.026
4 0.526 0.617 0.013 0.027
4 0.569 0.63 0.028 0.019
4 0.81 0.602 0.021 0.029
4 0.861 0.601 0.022 0.026
4 0.457 0.528 0.02 0.027
4 0.421 0.512 0.024 0.019
4 0.443 0.58 0.014 0.021
0 0.427 0.563 0.071 0.111
0 0.436 0.485 0.092 0.137
0 0.146 0.839 0.1 0.15
0 0.061 0.488 0.07 0.109
0 0.368 0.646 0.098 0.173
0 0.56 0.582 0.099 0.141
0 0.695 0.718 0.079 0.121
0 0.841 0.556 0.118 0.184
