4 0.415 0.484 0.027 0.016
4 0.437 0.535 0.01 0.056
4 0.394 0.532 0.009 0.055
4 0.415 0.579 0.023 0.015
4 0.652 0.581 0.019 0.021
1 0.666 0.582 0.049 0.1
4 0.442 0.709 0.015 0.026
4 0.389 0.709 0.011 0.02
4 0.627 0.49 0.022 0.015
4 0.262 0.687 0.018 0.022
4 0.258 0.723 0.02 0.021
4 0.221 0.721 0.013 0.022
4 0.315 0.665 0.011 0.02
4 0.28 0.67 0.018 0.021
4 0.342 0.669 0.03 0.014
4 0.342 0.691 0.021 0.019
0 0.636 0.475 0.061 0.11
0 0.25 0.7 0.082 0.109
0 0.288 0.655 0.069 0.102
0 0.414 0.682 0.096 0.16
0 0.343 0.671 0.053 0.103
2 0.411 0.556 0.133 0.183
