4 0.353 0.523 0.017 0.019
4 0.381 0.486 0.026 0.016
4 0.403 0.536 0.011 0.061
4 0.382 0.546 0.015 0.028
4 0.359 0.535 0.008 0.052
4 0.439 0.613 0.007 0.019
4 0.318 0.609 0.007 0.022
4 0.38 0.582 0.023 0.019
4 0.618 0.582 0.017 0.023
1 0.631 0.582 0.045 0.097
4 0.311 0.67 0.01 0.022
4 0.685 0.397 0.019 0.014
4 0.71 0.408 0.013 0.018
4 0.682 0.413 0.02 0.019
4 0.639 0.52 0.02 0.019
4 0.242 0.597 0.011 0.02
0 0.341 0.525 0.059 0.088
0 0.255 0.607 0.059 0.1
0 0.633 0.503 0.057 0.083
0 0.278 0.644 0.086 0.16
0 0.694 0.384 0.063 0.1
2 0.38 0.554 0.132 0.178
