4 0.417 0.485 0.025 0.018
4 0.438 0.536 0.009 0.059
4 0.395 0.533 0.009 0.054
4 0.418 0.581 0.022 0.019
4 0.654 0.583 0.018 0.027
1 0.666 0.583 0.048 0.097
4 0.479 0.701 0.008 0.022
4 0.439 0.724 0.019 0.023
4 0.522 0.604 0.022 0.026
4 0.492 0.586 0.024 0.019
4 0.261 0.692 0.017 0.018
4 0.257 0.725 0.02 0.02
4 0.221 0.726 0.014 0.021
4 0.276 0.658 0.023 0.022
4 0.286 0.677 0.017 0.025
4 0.342 0.686 0.011 0.02
4 0.384 0.66 0.015 0.02
4 0.373 0.692 0.017 0.022
4 0.869 0.614 0.023 0.02
4 0.905 0.64 0.024 0.02
0 0.263 0.656 0.074 0.106
0 0.247 0.703 0.079 0.117
0 0.512 0.573 0.068 0.124
0 0.888 0.606 0.086 0.113
0 0.444 0.678 0.079 0.155
0 0.367 0.676 0.065 0.103
2 0.414 0.557 0.137 0.182
