4 0.51 0.587 0.017 0.023
4 0.264 0.497 0.031 0.018
4 0.288 0.551 0.012 0.058
4 0.243 0.55 0.011 0.06
4 0.268 0.597 0.023 0.019
2 0.263 0.572 0.141 0.189
1 0.522 0.587 0.046 0.097
4 0.228 0.695 0.009 0.022
4 0.216 0.679 0.013 0.02
4 0.196 0.71 0.019 0.026
4 0.11 0.736 0.018 0.023
4 0.072 0.748 0.021 0.026
4 0.438 0.642 0.014 0.023
4 0.401 0.659 0.029 0.027
4 0.475 0.562 0.014 0.02
4 0.478 0.39 0.011 0.015
4 0.627 0.453 0.014 0.014
4 0.63 0.489 0.018 0.022
4 0.591 0.502 0.019 0.021
0 0.611 0.467 0.083 0.113
0 0.199 0.687 0.073 0.111
0 0.091 0.719 0.089 0.12
0 0.467 0.379 0.047 0.069
0 0.413 0.621 0.081 0.129
0 0.499 0.527 0.087 0.146
