4 0.639 0.506 0.022 0.027
1 0.652 0.51 0.052 0.111
4 0.365 0.398 0.03 0.018
4 0.433 0.519 0.01 0.076
4 0.39 0.459 0.011 0.066
4 0.368 0.447 0.018 0.076
4 0.341 0.453 0.009 0.061
4 0.293 0.512 0.01 0.08
4 0.367 0.509 0.028 0.022
2 0.363 0.478 0.154 0.21
4 0.216 0.478 0.024 0.022
4 0.248 0.496 0.012 0.021
4 0.208 0.502 0.018 0.02
4 0.557 0.711 0.026 0.036
4 0.512 0.688 0.037 0.023
4 0.505 0.717 0.032 0.033
4 0.923 0.622 0.013 0.023
4 0.884 0.62 0.014 0.027
4 0.901 0.546 0.026 0.02
4 0.94 0.568 0.023 0.023
4 0.448 0.526 0.013 0.013
4 0.498 0.537 0.018 0.025
0 0.906 0.605 0.077 0.121
0 0.231 0.481 0.073 0.104
0 0.918 0.519 0.097 0.144
0 0.485 0.499 0.096 0.17
0 0.529 0.665 0.11 0.17
