4 0.079 0.573 0.024 0.025
1 0.097 0.56 0.065 0.086
4 0.518 0.529 0.021 0.02
4 0.481 0.521 0.018 0.021
4 0.75 0.73 0.015 0.023
4 0.699 0.728 0.019 0.029
4 0.302 0.971 0.021 0.031
4 0.253 0.923 0.016 0.025
4 0.256 0.971 0.023 0.032
4 0.557 0.471 0.013 0.019
4 0.535 0.454 0.02 0.016
4 0.529 0.474 0.015 0.019
4 0.441 0.484 0.024 0.012
4 0.446 0.504 0.017 0.018
4 0.422 0.496 0.008 0.019
4 0.587 0.552 0.015 0.021
4 0.569 0.531 0.014 0.018
4 0.559 0.548 0.011 0.019
4 0.802 0.699 0.023 0.027
4 0.754 0.65 0.018 0.015
0 0.583 0.538 0.068 0.092
0 0.437 0.488 0.055 0.088
0 0.779 0.66 0.083 0.133
0 0.72 0.674 0.102 0.216
0 0.499 0.495 0.077 0.119
0 0.274 0.931 0.099 0.137
0 0.544 0.457 0.06 0.084
