4 0.92 0.43 0.011 0.009
4 0.93 0.448 0.007 0.031
4 0.919 0.448 0.006 0.025
4 0.909 0.444 0.01 0.029
2 0.917 0.456 0.047 0.067
4 0.847 0.457 0.011 0.009
1 0.847 0.457 0.02 0.04
4 0.352 0.454 0.007 0.007
4 0.355 0.461 0.007 0.009
4 0.344 0.462 0.008 0.009
4 0.813 0.626 0.007 0.015
4 0.834 0.641 0.011 0.013
4 0.791 0.619 0.008 0.011
4 0.786 0.626 0.005 0.013
4 0.799 0.633 0.009 0.015
4 0.728 0.63 0.008 0.013
4 0.721 0.646 0.015 0.013
4 0.701 0.638 0.006 0.015
4 0.972 0.823 0.015 0.013
4 0.984 0.843 0.011 0.014
0 0.048 0.536 0.032 0.059
0 0.347 0.456 0.025 0.036
0 0.716 0.628 0.042 0.065
0 0.797 0.624 0.032 0.053
0 0.83 0.617 0.045 0.087
0 0.974 0.827 0.043 0.077
3 0.613 0.204 0.018 0.029
3 0.486 0.185 0.023 0.043
3 0.478 0.198 0.017 0.028
3 0.466 0.224 0.025 0.034
