4 0.37 0.463 0.02 0.027
1 0.386 0.465 0.058 0.109
4 0.471 0.719 0.019 0.026
4 0.508 0.738 0.03 0.022
4 0.097 0.379 0.036 0.018
4 0.103 0.486 0.028 0.023
4 0.601 0.604 0.013 0.022
4 0.646 0.618 0.02 0.025
4 0.159 0.454 0.02 0.09
4 0.123 0.43 0.015 0.053
4 0.101 0.425 0.023 0.074
4 0.032 0.456 0.017 0.09
4 0.073 0.431 0.011 0.058
2 0.098 0.457 0.152 0.198
4 0.825 0.451 0.017 0.016
4 0.835 0.482 0.019 0.02
4 0.865 0.482 0.013 0.025
4 0.732 0.543 0.019 0.02
4 0.735 0.582 0.026 0.025
4 0.781 0.583 0.026 0.028
4 0.646 0.499 0.018 0.023
4 0.611 0.479 0.025 0.019
4 0.598 0.551 0.015 0.025
0 0.612 0.526 0.061 0.09
0 0.638 0.575 0.096 0.151
0 0.63 0.458 0.081 0.127
0 0.499 0.715 0.08 0.12
0 0.755 0.548 0.096 0.136
0 0.84 0.466 0.069 0.096
