4 0.948 0.436 0.013 0.008
4 0.958 0.454 0.007 0.035
4 0.935 0.452 0.012 0.031
2 0.944 0.465 0.052 0.073
4 0.835 0.467 0.013 0.012
1 0.834 0.466 0.02 0.042
4 0.015 0.535 0.011 0.011
4 0.152 0.611 0.009 0.014
4 0.128 0.619 0.01 0.015
4 0.094 0.647 0.014 0.011
4 0.115 0.653 0.009 0.016
4 0.386 0.758 0.013 0.016
4 0.349 0.748 0.012 0.016
4 0.342 0.728 0.007 0.014
0 0.138 0.603 0.049 0.082
0 0.102 0.637 0.046 0.075
0 0.011 0.538 0.022 0.056
0 0.389 0.726 0.051 0.104
0 0.351 0.737 0.034 0.059
3 0.466 0.252 0.02 0.028
