4 0.577 0.528 0.019 0.022
1 0.59 0.528 0.048 0.1
4 0.331 0.435 0.028 0.018
4 0.394 0.563 0.007 0.02
4 0.354 0.485 0.013 0.06
4 0.334 0.492 0.017 0.038
4 0.311 0.483 0.009 0.053
4 0.269 0.556 0.007 0.033
4 0.333 0.533 0.022 0.02
2 0.329 0.505 0.141 0.188
4 0.195 0.507 0.021 0.019
4 0.187 0.527 0.016 0.016
4 0.28 0.647 0.014 0.022
4 0.263 0.691 0.03 0.025
4 0.794 0.626 0.013 0.023
4 0.827 0.626 0.013 0.023
4 0.842 0.578 0.02 0.022
4 0.809 0.56 0.021 0.019
4 0.357 0.657 0.018 0.022
4 0.308 0.652 0.012 0.022
4 0.382 0.486 0.016 0.023
4 0.367 0.464 0.013 0.016
4 0.66 0.343 0.019 0.015
4 0.657 0.36 0.013 0.018
0 0.811 0.61 0.069 0.103
4 0.723 0.665 0.015 0.025
0 0.663 0.346 0.049 0.073
0 0.823 0.538 0.086 0.123
0 0.209 0.508 0.071 0.095
0 0.381 0.47 0.061 0.09
0 0.7 0.623 0.106 0.177
0 0.336 0.622 0.108 0.155
0 0.255 0.642 0.092 0.143
