4 0.579 0.525 0.02 0.027
1 0.592 0.525 0.052 0.101
4 0.332 0.432 0.028 0.019
4 0.394 0.562 0.007 0.023
4 0.355 0.481 0.011 0.059
4 0.334 0.494 0.017 0.029
4 0.311 0.479 0.01 0.055
4 0.27 0.555 0.007 0.025
4 0.334 0.528 0.026 0.019
2 0.33 0.503 0.14 0.187
4 0.23 0.519 0.012 0.019
4 0.199 0.524 0.02 0.022
4 0.231 0.674 0.015 0.025
4 0.828 0.621 0.013 0.025
4 0.796 0.623 0.014 0.023
4 0.809 0.555 0.024 0.018
4 0.844 0.575 0.018 0.025
4 0.377 0.655 0.012 0.025
4 0.33 0.667 0.018 0.025
4 0.523 0.425 0.024 0.014
4 0.521 0.44 0.018 0.019
4 0.375 0.46 0.018 0.02
0 0.814 0.61 0.072 0.109
0 0.362 0.447 0.063 0.088
4 0.752 0.657 0.015 0.023
4 0.707 0.642 0.015 0.023
0 0.824 0.532 0.088 0.131
0 0.208 0.507 0.075 0.101
0 0.725 0.608 0.101 0.171
0 0.342 0.625 0.1 0.163
0 0.521 0.425 0.044 0.074
0 0.25 0.635 0.088 0.136
