4 0.994 0.423 0.012 0.032
2 0.989 0.438 0.022 0.075
4 0.95 0.451 0.014 0.012
1 0.955 0.451 0.026 0.05
4 0.153 0.589 0.01 0.013
4 0.129 0.591 0.009 0.013
4 0.102 0.636 0.012 0.015
4 0.08 0.628 0.014 0.012
4 0.026 0.724 0.013 0.016
4 0.864 0.619 0.009 0.014
4 0.855 0.631 0.013 0.013
4 0.952 0.64 0.011 0.012
4 0.936 0.652 0.019 0.015
0 0.139 0.572 0.051 0.09
0 0.089 0.619 0.051 0.082
0 0.941 0.631 0.052 0.083
0 0.034 0.714 0.044 0.072
0 0.063 0.708 0.065 0.116
0 0.855 0.621 0.036 0.061
3 0.51 0.169 0.104 0.195
3 0.596 0.206 0.072 0.116
