4 0.372 0.092 0.022 0.014
4 0.5 0.006 0.024 0.012
4 0.521 0.04 0.015 0.059
4 0.5 0.039 0.006 0.052
4 0.48 0.037 0.015 0.06
1 0.375 0.086 0.044 0.076
2 0.497 0.062 0.088 0.123
4 0.503 0.74 0.011 0.027
4 0.463 0.769 0.032 0.026
4 0.425 0.802 0.019 0.02
4 0.398 0.817 0.013 0.031
4 0.53 0.869 0.022 0.027
4 0.499 0.834 0.022 0.033
4 0.487 0.864 0.018 0.028
4 0.685 0.731 0.024 0.023
4 0.669 0.752 0.021 0.034
4 0.53 0.254 0.018 0.023
4 0.494 0.248 0.011 0.025
0 0.523 0.215 0.079 0.157
0 0.423 0.802 0.088 0.141
0 0.471 0.717 0.083 0.158
0 0.513 0.837 0.091 0.127
0 0.699 0.725 0.11 0.142
