4 0.482 0.588 0.016 0.019
4 0.261 0.512 0.028 0.016
4 0.283 0.56 0.012 0.055
4 0.242 0.56 0.009 0.054
4 0.265 0.601 0.02 0.016
2 0.261 0.58 0.127 0.17
1 0.493 0.589 0.042 0.082
4 0.22 0.675 0.013 0.016
4 0.203 0.703 0.018 0.023
4 0.416 0.687 0.009 0.019
4 0.39 0.698 0.018 0.021
4 0.078 0.713 0.022 0.025
4 0.088 0.734 0.022 0.028
4 0.682 0.434 0.015 0.019
4 0.765 0.464 0.022 0.018
4 0.738 0.442 0.014 0.015
4 0.729 0.458 0.017 0.019
0 0.751 0.431 0.07 0.097
0 0.205 0.687 0.061 0.089
0 0.398 0.676 0.067 0.106
0 0.057 0.701 0.094 0.138
0 0.692 0.408 0.075 0.109
