4 0.415 0.484 0.029 0.018
4 0.437 0.535 0.011 0.06
4 0.417 0.552 0.01 0.014
4 0.394 0.531 0.009 0.058
4 0.473 0.614 0.007 0.014
4 0.415 0.579 0.022 0.02
4 0.651 0.581 0.018 0.031
1 0.665 0.58 0.048 0.097
4 0.441 0.71 0.01 0.023
4 0.642 0.475 0.019 0.016
4 0.224 0.646 0.016 0.022
4 0.206 0.677 0.022 0.022
4 0.34 0.548 0.02 0.018
4 0.339 0.57 0.017 0.022
4 0.357 0.698 0.015 0.018
0 0.651 0.462 0.064 0.107
0 0.355 0.686 0.063 0.109
0 0.343 0.547 0.056 0.092
0 0.208 0.657 0.062 0.102
0 0.409 0.681 0.099 0.168
2 0.411 0.558 0.133 0.185
