4 0.519 0.496 0.021 0.026
1 0.532 0.494 0.051 0.101
4 0.726 0.667 0.012 0.019
4 0.693 0.681 0.02 0.021
4 0.256 0.399 0.028 0.016
4 0.323 0.506 0.009 0.086
4 0.282 0.452 0.011 0.06
4 0.259 0.445 0.017 0.07
4 0.234 0.451 0.008 0.06
4 0.187 0.508 0.009 0.075
4 0.259 0.503 0.024 0.02
2 0.253 0.477 0.152 0.196
4 0.554 0.773 0.022 0.027
4 0.951 0.589 0.032 0.025
4 0.746 0.59 0.013 0.022
4 0.76 0.521 0.021 0.019
4 0.78 0.655 0.022 0.023
0 0.763 0.574 0.064 0.089
0 0.779 0.603 0.081 0.164
0 0.781 0.488 0.083 0.121
0 0.566 0.744 0.083 0.134
0 0.964 0.553 0.071 0.144
0 0.704 0.654 0.076 0.117
