3 0.906 0.009 0.049 0.019
1 0.025 0.596 0.05 0.084
4 0.006 0.615 0.013 0.019
4 0.465 0.527 0.013 0.021
4 0.448 0.558 0.023 0.02
4 0.41 0.548 0.012 0.022
4 0.64 0.62 0.017 0.021
4 0.595 0.61 0.013 0.023
4 0.248 0.829 0.024 0.031
4 0.277 0.805 0.009 0.027
4 0.557 0.485 0.009 0.018
4 0.537 0.474 0.022 0.015
4 0.533 0.492 0.015 0.02
4 0.707 0.589 0.018 0.019
4 0.666 0.59 0.022 0.019
0 0.599 0.477 0.044 0.066
0 0.595 0.518 0.053 0.076
0 0.689 0.558 0.078 0.113
0 0.619 0.569 0.087 0.182
0 0.44 0.523 0.081 0.126
0 0.252 0.792 0.07 0.124
0 0.542 0.472 0.057 0.089
