4 0.244 0.45 0.02 0.026
1 0.258 0.448 0.052 0.106
4 0.237 0.69 0.017 0.031
4 0.011 0.43 0.022 0.093
2 0.017 0.457 0.033 0.191
4 0.493 0.577 0.009 0.022
4 0.213 0.802 0.024 0.026
4 0.704 0.429 0.016 0.015
4 0.694 0.444 0.011 0.018
4 0.725 0.45 0.016 0.021
4 0.606 0.533 0.018 0.025
4 0.593 0.552 0.016 0.028
4 0.637 0.565 0.027 0.025
4 0.487 0.457 0.024 0.02
4 0.52 0.471 0.018 0.022
4 0.475 0.526 0.015 0.022
0 0.491 0.509 0.068 0.096
0 0.215 0.695 0.081 0.13
0 0.529 0.549 0.087 0.16
0 0.505 0.431 0.083 0.127
0 0.716 0.432 0.07 0.094
0 0.627 0.522 0.096 0.14
0 0.215 0.766 0.079 0.131
