4 0.91 0.427 0.013 0.008
4 0.92 0.444 0.006 0.029
4 0.909 0.444 0.005 0.027
4 0.899 0.44 0.01 0.028
2 0.906 0.454 0.048 0.067
4 0.788 0.454 0.013 0.009
1 0.786 0.454 0.02 0.041
4 0.043 0.52 0.007 0.012
4 0.03 0.525 0.011 0.011
4 0.156 0.62 0.015 0.013
4 0.156 0.633 0.015 0.014
4 0.804 0.68 0.013 0.012
4 0.802 0.694 0.011 0.014
4 0.712 0.634 0.015 0.008
4 0.713 0.647 0.016 0.013
4 0.694 0.636 0.007 0.012
0 0.151 0.584 0.038 0.07
0 0.807 0.644 0.042 0.086
0 0.034 0.518 0.032 0.04
0 0.155 0.621 0.032 0.053
0 0.706 0.627 0.038 0.065
0 0.805 0.679 0.03 0.058
3 0.486 0.2 0.018 0.031
3 0.517 0.187 0.022 0.032
3 0.524 0.201 0.015 0.026
