4 0.027 0.534 0.028 0.023
1 0.045 0.527 0.07 0.094
4 0.316 0.646 0.026 0.019
4 0.278 0.661 0.018 0.028
4 0.615 0.785 0.023 0.025
4 0.7 0.437 0.019 0.016
4 0.708 0.413 0.016 0.021
4 0.674 0.434 0.013 0.021
4 0.511 0.593 0.017 0.022
4 0.479 0.586 0.014 0.026
4 0.118 0.293 0.017 0.018
4 0.095 0.281 0.011 0.02
4 0.516 0.79 0.026 0.026
4 0.53 0.816 0.017 0.029
4 0.491 0.819 0.026 0.028
0 0.501 0.8 0.087 0.127
0 0.693 0.42 0.063 0.092
0 0.617 0.717 0.094 0.224
0 0.298 0.623 0.078 0.147
0 0.495 0.568 0.073 0.101
0 0.111 0.271 0.061 0.086
