4 0.919 0.445 0.011 0.009
4 0.929 0.462 0.005 0.031
4 0.918 0.461 0.006 0.026
4 0.907 0.458 0.01 0.033
2 0.916 0.471 0.045 0.068
4 0.874 0.482 0.011 0.009
1 0.878 0.482 0.022 0.039
4 0.026 0.547 0.013 0.009
4 0.025 0.555 0.011 0.013
4 0.061 0.529 0.008 0.009
4 0.208 0.485 0.007 0.008
4 0.22 0.491 0.009 0.012
4 0.995 0.691 0.01 0.013
4 0.815 0.626 0.008 0.012
4 0.805 0.64 0.015 0.012
4 0.873 0.545 0.013 0.009
4 0.869 0.554 0.011 0.009
4 0.885 0.556 0.008 0.008
0 0.961 0.665 0.036 0.053
0 0.989 0.665 0.022 0.092
0 0.072 0.517 0.038 0.055
0 0.034 0.537 0.04 0.06
0 0.214 0.484 0.029 0.036
0 0.878 0.547 0.037 0.045
0 0.805 0.622 0.038 0.059
