4 0.408 0.451 0.027 0.019
4 0.428 0.502 0.01 0.056
4 0.408 0.545 0.022 0.02
4 0.385 0.497 0.012 0.058
4 0.644 0.546 0.02 0.025
1 0.657 0.546 0.046 0.097
4 0.521 0.726 0.018 0.026
4 0.566 0.722 0.015 0.025
4 0.516 0.611 0.027 0.023
4 0.431 0.7 0.015 0.022
4 0.414 0.733 0.022 0.025
4 0.309 0.593 0.014 0.021
4 0.278 0.599 0.017 0.022
4 0.374 0.626 0.013 0.019
4 0.364 0.658 0.018 0.022
4 0.332 0.651 0.01 0.021
4 0.698 0.89 0.03 0.029
0 0.291 0.576 0.073 0.099
0 0.671 0.841 0.11 0.156
0 0.358 0.641 0.065 0.107
0 0.413 0.707 0.069 0.113
0 0.544 0.694 0.097 0.162
0 0.515 0.57 0.063 0.14
2 0.405 0.521 0.129 0.178
