4 0.482 0.589 0.015 0.019
4 0.262 0.512 0.026 0.019
4 0.283 0.558 0.011 0.05
4 0.242 0.56 0.008 0.054
4 0.265 0.602 0.02 0.019
2 0.261 0.58 0.127 0.175
1 0.492 0.588 0.044 0.082
4 0.22 0.675 0.012 0.016
4 0.204 0.704 0.018 0.02
4 0.357 0.795 0.013 0.021
4 0.079 0.71 0.023 0.021
4 0.089 0.732 0.018 0.028
4 0.683 0.437 0.016 0.018
4 0.763 0.464 0.019 0.019
4 0.737 0.442 0.013 0.018
4 0.728 0.457 0.014 0.018
0 0.749 0.43 0.069 0.096
0 0.205 0.688 0.063 0.096
0 0.338 0.777 0.076 0.103
0 0.054 0.698 0.097 0.143
0 0.692 0.407 0.073 0.115
