4 0.697 0.567 0.018 0.025
4 0.435 0.457 0.032 0.016
4 0.46 0.515 0.013 0.061
4 0.412 0.512 0.011 0.061
4 0.436 0.565 0.025 0.022
2 0.433 0.539 0.149 0.201
1 0.712 0.568 0.053 0.103
4 0.395 0.665 0.009 0.022
4 0.383 0.648 0.011 0.016
4 0.362 0.678 0.018 0.023
4 0.351 0.747 0.032 0.022
4 0.357 0.778 0.02 0.023
4 0.469 0.689 0.015 0.021
4 0.459 0.713 0.015 0.027
4 0.55 0.815 0.017 0.025
4 0.669 0.353 0.012 0.016
4 0.258 0.644 0.021 0.025
4 0.21 0.656 0.028 0.023
0 0.233 0.616 0.092 0.143
0 0.366 0.657 0.075 0.114
0 0.34 0.748 0.084 0.123
0 0.655 0.337 0.052 0.076
0 0.493 0.665 0.096 0.146
0 0.515 0.775 0.114 0.195
