4 0.568 0.158 0.022 0.015
4 0.689 0.086 0.02 0.014
4 0.708 0.116 0.015 0.054
4 0.688 0.117 0.007 0.043
4 0.67 0.113 0.015 0.05
1 0.57 0.152 0.034 0.065
2 0.686 0.132 0.08 0.117
4 0.677 0.743 0.011 0.023
4 0.641 0.764 0.028 0.026
4 0.608 0.78 0.01 0.025
4 0.583 0.771 0.032 0.021
4 0.582 0.799 0.021 0.028
4 0.485 0.914 0.023 0.023
4 0.458 0.883 0.022 0.029
4 0.861 0.792 0.025 0.028
4 0.703 0.303 0.017 0.019
0 0.707 0.267 0.071 0.135
0 0.583 0.764 0.065 0.129
0 0.651 0.717 0.074 0.148
0 0.477 0.893 0.086 0.128
0 0.854 0.747 0.093 0.144
