4 0.291 0.569 0.022 0.023
4 0.302 0.588 0.014 0.019
4 0.383 0.485 0.027 0.018
4 0.404 0.538 0.012 0.06
4 0.384 0.549 0.015 0.021
4 0.361 0.533 0.009 0.054
4 0.32 0.611 0.007 0.016
4 0.441 0.614 0.006 0.018
4 0.383 0.582 0.024 0.014
4 0.62 0.58 0.019 0.025
1 0.634 0.583 0.049 0.095
4 0.246 0.677 0.011 0.027
4 0.2 0.695 0.019 0.026
4 0.685 0.4 0.019 0.016
4 0.709 0.411 0.013 0.019
4 0.68 0.416 0.02 0.02
4 0.461 0.526 0.014 0.02
4 0.451 0.541 0.012 0.023
4 0.478 0.548 0.02 0.021
0 0.287 0.571 0.053 0.083
0 0.262 0.593 0.057 0.095
0 0.213 0.65 0.088 0.163
0 0.691 0.387 0.063 0.106
0 0.475 0.529 0.063 0.092
2 0.381 0.557 0.131 0.187
