4 0.414 0.14 0.021 0.02
4 0.483 0.043 0.02 0.013
4 0.503 0.076 0.014 0.059
4 0.483 0.077 0.005 0.048
4 0.463 0.075 0.015 0.059
1 0.421 0.138 0.045 0.079
2 0.482 0.096 0.083 0.131
4 0.527 0.85 0.022 0.027
4 0.505 0.812 0.017 0.029
4 0.492 0.832 0.011 0.029
4 0.455 0.28 0.01 0.018
4 0.432 0.266 0.025 0.013
4 0.427 0.288 0.018 0.023
4 0.7 0.642 0.028 0.016
4 0.696 0.668 0.031 0.025
4 0.497 0.227 0.016 0.019
4 0.501 0.711 0.013 0.033
4 0.462 0.745 0.032 0.023
0 0.496 0.2 0.061 0.114
0 0.519 0.827 0.073 0.123
0 0.469 0.687 0.086 0.161
0 0.438 0.266 0.063 0.096
0 0.703 0.621 0.081 0.146
