4 0.92 0.425 0.012 0.009
4 0.93 0.443 0.007 0.034
4 0.919 0.442 0.005 0.023
4 0.909 0.439 0.01 0.033
2 0.918 0.451 0.044 0.068
4 0.804 0.452 0.011 0.011
1 0.801 0.45 0.022 0.042
4 0.054 0.516 0.006 0.011
4 0.315 0.463 0.009 0.008
4 0.318 0.47 0.007 0.011
4 0.306 0.471 0.008 0.011
4 0.833 0.621 0.007 0.015
4 0.854 0.634 0.01 0.013
4 0.82 0.628 0.009 0.013
4 0.811 0.615 0.008 0.009
4 0.807 0.623 0.007 0.013
4 0.756 0.63 0.01 0.012
4 0.735 0.63 0.013 0.011
4 0.898 0.849 0.013 0.014
0 0.04 0.52 0.038 0.059
0 0.039 0.534 0.034 0.054
0 0.309 0.464 0.028 0.039
0 0.745 0.615 0.039 0.056
0 0.817 0.619 0.032 0.049
0 0.85 0.61 0.046 0.083
0 0.899 0.83 0.037 0.075
3 0.47 0.18 0.024 0.05
3 0.497 0.187 0.051 0.104
3 0.517 0.215 0.059 0.099
