4 0.586 0.251 0.02 0.013
4 0.759 0.166 0.022 0.014
4 0.779 0.201 0.011 0.061
4 0.758 0.201 0.008 0.05
4 0.736 0.198 0.016 0.059
1 0.581 0.247 0.039 0.074
2 0.754 0.219 0.092 0.135
4 0.542 0.598 0.013 0.018
4 0.502 0.616 0.008 0.023
4 0.531 0.626 0.018 0.02
4 0.633 0.38 0.015 0.015
4 0.652 0.4 0.017 0.019
4 0.622 0.397 0.013 0.02
4 0.439 0.602 0.013 0.02
4 0.416 0.634 0.028 0.023
4 0.56 0.396 0.016 0.015
4 0.522 0.4 0.013 0.019
4 0.72 0.958 0.037 0.033
0 0.541 0.364 0.079 0.135
0 0.526 0.605 0.066 0.102
0 0.721 0.903 0.088 0.176
0 0.648 0.386 0.066 0.097
0 0.419 0.593 0.079 0.128
3 0.087 0.027 0.133 0.054
