4 0.614 0.524 0.022 0.025
1 0.629 0.523 0.054 0.103
4 0.344 0.417 0.03 0.018
4 0.412 0.549 0.008 0.05
4 0.37 0.475 0.012 0.065
4 0.347 0.48 0.015 0.047
4 0.321 0.472 0.009 0.06
4 0.275 0.545 0.008 0.045
4 0.346 0.528 0.027 0.018
2 0.343 0.501 0.152 0.207
4 0.203 0.52 0.022 0.023
4 0.286 0.729 0.032 0.027
4 0.892 0.636 0.016 0.026
4 0.91 0.582 0.02 0.021
4 0.871 0.56 0.025 0.019
4 0.426 0.638 0.009 0.027
4 0.382 0.658 0.021 0.023
4 0.383 0.45 0.014 0.019
4 0.424 0.469 0.011 0.023
4 0.393 0.477 0.018 0.02
0 0.883 0.618 0.067 0.111
0 0.894 0.537 0.092 0.133
0 0.398 0.456 0.067 0.093
0 0.206 0.503 0.068 0.104
0 0.826 0.687 0.095 0.197
0 0.384 0.618 0.101 0.173
0 0.295 0.682 0.085 0.149
