4 0.556 0.519 0.022 0.028
1 0.57 0.519 0.053 0.106
4 0.283 0.418 0.032 0.02
4 0.351 0.529 0.008 0.086
4 0.308 0.475 0.012 0.065
4 0.285 0.467 0.01 0.072
4 0.259 0.475 0.009 0.065
4 0.21 0.532 0.009 0.081
4 0.283 0.526 0.028 0.022
2 0.28 0.501 0.156 0.209
4 0.246 0.46 0.029 0.016
4 0.242 0.483 0.022 0.025
4 0.835 0.625 0.013 0.027
4 0.798 0.625 0.017 0.027
4 0.815 0.55 0.024 0.02
4 0.852 0.573 0.024 0.023
4 0.692 0.756 0.023 0.027
4 0.649 0.728 0.013 0.026
4 0.783 0.668 0.015 0.029
4 0.769 0.702 0.019 0.025
4 0.734 0.688 0.011 0.026
0 0.822 0.609 0.076 0.115
0 0.832 0.526 0.092 0.138
0 0.251 0.46 0.058 0.096
0 0.762 0.677 0.081 0.119
0 0.685 0.712 0.092 0.176
