4 0.525 0.174 0.02 0.014
4 0.796 0.087 0.019 0.014
4 0.814 0.119 0.01 0.054
4 0.793 0.119 0.005 0.043
4 0.776 0.117 0.017 0.053
1 0.524 0.17 0.034 0.067
2 0.788 0.134 0.081 0.119
4 0.684 0.785 0.032 0.02
4 0.684 0.814 0.02 0.027
4 0.657 0.79 0.009 0.026
4 0.777 0.76 0.011 0.018
4 0.549 0.895 0.02 0.031
4 0.575 0.929 0.024 0.029
4 0.7 0.86 0.017 0.034
4 0.753 0.877 0.032 0.029
4 0.822 0.258 0.014 0.016
4 0.788 0.261 0.011 0.015
0 0.81 0.23 0.075 0.115
0 0.677 0.781 0.067 0.126
0 0.75 0.738 0.077 0.153
0 0.567 0.904 0.083 0.127
0 0.736 0.827 0.11 0.164
