4 0.386 0.441 0.016 0.02
4 0.191 0.418 0.012 0.054
4 0.15 0.417 0.01 0.052
4 0.169 0.372 0.029 0.015
4 0.173 0.459 0.02 0.019
2 0.168 0.436 0.131 0.165
1 0.401 0.44 0.049 0.082
4 0.137 0.549 0.008 0.02
4 0.125 0.533 0.012 0.018
4 0.108 0.562 0.017 0.02
4 0.225 0.604 0.013 0.018
4 0.184 0.631 0.008 0.019
4 0.216 0.637 0.018 0.019
4 0.493 0.699 0.01 0.025
4 0.467 0.685 0.027 0.019
4 0.464 0.712 0.018 0.022
0 0.473 0.688 0.07 0.117
0 0.209 0.616 0.074 0.104
0 0.413 0.327 0.066 0.095
0 0.113 0.541 0.067 0.101
