4 0.517 0.461 0.012 0.02
4 0.535 0.492 0.026 0.02
4 0.722 0.651 0.021 0.023
4 0.676 0.637 0.015 0.023
4 0.181 0.888 0.022 0.038
4 0.195 0.913 0.015 0.033
4 0.15 0.924 0.026 0.034
4 0.341 0.447 0.026 0.009
4 0.339 0.465 0.02 0.02
4 0.917 0.686 0.016 0.02
4 0.934 0.721 0.023 0.027
4 0.332 0.495 0.015 0.02
4 0.301 0.493 0.018 0.023
4 0.299 0.464 0.016 0.014
4 0.988 0.864 0.024 0.028
0 0.973 0.823 0.054 0.147
0 0.315 0.477 0.063 0.094
0 0.937 0.697 0.073 0.113
0 0.708 0.593 0.1 0.198
0 0.537 0.458 0.081 0.119
0 0.162 0.886 0.094 0.129
0 0.347 0.447 0.054 0.084
