4 0.575 0.525 0.02 0.022
1 0.589 0.525 0.051 0.097
4 0.33 0.431 0.028 0.016
4 0.391 0.552 0.008 0.042
4 0.353 0.484 0.011 0.056
4 0.333 0.489 0.017 0.041
4 0.309 0.481 0.008 0.055
4 0.267 0.548 0.007 0.04
4 0.332 0.531 0.025 0.019
2 0.33 0.502 0.135 0.187
4 0.192 0.503 0.017 0.018
4 0.183 0.521 0.013 0.019
4 0.273 0.705 0.03 0.023
4 0.825 0.623 0.012 0.026
4 0.793 0.623 0.015 0.025
4 0.807 0.555 0.025 0.015
4 0.841 0.576 0.018 0.022
4 0.363 0.65 0.02 0.025
4 0.405 0.63 0.009 0.022
4 0.371 0.465 0.021 0.021
4 0.365 0.485 0.015 0.021
4 0.395 0.481 0.012 0.02
4 0.654 0.354 0.013 0.018
0 0.81 0.609 0.067 0.102
4 0.719 0.673 0.018 0.019
4 0.672 0.656 0.014 0.021
0 0.207 0.507 0.073 0.099
0 0.38 0.464 0.061 0.092
0 0.822 0.532 0.084 0.126
0 0.699 0.626 0.106 0.165
0 0.367 0.611 0.094 0.156
0 0.663 0.342 0.05 0.076
0 0.284 0.666 0.081 0.14
