4 0.349 0.491 0.028 0.018
4 0.257 0.589 0.015 0.026
4 0.267 0.607 0.011 0.021
4 0.9 0.364 0.016 0.019
4 0.892 0.381 0.011 0.019
4 0.92 0.387 0.018 0.021
4 0.638 0.416 0.021 0.015
4 0.662 0.426 0.014 0.019
4 0.479 0.722 0.012 0.023
4 0.406 0.617 0.007 0.022
4 0.37 0.542 0.011 0.056
4 0.35 0.552 0.015 0.027
4 0.327 0.538 0.01 0.053
4 0.286 0.613 0.007 0.022
4 0.35 0.589 0.021 0.02
4 0.394 0.463 0.01 0.015
4 0.378 0.483 0.016 0.018
4 0.635 0.434 0.021 0.022
2 0.347 0.563 0.133 0.184
4 0.586 0.583 0.02 0.028
1 0.598 0.583 0.048 0.096
0 0.911 0.37 0.061 0.093
0 0.646 0.403 0.064 0.104
0 0.443 0.697 0.096 0.16
0 0.246 0.597 0.061 0.097
0 0.385 0.468 0.052 0.083
