4 0.421 0.488 0.028 0.019
4 0.443 0.543 0.011 0.061
4 0.421 0.559 0.015 0.018
4 0.397 0.539 0.011 0.054
4 0.481 0.626 0.006 0.015
4 0.356 0.62 0.007 0.015
4 0.419 0.59 0.024 0.02
4 0.67 0.592 0.018 0.027
1 0.685 0.591 0.051 0.097
4 0.332 0.751 0.021 0.025
4 0.288 0.732 0.011 0.025
4 0.656 0.495 0.022 0.015
4 0.243 0.655 0.014 0.025
4 0.253 0.671 0.007 0.021
4 0.221 0.687 0.02 0.023
4 0.341 0.555 0.021 0.016
4 0.34 0.577 0.017 0.02
4 0.282 0.678 0.014 0.022
0 0.658 0.478 0.056 0.117
0 0.286 0.658 0.061 0.101
0 0.342 0.554 0.059 0.092
0 0.224 0.664 0.067 0.107
0 0.324 0.704 0.09 0.178
2 0.419 0.564 0.14 0.194
