4 0.996 0.435 0.007 0.028
2 0.989 0.441 0.021 0.082
4 0.94 0.45 0.015 0.014
1 0.943 0.448 0.023 0.042
4 0.482 0.684 0.009 0.015
4 0.462 0.667 0.01 0.014
4 0.463 0.685 0.01 0.013
4 0.159 0.477 0.014 0.011
4 0.164 0.487 0.008 0.011
4 0.148 0.489 0.011 0.011
4 0.079 0.495 0.016 0.011
4 0.094 0.501 0.011 0.015
4 0.077 0.506 0.013 0.014
4 0.013 0.756 0.017 0.019
4 0.04 0.618 0.015 0.013
1 0.049 0.611 0.034 0.054
0 0.47 0.673 0.04 0.066
0 0.017 0.739 0.034 0.12
0 0.086 0.491 0.04 0.063
0 0.156 0.479 0.038 0.055
