4 0.577 0.516 0.019 0.02
4 0.545 0.501 0.022 0.02
4 0.515 0.722 0.017 0.028
4 0.471 0.726 0.028 0.026
4 0.505 0.609 0.019 0.023
4 0.409 0.3 0.01 0.018
4 0.388 0.308 0.015 0.015
4 0.054 0.414 0.034 0.02
4 0.222 0.444 0.013 0.022
4 0.18 0.455 0.018 0.023
4 0.084 0.464 0.015 0.059
4 0.06 0.481 0.011 0.029
4 0.032 0.464 0.008 0.054
4 0.126 0.542 0.009 0.027
2 0.067 0.488 0.135 0.189
0 0.558 0.478 0.077 0.117
4 0.311 0.344 0.011 0.019
4 0.298 0.366 0.016 0.019
0 0.197 0.42 0.088 0.151
0 0.297 0.349 0.051 0.086
0 0.393 0.292 0.049 0.081
0 0.506 0.563 0.083 0.171
0 0.491 0.687 0.092 0.141
4 0.319 0.49 0.022 0.022
1 0.333 0.486 0.055 0.096
