4 0.406 0.503 0.018 0.013
4 0.414 0.522 0.017 0.021
4 0.374 0.52 0.019 0.023
4 0.561 0.506 0.015 0.02
4 0.52 0.503 0.015 0.02
4 0.449 0.62 0.014 0.018
4 0.459 0.636 0.009 0.021
4 0.431 0.648 0.02 0.023
4 0.419 0.565 0.011 0.018
4 0.38 0.546 0.01 0.015
4 0.39 0.572 0.018 0.021
4 0.633 0.499 0.015 0.018
4 0.609 0.489 0.01 0.019
4 0.477 0.513 0.018 0.015
4 0.483 0.532 0.015 0.02
4 0.455 0.53 0.013 0.02
0 0.47 0.516 0.068 0.096
0 0.627 0.484 0.053 0.093
0 0.871 0.463 0.067 0.095
0 0.544 0.461 0.085 0.174
0 0.391 0.483 0.077 0.123
0 0.431 0.626 0.065 0.101
0 0.395 0.559 0.062 0.096
