4 0.372 0.107 0.022 0.018
4 0.506 0.021 0.02 0.015
4 0.525 0.054 0.013 0.056
4 0.506 0.056 0.005 0.048
4 0.486 0.054 0.014 0.056
1 0.377 0.103 0.04 0.074
2 0.502 0.072 0.084 0.13
4 0.537 0.804 0.032 0.021
4 0.532 0.836 0.021 0.025
4 0.571 0.421 0.012 0.023
4 0.546 0.411 0.026 0.021
4 0.544 0.44 0.019 0.022
4 0.703 0.738 0.026 0.023
4 0.692 0.761 0.024 0.029
4 0.536 0.219 0.018 0.02
4 0.521 0.704 0.012 0.033
4 0.481 0.733 0.033 0.025
0 0.535 0.184 0.072 0.144
0 0.537 0.803 0.069 0.138
0 0.489 0.681 0.085 0.155
0 0.551 0.41 0.064 0.115
0 0.72 0.725 0.106 0.157
