4 0.281 0.116 0.02 0.015
4 0.494 0.02 0.02 0.012
4 0.514 0.054 0.013 0.059
4 0.494 0.055 0.005 0.049
4 0.473 0.052 0.018 0.056
1 0.276 0.113 0.039 0.075
2 0.492 0.072 0.087 0.128
4 0.501 0.739 0.01 0.032
4 0.46 0.766 0.031 0.028
4 0.537 0.832 0.023 0.029
4 0.497 0.816 0.011 0.029
4 0.552 0.482 0.026 0.019
4 0.553 0.513 0.022 0.027
4 0.719 0.735 0.027 0.023
4 0.705 0.758 0.018 0.026
4 0.521 0.272 0.018 0.02
4 0.488 0.266 0.008 0.021
0 0.52 0.233 0.08 0.154
0 0.522 0.802 0.074 0.137
0 0.467 0.713 0.086 0.161
0 0.554 0.479 0.058 0.122
0 0.731 0.719 0.102 0.154
