4 0.54 0.525 0.02 0.022
1 0.554 0.526 0.048 0.097
4 0.295 0.434 0.028 0.014
4 0.358 0.54 0.007 0.016
4 0.319 0.487 0.011 0.056
4 0.298 0.485 0.018 0.05
4 0.274 0.485 0.008 0.059
4 0.232 0.552 0.007 0.042
4 0.296 0.536 0.025 0.018
2 0.295 0.509 0.137 0.189
4 0.162 0.51 0.024 0.018
4 0.162 0.533 0.022 0.018
4 0.189 0.518 0.011 0.028
4 0.24 0.709 0.032 0.026
4 0.756 0.618 0.013 0.022
4 0.787 0.62 0.012 0.025
4 0.802 0.573 0.018 0.02
4 0.77 0.553 0.022 0.016
4 0.34 0.654 0.022 0.023
4 0.361 0.483 0.014 0.02
4 0.338 0.469 0.024 0.016
4 0.332 0.488 0.014 0.018
4 0.624 0.357 0.013 0.018
0 0.634 0.351 0.053 0.082
0 0.773 0.607 0.065 0.099
4 0.637 0.653 0.014 0.022
4 0.685 0.673 0.018 0.021
0 0.786 0.532 0.078 0.119
0 0.345 0.469 0.065 0.092
0 0.17 0.511 0.06 0.095
0 0.663 0.624 0.103 0.157
0 0.341 0.614 0.087 0.157
0 0.251 0.666 0.086 0.137
