4 0.548 0.516 0.023 0.031
1 0.564 0.516 0.058 0.109
4 0.27 0.414 0.031 0.02
4 0.341 0.526 0.009 0.089
4 0.297 0.471 0.013 0.065
4 0.273 0.464 0.019 0.079
4 0.246 0.471 0.008 0.066
4 0.197 0.53 0.011 0.083
4 0.273 0.525 0.029 0.023
2 0.268 0.497 0.159 0.215
4 0.887 0.802 0.026 0.028
4 0.362 0.417 0.025 0.019
4 0.388 0.435 0.017 0.021
4 0.355 0.44 0.015 0.023
4 0.794 0.622 0.015 0.023
4 0.83 0.622 0.013 0.026
4 0.847 0.567 0.019 0.023
4 0.81 0.546 0.024 0.019
4 0.712 0.658 0.011 0.022
4 0.669 0.667 0.022 0.021
4 0.73 0.692 0.019 0.021
4 0.768 0.692 0.015 0.027
0 0.814 0.608 0.081 0.113
0 0.827 0.519 0.094 0.13
0 0.68 0.63 0.086 0.17
0 0.755 0.671 0.074 0.117
0 0.899 0.769 0.075 0.143
0 0.372 0.42 0.076 0.108
