4 0.86 0.568 0.018 0.021
4 0.827 0.548 0.017 0.014
4 0.847 0.613 0.011 0.021
4 0.277 0.632 0.016 0.02
4 0.203 0.514 0.013 0.019
4 0.758 0.619 0.014 0.019
4 0.802 0.637 0.018 0.021
4 0.607 0.379 0.012 0.016
4 0.634 0.381 0.013 0.014
4 0.348 0.422 0.027 0.02
4 0.443 0.407 0.024 0.012
4 0.462 0.42 0.011 0.022
4 0.44 0.427 0.018 0.019
4 0.39 0.654 0.015 0.023
4 0.286 0.545 0.006 0.027
4 0.41 0.551 0.009 0.022
4 0.371 0.473 0.01 0.059
4 0.351 0.482 0.017 0.033
4 0.327 0.47 0.009 0.055
2 0.347 0.495 0.137 0.192
0 0.225 0.496 0.066 0.096
0 0.62 0.367 0.054 0.083
0 0.844 0.524 0.079 0.126
0 0.835 0.599 0.06 0.1
0 0.778 0.586 0.097 0.165
0 0.254 0.625 0.095 0.151
0 0.365 0.622 0.106 0.164
0 0.447 0.408 0.051 0.083
4 0.593 0.516 0.02 0.025
1 0.608 0.514 0.049 0.101
