4 0.244 0.6 0.022 0.018
4 0.237 0.624 0.018 0.018
4 0.404 0.506 0.012 0.014
4 0.41 0.525 0.011 0.016
4 0.375 0.486 0.026 0.019
4 0.396 0.535 0.01 0.054
4 0.377 0.546 0.013 0.027
4 0.354 0.532 0.01 0.055
4 0.433 0.612 0.008 0.02
4 0.376 0.582 0.023 0.02
4 0.613 0.581 0.018 0.023
1 0.626 0.576 0.046 0.096
4 0.286 0.712 0.021 0.027
4 0.694 0.417 0.013 0.018
4 0.67 0.406 0.02 0.016
4 0.666 0.422 0.019 0.018
4 0.778 0.395 0.019 0.02
4 0.768 0.411 0.013 0.019
4 0.796 0.416 0.018 0.02
0 0.393 0.512 0.054 0.089
0 0.677 0.394 0.061 0.099
0 0.247 0.601 0.06 0.096
0 0.287 0.66 0.079 0.16
0 0.787 0.398 0.067 0.092
2 0.373 0.558 0.133 0.18
