3 0.22 0.07 0.129 0.13
4 0.698 0.297 0.02 0.014
4 0.817 0.231 0.02 0.013
4 0.835 0.262 0.011 0.052
4 0.816 0.26 0.008 0.041
4 0.797 0.255 0.015 0.05
1 0.701 0.295 0.034 0.069
2 0.812 0.275 0.077 0.115
4 0.598 0.582 0.011 0.014
4 0.587 0.603 0.015 0.018
4 0.564 0.59 0.007 0.018
4 0.708 0.403 0.015 0.013
4 0.699 0.417 0.009 0.016
4 0.725 0.425 0.017 0.016
4 0.448 0.549 0.02 0.014
4 0.454 0.565 0.017 0.016
4 0.42 0.562 0.017 0.02
4 0.689 0.474 0.011 0.016
4 0.778 0.879 0.033 0.023
0 0.704 0.452 0.063 0.117
0 0.584 0.586 0.053 0.087
0 0.779 0.836 0.075 0.148
0 0.718 0.409 0.057 0.081
0 0.438 0.538 0.072 0.108
