4 0.91 0.429 0.012 0.011
4 0.92 0.447 0.005 0.032
4 0.909 0.445 0.005 0.026
4 0.899 0.441 0.008 0.031
2 0.906 0.455 0.045 0.067
4 0.865 0.466 0.012 0.012
1 0.868 0.466 0.02 0.042
4 0.043 0.522 0.009 0.011
4 0.031 0.528 0.01 0.011
4 0.285 0.465 0.01 0.011
4 0.15 0.576 0.013 0.011
4 0.154 0.584 0.013 0.012
4 0.135 0.588 0.009 0.014
4 0.824 0.637 0.008 0.011
4 0.801 0.633 0.01 0.014
4 0.784 0.631 0.009 0.009
4 0.779 0.641 0.007 0.013
4 0.795 0.644 0.008 0.013
4 0.719 0.63 0.007 0.015
4 0.71 0.646 0.015 0.012
4 0.693 0.637 0.008 0.016
0 0.143 0.572 0.04 0.058
0 0.034 0.519 0.026 0.04
0 0.285 0.46 0.025 0.035
0 0.709 0.626 0.043 0.07
0 0.788 0.635 0.036 0.054
0 0.811 0.616 0.045 0.084
3 0.457 0.211 0.021 0.032
3 0.473 0.174 0.023 0.039
3 0.478 0.191 0.017 0.02
3 0.561 0.147 0.017 0.025
