4 0.373 0.516 0.017 0.023
4 0.341 0.503 0.022 0.02
4 0.723 0.817 0.02 0.032
4 0.736 0.841 0.016 0.032
4 0.686 0.853 0.03 0.029
4 0.813 0.413 0.013 0.019
4 0.804 0.434 0.017 0.02
4 0.778 0.428 0.009 0.019
4 0.307 0.627 0.011 0.023
4 0.268 0.637 0.019 0.02
4 0.028 0.421 0.023 0.021
4 0.215 0.289 0.012 0.018
4 0.192 0.295 0.017 0.016
4 0.109 0.323 0.013 0.016
4 0.119 0.344 0.018 0.019
0 0.352 0.485 0.083 0.128
0 0.199 0.282 0.05 0.072
0 0.121 0.327 0.053 0.082
0 0.275 0.593 0.096 0.162
0 0.695 0.802 0.103 0.169
0 0.799 0.419 0.057 0.092
0 0.032 0.398 0.064 0.133
4 0.1 0.509 0.021 0.026
1 0.117 0.504 0.057 0.097
