4 0.578 0.527 0.02 0.023
1 0.592 0.527 0.051 0.096
4 0.333 0.433 0.028 0.018
4 0.394 0.563 0.007 0.021
4 0.356 0.483 0.011 0.06
4 0.335 0.49 0.009 0.034
4 0.312 0.484 0.009 0.056
4 0.27 0.554 0.007 0.035
4 0.333 0.53 0.024 0.02
2 0.333 0.507 0.136 0.192
4 0.194 0.526 0.018 0.02
4 0.227 0.523 0.014 0.019
4 0.264 0.701 0.028 0.029
4 0.796 0.623 0.015 0.023
4 0.828 0.623 0.013 0.023
4 0.844 0.575 0.019 0.023
4 0.81 0.557 0.023 0.018
4 0.367 0.654 0.022 0.021
4 0.372 0.465 0.021 0.018
4 0.394 0.481 0.015 0.018
4 0.365 0.485 0.009 0.018
4 0.675 0.343 0.018 0.015
4 0.656 0.356 0.014 0.016
0 0.813 0.609 0.069 0.102
4 0.669 0.649 0.011 0.026
4 0.71 0.674 0.018 0.015
0 0.825 0.537 0.086 0.119
0 0.665 0.343 0.051 0.075
0 0.383 0.466 0.065 0.089
0 0.209 0.509 0.073 0.101
0 0.703 0.627 0.092 0.161
0 0.369 0.616 0.093 0.157
0 0.277 0.663 0.082 0.146
