4 0.605 0.525 0.021 0.028
1 0.621 0.525 0.055 0.109
4 0.337 0.418 0.029 0.018
4 0.403 0.549 0.008 0.053
4 0.36 0.477 0.011 0.065
4 0.338 0.477 0.013 0.053
4 0.313 0.472 0.011 0.062
4 0.267 0.546 0.009 0.047
4 0.338 0.53 0.026 0.018
2 0.334 0.502 0.152 0.205
4 0.197 0.527 0.018 0.021
4 0.298 0.736 0.033 0.027
4 0.348 0.72 0.016 0.025
4 0.884 0.635 0.015 0.026
4 0.847 0.633 0.014 0.023
4 0.9 0.581 0.022 0.021
4 0.862 0.56 0.025 0.022
4 0.417 0.637 0.007 0.025
4 0.373 0.66 0.022 0.022
4 0.382 0.457 0.026 0.018
4 0.407 0.471 0.012 0.021
4 0.376 0.48 0.016 0.021
0 0.867 0.617 0.077 0.115
0 0.198 0.509 0.063 0.107
0 0.882 0.536 0.094 0.134
0 0.39 0.457 0.067 0.099
0 0.373 0.618 0.102 0.168
0 0.316 0.692 0.093 0.149
