4 0.913 0.43 0.012 0.008
4 0.922 0.449 0.005 0.032
4 0.911 0.448 0.005 0.025
4 0.9 0.444 0.011 0.029
2 0.908 0.457 0.046 0.068
4 0.873 0.47 0.01 0.011
1 0.874 0.47 0.02 0.043
4 0.046 0.524 0.007 0.011
4 0.032 0.529 0.009 0.009
4 0.302 0.468 0.009 0.008
4 0.807 0.628 0.009 0.013
4 0.83 0.638 0.009 0.011
4 0.799 0.64 0.009 0.012
4 0.789 0.627 0.01 0.011
4 0.783 0.637 0.009 0.015
4 0.721 0.633 0.007 0.012
4 0.712 0.648 0.015 0.012
4 0.694 0.64 0.008 0.014
0 0.036 0.521 0.029 0.042
0 0.302 0.462 0.022 0.036
0 0.821 0.615 0.044 0.087
0 0.792 0.633 0.031 0.052
0 0.71 0.627 0.044 0.069
3 0.563 0.16 0.011 0.025
3 0.48 0.185 0.02 0.035
3 0.48 0.201 0.017 0.027
3 0.465 0.221 0.021 0.031
