4 0.995 0.425 0.01 0.013
3 0.546 0.112 0.077 0.108
3 0.415 0.118 0.055 0.1
3 0.573 0.196 0.106 0.153
4 0.378 0.528 0.009 0.013
4 0.356 0.532 0.011 0.014
4 0.667 0.522 0.008 0.013
4 0.711 0.512 0.013 0.009
4 0.709 0.523 0.013 0.012
4 0.728 0.522 0.007 0.013
4 0.817 0.614 0.009 0.016
4 0.79 0.619 0.013 0.014
4 0.989 0.512 0.014 0.012
4 0.975 0.498 0.008 0.012
4 0.969 0.509 0.009 0.015
0 0.802 0.59 0.062 0.097
0 0.716 0.507 0.041 0.068
0 0.979 0.504 0.042 0.061
0 0.66 0.521 0.03 0.043
0 0.365 0.515 0.047 0.074
1 0.994 0.423 0.012 0.045
