4 0.58 0.514 0.022 0.028
1 0.594 0.513 0.056 0.107
4 0.306 0.408 0.03 0.019
4 0.374 0.523 0.009 0.09
4 0.332 0.469 0.013 0.066
4 0.309 0.458 0.02 0.08
4 0.282 0.465 0.01 0.063
4 0.234 0.525 0.009 0.077
4 0.308 0.522 0.028 0.02
2 0.304 0.491 0.152 0.205
4 0.158 0.486 0.021 0.016
4 0.191 0.499 0.015 0.025
4 0.158 0.512 0.022 0.025
4 0.535 0.416 0.024 0.019
4 0.527 0.43 0.027 0.022
4 0.822 0.621 0.017 0.022
4 0.859 0.62 0.013 0.016
4 0.877 0.57 0.019 0.025
4 0.84 0.548 0.024 0.019
4 0.665 0.772 0.018 0.028
4 0.719 0.791 0.024 0.028
4 0.839 0.698 0.017 0.028
4 0.879 0.705 0.016 0.025
0 0.864 0.685 0.077 0.111
0 0.844 0.604 0.081 0.116
0 0.857 0.525 0.097 0.142
0 0.54 0.404 0.073 0.109
0 0.171 0.491 0.071 0.103
0 0.698 0.744 0.123 0.183
