4 0.59 0.161 0.02 0.015
4 0.79 0.082 0.019 0.014
4 0.807 0.113 0.013 0.053
4 0.788 0.114 0.006 0.047
4 0.769 0.11 0.015 0.054
1 0.589 0.157 0.035 0.068
2 0.783 0.129 0.081 0.121
4 0.771 0.758 0.01 0.023
4 0.732 0.777 0.026 0.026
4 0.696 0.793 0.009 0.027
4 0.672 0.78 0.032 0.021
4 0.671 0.812 0.022 0.025
4 0.572 0.922 0.02 0.023
4 0.543 0.889 0.018 0.034
4 0.815 0.868 0.036 0.027
4 0.775 0.824 0.024 0.026
4 0.762 0.85 0.023 0.036
4 0.81 0.258 0.016 0.018
0 0.811 0.23 0.065 0.126
0 0.67 0.777 0.068 0.122
0 0.742 0.728 0.073 0.149
0 0.562 0.899 0.087 0.129
0 0.799 0.811 0.115 0.167
