3 0.4383286458333333 0.07108194444444445 0.017162499999999997 0.029337777777777782
3 0.45483124999999996 0.0863375 0.017162499999999997 0.036378703703703705
3 0.30696901041666663 0.11743564814814815 0.019802604166666644 0.028163888888888877
4 0.31720052083333333 0.6202847222222223 0.009901041666666662 0.012908333333333362
4 0.29871770833333333 0.6396476851851852 0.02310312499999997 0.01642870370370375
4 0.38222031250000005 0.6813074074074075 0.01320208333333337 0.019950000000000048
4 0.35317604166666666 0.6742662037037037 0.010561458333333343 0.02229722222222224
4 0.7264635416666666 0.42548240740740745 0.016500000000000032 0.015255555555555555
4 0.7092994791666667 0.4072925925925926 0.009901041666666662 0.014081481481481507
4 0.7027005208333333 0.4190277777777778 0.009901041666666662 0.016429629629629655
4 0.6548411458333334 0.479463425925926 0.010557291666666658 0.012908333333333362
0 0.64428125 0.44660509259259257 0.0514895833333334 0.10678981481481484
0 0.3696783854166667 0.6290861111111111 0.0726109375 0.1642907407407407
0 0.7215130208333334 0.39614444444444447 0.047526041666666664 0.09270740740740743
0 0.2983877604166667 0.617351388888889 0.06336927083333332 0.09857500000000001
