3 0.6205182291666667 0.17493750000000002 0.11353645833333334 0.04928796296296296
3 0.48090546875 0.0487850462962963 0.08779322916666665 0.09505398148148148
3 0.51457109375 0.08223039351851852 0.11815989583333338 0.15020958333333334
1 1.0040338541666667 0.3550717592592592 0.02376562499999994 0.048113888888888914
4 0.9030390625 0.6150041666666667 0.018484375000000004 0.01642870370370375
4 0.880265625 0.5950546296296296 0.012541666666666748 0.018775925925925946
4 0.8733359375 0.6073763888888889 0.011880208333333305 0.01760277777777775
4 0.8472604166666666 0.4812236111111111 0.012541666666666628 0.014082407407407464
4 0.6977473958333333 0.8602675925925926 0.009244791666666667 0.023470370370370437
4 0.6621015625000001 0.8321037037037038 0.011880208333333423 0.018775925925925946
4 0.668703125 0.8655486111111111 0.01584374999999992 0.02229722222222224
4 0.13831354166666668 0.5745175925925926 0.012541666666666658 0.015255555555555555
4 0.15349583333333333 0.5897731481481481 0.012541666666666658 0.015255555555555555
4 0.13204270833333331 0.5874263888888889 0.010561458333333329 0.017602777777777853
0 0.6746432291666666 0.8450120370370371 0.06204687500000006 0.08918703703703704
0 0.8469296875 0.46890185185185185 0.034328124999999925 0.05280740740740734
0 0.8947864583333334 0.5821458333333334 0.06403125000000003 0.1056157407407408
0 0.5805781250000001 0.4155074074074075 0.042906250000000055 0.08214629629629631
0 0.14656484374999998 0.578038425925926 0.048847395833333335 0.06454351851851851
