4 0.5785989583333333 0.47653009259259255 0.023104166666666613 0.021123148148148137
1 0.5885026041666668 0.4894384259259259 0.04554687500000002 0.09388055555555552
4 0.32083098958333334 0.40025138888888884 0.026403645833333298 0.0164287037037037
4 0.37330885416666665 0.5035203703703705 0.008581249999999999 0.042246296296296275
4 0.33964401041666664 0.4460185185185186 0.009901562499999983 0.05398148148148149
4 0.32149140625 0.44836574074074076 0.011881770833333328 0.037551851851851836
4 0.30168828125 0.44484490740740745 0.00924114583333336 0.04928796296296296
4 0.2653828125 0.4994134259259259 0.009241666666666681 0.043419444444444476
4 0.3221513020833333 0.48767824074074073 0.02112343750000001 0.01760277777777775
2 0.31819062499999995 0.4665550925925926 0.11881770833333333 0.16077129629629633
4 0.7759687500000001 0.8784569444444446 0.013864583333333395 0.031684259259259204
4 0.7607864583333334 0.8901921296296297 0.01121874999999998 0.043419444444444476
4 0.5875104166666667 0.3280810185185185 0.010562499999999985 0.0176027777777778
4 0.5614375 0.33570833333333333 0.019145833333333327 0.018775925925925946
4 0.6010442708333333 0.33922916666666664 0.009901041666666662 0.014082407407407412
0 0.6066536458333334 0.3245601851851852 0.03696354166666668 0.05984814814814817
0 0.8023723958333333 0.8549875000000001 0.09571354166666665 0.19128425925925935
0 0.31489036458333336 0.6144171296296297 0.059408854166666636 0.09036018518518524
0 0.5677083333333334 0.3175189814814815 0.05016666666666675 0.07393055555555558
