4 0.19244166666666668 0.4184407407407408 0.02574375 0.019950000000000048
4 0.19442213541666664 0.5111481481481481 0.016502604166666667 0.01994999999999994
4 0.16108697916666667 0.46127407407407406 0.014521875000000002 0.07745185185185188
4 0.192771875 0.460100462962963 0.010561458333333343 0.05867499999999998
4 0.22115598958333335 0.4606875 0.01848281250000001 0.07158425925925924
2 0.19607239583333333 0.4894384259259259 0.11485729166666664 0.1736787037037037
4 0.6693619791666667 0.42782870370370374 0.018484375000000004 0.015255555555555555
4 0.6723333333333333 0.44484490740740745 0.012541666666666748 0.01877685185185185
4 0.6881770833333334 0.6983236111111111 0.016500000000000032 0.021123148148148137
4 0.7624375000000001 0.5756912037037037 0.010562499999999985 0.01760277777777775
4 0.7515468750000001 0.5862527777777778 0.008583333333333342 0.02229629629629623
4 0.7782786458333334 0.5997486111111111 0.01716145833333336 0.021123148148148137
4 0.46968359375 0.7552384259259259 0.020463020833333328 0.024643518518518526
4 0.47298411458333334 0.7188597222222223 0.01782239583333336 0.02229722222222224
4 0.4343682291666666 0.7534782407407408 0.01320208333333331 0.025817592592592524
0 0.6654010416666667 0.4272421296296297 0.05016666666666663 0.0868398148148148
0 0.775640625 0.5803856481481482 0.05940624999999997 0.08566574074074075
0 0.69246875 0.676613425925926 0.05544791666666669 0.1067898148148148
0 0.39245182291666664 0.7792953703703704 0.08515260416666669 0.1337796296296296
0 0.45978203125 0.7317685185185185 0.07195052083333338 0.09974814814814811
4 0.711609375 0.696562962962963 0.009239583333333337 0.017601851851851844
1 0.4251268229166667 0.41492037037037044 0.04620677083333333 0.088012962962963
