4 0.5819010416666667 0.47887638888888895 0.02310416666666673 0.021123148148148137
1 0.5918020833333333 0.4929587962962964 0.04686458333333334 0.1009212962962963
4 0.3228111979166667 0.4031856481481482 0.025083854166666697 0.0176027777777778
4 0.37528906250000005 0.5134953703703704 0.008581249999999999 0.02464444444444443
4 0.3426143229166667 0.44836574074074076 0.00924114583333336 0.05398148148148149
4 0.32446145833333334 0.45481990740740746 0.011221875000000025 0.034032407407407456
4 0.30399843749999994 0.44660509259259257 0.008581249999999999 0.048113888888888914
4 0.26901328125 0.5076277777777779 0.007260937499999986 0.0340314814814815
4 0.3247916666666666 0.4882648148148149 0.01848229166666666 0.018775925925925946
2 0.32314140625 0.4671416666666667 0.11815781250000003 0.16194444444444442
4 0.6406510416666668 0.6754398148148147 0.01782291666666668 0.022296296296296335
4 0.615234375 0.6560768518518518 0.019802083333333324 0.018775925925925946
4 0.6063229166666666 0.6754398148148149 0.013864583333333395 0.019950000000000048
4 0.588171875 0.3298412037037038 0.010562499999999985 0.0164287037037037
4 0.5640781250000001 0.3380555555555556 0.019145833333333327 0.018775925925925894
4 0.6076432291666667 0.33042777777777776 0.015182291666666714 0.010561111111111117
0 0.6079739583333333 0.32690694444444446 0.03432291666666672 0.05280833333333335
0 0.5693567708333334 0.31927962962962964 0.05082812500000008 0.07275740740740738
0 0.6264583333333333 0.6566638888888889 0.07129166666666673 0.08801296296296304
0 0.22148619791666668 0.6132439814814815 0.06799010416666666 0.09036018518518514
