4 0.27132369791666666 0.5035203703703705 0.02244322916666664 0.023470370370370332
4 0.26901328125 0.4031851851851852 0.028383854166666674 0.022296296296296335
4 0.24722994791666666 0.4548199074074074 0.009901562500000013 0.057502777777777736
4 0.27099348958333336 0.45012592592592593 0.013861979166666672 0.07393148148148143
4 0.29178671875 0.45599351851851855 0.01320156249999999 0.05750185185185183
4 0.33040234375 0.5052805555555555 0.009901562500000042 0.07627777777777783
4 0.20366328125 0.5058671296296297 0.009901562499999983 0.07510462962962969
2 0.2667028645833333 0.4777032407407407 0.14258177083333334 0.18776203703703706
4 0.6109427083333333 0.2993300925925926 0.012541666666666628 0.021123148148148137
4 0.6020338541666667 0.3163458333333333 0.010557291666666658 0.01760277777777775
4 0.5835494791666667 0.29932962962962967 0.01716145833333336 0.014081481481481454
4 0.5785989583333333 0.31399861111111116 0.012541666666666748 0.0176027777777778
4 0.8119453124999999 0.7329421296296297 0.01716145833333336 0.024643518518518526
4 0.8984166666666666 0.49002546296296295 0.01584375000000004 0.01760277777777775
4 0.8538619791666666 0.4888518518518519 0.01122395833333331 0.022296296296296335
4 0.33139270833333334 0.6807208333333333 0.021122916666666686 0.021123148148148137
4 0.3013580729166667 0.6396476851851852 0.0178223958333333 0.01642870370370375
4 0.29178671875 0.6701587962962964 0.015842187499999955 0.025817592592592524
4 0.4980677083333333 0.8485324074074074 0.011221874999999966 0.03051111111111111
0 0.4736440104166667 0.8098064814814815 0.0811921875 0.15490370370370377
0 0.6155651041666667 0.2664712962962963 0.052151041666666724 0.11500370370370372
0 0.31720052083333333 0.65725 0.07987187500000002 0.10796296296296298
0 0.5918020833333333 0.3046106481481482 0.05479166666666657 0.07627870370370374
0 0.8175546874999999 0.7118189814814815 0.060067708333333296 0.11383055555555546
0 0.877625 0.46479444444444445 0.09439583333333333 0.15020925925925926
4 0.8383489583333333 0.7305949074074074 0.010562499999999985 0.019949074074074143
1 0.5191919270833333 0.4096398148148148 0.048189062499999956 0.09388148148148154
