4 0.2498703125 0.5264037037037038 0.016502083333333348 0.01994999999999994
4 0.36538776041666665 0.2999166666666667 0.012542187500000008 0.015255555555555555
4 0.17296875 0.8808041666666667 0.01848229166666666 0.024643518518518526
4 0.16669765624999996 0.9236388888888889 0.016502604166666667 0.02816666666666663
4 0.127421875 0.9165962962962964 0.01320208333333334 0.03051111111111111
0 0.36538776041666665 0.2875949074074074 0.03762552083333333 0.056328703703703686
0 0.25317083333333334 0.4865046296296296 0.06006875 0.12556481481481482
0 0.15910677083333333 0.9019273148148148 0.08185208333333333 0.12321944444444434
0 0.62546875 0.35213796296296296 0.053468750000000044 0.09622777777777777
0 0.6327291666666668 0.38910324074074076 0.058749999999999976 0.09740092592592592
