4 0.35515625000000006 0.42782870370370374 0.025083333333333315 0.015255555555555555
4 0.3746291666666667 0.4724226851851852 0.009901041666666662 0.05515462962962964
4 0.35647630208333336 0.5140824074074075 0.018482812499999984 0.01877592592592584
2 0.3538359375 0.49061203703703704 0.11881770833333333 0.16194444444444447
4 0.3624171875 0.6513828703703705 0.019803124999999967 0.023469444444444428
0 0.6040130208333333 0.3468569444444445 0.04884895833333332 0.07393055555555558
0 0.3597770833333333 0.6267393518518519 0.056768749999999986 0.09153425925925923
4 0.3554864583333333 0.4847439814814815 0.011221875000000025 0.021123148148148137
4 0.40565390625 0.540486111111111 0.005941145833333295 0.015255555555555555
4 0.30003776041666663 0.5369657407407408 0.007260937500000016 0.015255555555555555
1 0.6208463541666667 0.5158425925925926 0.04554687500000002 0.09740185185185186
4 0.6119348958333333 0.5064541666666666 0.022442708333333408 0.02229722222222224
4 0.6211770833333332 0.35624490740740744 0.009239583333333337 0.0176027777777778
4 0.5967526041666666 0.3650462962962963 0.019807291666666654 0.018775925925925946
4 0.3356833333333333 0.470075462962963 0.009901041666666721 0.0528083333333333
4 0.6997265625 0.8473592592592594 0.018484375000000004 0.023470370370370332
4 0.4492203125 0.7135791666666668 0.01782291666666668 0.021123148148148137
4 0.4165455729166666 0.6983236111111111 0.00924114583333336 0.021123148148148137
4 0.43601822916666666 0.4096398148148148 0.015182291666666655 0.016429629629629655
0 0.4360184895833334 0.6889351851851852 0.06799010416666669 0.09622777777777783
0 0.6729947916666668 0.8027657407407408 0.10759375000000009 0.19245555555555555
0 0.4300776041666667 0.37795462962962967 0.05874895833333333 0.10796296296296294
0 0.24293932291666664 0.5299245370370371 0.058089062499999976 0.07627870370370368
