3 0.6766249999999999 0.008885847222222222 0.021125000000000088 0.024643675925925927
3 0.6221666666666666 0.007125611111111111 0.01121874999999998 0.018776185185185187
3 0.601703125 0.04702495370370371 0.012541666666666628 0.02112324074074074
3 0.569359375 0.05699976851851852 0.019145833333333327 0.036378796296296305
3 0.4389890625 0.008299125000000001 0.010561458333333343 0.018776194444444443
3 0.44657994791666666 0.04057064814814815 0.013861979166666672 0.024643703703703702
3 0.46836328125000004 0.08985796296296297 0.020463020833333328 0.04811370370370371
3 0.5284322916666667 0.15088055555555557 0.01782291666666668 0.029337037037037036
3 0.31356979166666665 0.15088055555555557 0.023763541666666655 0.029337037037037036
4 0.9330729166666667 0.38382222222222223 0.017822916666666563 0.011735185185185218
1 0.92878125 0.38910324074074076 0.030364583333333427 0.059849074074074075
4 0.26670286458333337 0.40846620370370373 0.00924114583333336 0.011734259259259262
4 0.25317083333333334 0.4061194444444445 0.007261458333333337 0.011735185185185218
4 0.8703645833333332 0.5310976851851852 0.0072604166666665765 0.01760277777777775
4 0.877625 0.5504606481481481 0.013864583333333276 0.014082407407407358
4 0.3142299479166667 0.5164291666666667 0.007921354166666698 0.009387962962962973
4 0.29805781249999996 0.5310981481481482 0.015182291666666655 0.012909259259259266
4 0.3766096354166667 0.7399828703703704 0.009901562499999983 0.02229722222222224
4 0.40499375 0.7464370370370371 0.012541666666666687 0.016429629629629655
4 0.7502265625 0.5792115740740741 0.009901041666666662 0.01760277777777775
4 0.7205208333333334 0.5792115740740741 0.016500000000000032 0.01760277777777775
4 0.6261249999999999 0.8913657407407407 0.012541666666666748 0.012909259259259266
4 0.62315625 0.9259819444444445 0.01452083333333339 0.016424999999999926
4 0.6588020833333333 0.9312643518518519 0.010562499999999985 0.01760092592592594
0 0.5690286458333332 0.4753564814814815 0.05017187500000008 0.08918703703703709
0 0.8809270833333334 0.5369652777777778 0.04290624999999994 0.05984907407407403
0 0.7284427083333334 0.5475273148148149 0.058749999999999976 0.10913611111111118
0 0.6376796875 0.9095541666666667 0.06997395833333328 0.10561388888888877
0 0.39377213541666667 0.6936291666666667 0.07063072916666666 0.1642916666666666
0 0.2990479166666667 0.5140819444444444 0.05412812500000002 0.07979907407407406
0 0.26175208333333333 0.3990782407407408 0.032344791666666685 0.05632870370370374
