3 0.6690338541666667 0.034116347222222225 0.05610937500000001 0.07041063888888889
3 0.5317330729166667 0.09220513425925926 0.10759635416666669 0.1795471388888889
3 0.4393190104166667 0.054652736111111114 0.09703489583333329 0.11148341666666667
4 0.8122760416666667 0.33922916666666664 0.012541666666666628 0.014082407407407412
1 0.8162343750000001 0.3450967592592593 0.021781249999999967 0.04693981481481481
4 0.8162369791666667 0.5633694444444446 0.01122395833333331 0.014081481481481454
4 0.7891692708333333 0.558675462962963 0.015182291666666596 0.014082407407407464
4 0.7112786458333334 0.5070412037037036 0.01122395833333331 0.014082407407407358
4 0.7373541666666665 0.5111481481481481 0.009239583333333337 0.015255555555555555
4 0.8413177083333333 0.49530601851851846 0.012541666666666628 0.014082407407407358
4 0.6706848958333332 0.8561601851851852 0.011880208333333305 0.019950000000000048
4 0.6769557291666667 0.8866717592592593 0.016505208333333243 0.019949074074074143
4 0.13435312500000002 0.5897736111111112 0.015182291666666669 0.012908333333333362
4 0.15184557291666667 0.6062027777777779 0.010561979166666664 0.015255555555555555
4 0.12940234374999998 0.6050291666666666 0.011881770833333328 0.01525648148148146
0 0.7201927083333333 0.49061203703703704 0.05544791666666669 0.09388148148148148
0 0.14227421875 0.5968143518518518 0.04818697916666666 0.0668898148148148
0 0.6838854166666666 0.8684824074074075 0.06205208333333338 0.08918703703703704
0 0.84 0.48181064814814817 0.0336666666666666 0.05750277777777784
0 0.7984114583333333 0.5328583333333334 0.05742708333333333 0.1009222222222222
