3 0.467703125 0.0487850462962963 0.09967499999999999 0.09505398148148148
3 0.5182013020833334 0.07401588162037036 0.12013906249999995 0.14786268120370372
3 0.6201848958333334 0.16965694444444446 0.11023437499999993 0.048113888888888914
4 0.9551875 0.3351217592592593 0.01584375000000004 0.01290833333333331
1 0.9518854166666666 0.34098935185185186 0.023760416666666728 0.045767592592592624
4 0.8574921875 0.578038425925926 0.009244791666666667 0.017602777777777853
4 0.8294374999999999 0.5762782407407407 0.01782291666666668 0.01877685185185185
4 0.7007187500000001 0.470075462962963 0.012541666666666748 0.012908333333333362
4 0.8459401041666667 0.4741828703703703 0.01122395833333331 0.014082407407407412
4 0.6964270833333333 0.8561601851851852 0.009239583333333337 0.019950000000000048
4 0.660453125 0.8274092592592592 0.01121874999999998 0.018775925925925946
4 0.6663932291666667 0.8590939814814815 0.016505208333333243 0.021123148148148137
4 0.1630671875 0.5756912037037037 0.007920833333333318 0.01760277777777775
4 0.1373234375 0.5651300925925926 0.010561458333333343 0.012908333333333362
4 0.14227421875 0.5868398148148148 0.013861979166666672 0.016429629629629655
0 0.8459401041666667 0.46186064814814815 0.03366145833333327 0.05515462962962959
0 0.7023671875 0.45540694444444446 0.047526041666666664 0.08683981481481474
0 0.837359375 0.5504611111111112 0.05742708333333333 0.10796296296296298
0 0.6743151041666666 0.8409046296296296 0.0640260416666667 0.09270740740740743
0 0.14722473958333332 0.5727578703703705 0.048847395833333335 0.06336944444444441
