4 0.09804739583333333 0.6854148148148149 0.012541666666666658 0.016429629629629655
4 0.12511171875 0.7118185185185184 0.009901562499999997 0.015255555555555555
4 0.7640859375 0.9359583333333334 0.009901041666666662 0.017601851851851844
4 0.7300911458333333 0.903100925925926 0.01320312500000007 0.015255555555555555
4 0.7340520833333334 0.9306796296296297 0.014520833333333271 0.014085185185185176
3 0.6650755208333333 0.13093101851851854 0.015182291666666714 0.024643518518518502
3 0.6399895833333333 0.13093101851851854 0.007260416666666695 0.012908333333333336
3 0.6079765625 0.16144212962962964 0.00792187500000002 0.017602777777777773
3 0.5498854166666667 0.1444263888888889 0.011885416666666752 0.01877685185185185
3 0.5729895833333333 0.2606037037037037 0.014520833333333271 0.016429629629629655
3 0.40664401041666665 0.1925402777777778 0.01320156249999999 0.028163888888888867
3 0.4122546875 0.20779583333333335 0.008581249999999999 0.0164287037037037
4 0.8287786458333334 0.5545680555555556 0.01122395833333331 0.012908333333333362
4 0.8211848958333333 0.5416597222222223 0.00792187500000002 0.010562037037037073
4 0.9277916666666667 0.4278291666666667 0.013864583333333395 0.010562037037037073
1 0.9261432291666667 0.43721712962962966 0.018484375000000004 0.041073148148148185
0 0.8287760416666666 0.5451800925925926 0.03234374999999995 0.043419444444444476
0 0.6238151041666666 0.4911986111111111 0.04356770833333326 0.07627870370370368
0 0.09474713541666667 0.657250462962963 0.04422656250000001 0.09857500000000001
0 0.7419739583333333 0.9189412037037037 0.06072916666666674 0.08448796296296293
0 0.5168807291666667 0.4859180555555556 0.04620729166666664 0.0704101851851852
0 0.10992942708333334 0.7053643518518519 0.046867187500000004 0.06336944444444452
