4 0.07098333333333334 0.8098064814814815 0.02046354166666666 0.03051111111111111
4 0.5716692708333333 0.4512990740740741 0.010557291666666658 0.022296296296296283
4 0.5350338541666666 0.4583402777777778 0.015182291666666596 0.02229722222222224
4 0.38024010416666665 0.636713888888889 0.015842708333333337 0.022296296296296335
4 0.6505494791666666 0.3615259259259259 0.01122395833333331 0.018775925925925894
4 0.6413098958333333 0.38147546296296303 0.01650520833333336 0.0164287037037037
4 0.6165572916666666 0.37560787037037036 0.009239583333333337 0.021123148148148137
4 0.7116119791666667 0.6425814814814815 0.01716145833333336 0.01994999999999994
4 0.6786067708333333 0.6255652777777778 0.011880208333333305 0.021123148148148245
4 0.32413177083333333 0.5352055555555555 0.01320208333333331 0.0352055555555556
1 0.34723515625 0.5539814814814814 0.05940885416666669 0.10796296296296298
0 0.055140861979166664 0.775187962962963 0.115517234375 0.16546481481481481
0 0.6373489583333334 0.36621990740740745 0.05082291666666663 0.07510462962962963
0 0.7017083333333333 0.6167643518518519 0.07129166666666673 0.09740092592592592
0 0.5475760416666666 0.41902777777777783 0.07723333333333333 0.13377962962962966
0 0.3838705729166667 0.6120703703703705 0.0521473958333333 0.11148333333333327
