4 0.3908015625 0.6537300925925926 0.019803125000000026 0.025817592592592628
4 0.2960770833333334 0.12271620370370372 0.015182291666666655 0.02229722222222224
4 0.2752841145833333 0.10335324074074075 0.022443229166666672 0.0164287037037037
4 0.2696734375 0.11978287037037037 0.01782291666666668 0.021123148148148137
4 0.45681171875 0.6678120370370372 0.02112343750000001 0.028164814814814823
4 0.2841955729166667 0.34450972222222226 0.0165026041666667 0.01994907407407409
4 0.24260911458333334 0.3468569444444445 0.013861979166666672 0.02229722222222224
4 0.617875 0.4724226851851852 0.01584375000000004 0.022297222222222187
4 0.5815703124999999 0.4706625 0.018484375000000004 0.025817592592592524
4 0.5785989583333333 0.4395643518518519 0.019145833333333327 0.01994907407407409
0 0.26901328125 0.3239731481481482 0.09043385416666666 0.15020925925925926
0 0.5931223958333334 0.4536462962962963 0.07591145833333333 0.09505370370370378
0 0.46275234375 0.647275462962963 0.06865052083333331 0.12087129629629624
0 0.40235338541666665 0.5985750000000001 0.09307447916666665 0.19010925925925926
0 0.28188541666666667 0.10570060185185187 0.06072916666666665 0.0915339814814815
