4 0.11289973958333333 0.8332773148148148 0.018482812499999998 0.0328583333333333
4 0.7017083333333333 0.657250462962963 0.02376041666666661 0.023469444444444428
4 0.6621015625000001 0.6378875 0.01320312500000007 0.022297222222222135
4 0.9386848958333334 0.3568319444444445 0.021119791666666644 0.02112314814814819
4 0.416215625 0.6678120370370372 0.01914270833333334 0.02581666666666662
4 0.5149005208333334 0.5751050925925926 0.010561458333333343 0.021123148148148137
4 0.4894864583333334 0.5604356481481483 0.02178333333333331 0.02229722222222224
4 0.48123515624999996 0.5756912037037037 0.014522395833333352 0.012908333333333362
1 0.11752057291666666 0.43193611111111113 0.0554484375 0.10092222222222226
0 0.09342661458333333 0.8039393518518518 0.11683739583333334 0.17837314814814817
0 0.9413255208333333 0.3433361111111111 0.052807291666666596 0.07393148148148149
0 0.6934583333333334 0.6073759259259259 0.08383333333333336 0.15842407407407405
0 0.49608802083333337 0.5492875 0.07327187500000001 0.09388055555555563
0 0.41951614583333335 0.6455152777777778 0.056108333333333364 0.10326944444444451
