4 0.23501822916666668 0.4782898148148148 0.02640416666666668 0.019950000000000048
1 0.2459096354166667 0.4923722222222222 0.054788020833333353 0.10444259259259255
4 0.6492317708333334 0.5645430555555556 0.015182291666666596 0.016428703703703647
4 0.6317395833333334 0.5357921296296297 0.009239583333333337 0.019949074074074036
4 0.6228255208333332 0.5516347222222222 0.009901041666666662 0.021123148148148137
4 0.7423046874999999 0.7364625 0.017817708333333352 0.024643518518518526
4 0.7050104166666666 0.7347023148148147 0.01584374999999992 0.025817592592592524
4 0.7142499999999999 0.7112319444444445 0.019802083333333324 0.01877685185185185
4 0.48552578125 0.9371333333333334 0.03102447916666667 0.026992592592592634
4 0.51688203125 0.9541481481481482 0.007923437499999983 0.0234629629629631
4 0.16603776041666668 0.32103981481481486 0.012542187500000008 0.015255555555555555
4 0.41786562499999996 0.4078791666666667 0.009241666666666681 0.01760277777777775
4 0.3815604166666667 0.41550740740740744 0.01320208333333331 0.018775925925925946
4 0.8390078125 0.6789601851851853 0.018484375000000004 0.01994999999999994
4 0.79709375 0.657837037037037 0.01121874999999998 0.022296296296296335
4 0.46110208333333336 0.5158421296296297 0.008581249999999999 0.024643518518518526
4 0.49542734375 0.5281643518518518 0.023103645833333294 0.016428703703703647
4 0.8677239583333333 0.8579208333333334 0.012541666666666628 0.021123148148148137
0 0.7258020833333333 0.7141657407407408 0.0785520833333333 0.11148333333333338
0 0.8264661458333333 0.6255652777777778 0.08845312499999997 0.1642916666666666
0 0.8931354166666666 0.8362106481481483 0.09109375000000004 0.12556574074074073
0 0.49014687500000004 0.48239722222222226 0.07459166666666667 0.14551481481481482
0 0.39773281250000003 0.39321064814814816 0.07591145833333333 0.1220453703703704
0 0.49542708333333335 0.9283324074074075 0.06798958333333331 0.1079648148148149
0 0.17296875 0.3081310185185186 0.0514875 0.09036018518518518
0 0.6432890625 0.5475268518518518 0.06139062499999994 0.09270740740740732
