4 0.3693484375 0.3767814814814815 0.028384375000000024 0.016429629629629603
4 0.36835833333333334 0.4829842592592593 0.027723958333333344 0.01994999999999994
4 0.433378125 0.5117347222222223 0.005940624999999974 0.044593518518518574
4 0.39311197916666674 0.43721712962962966 0.008581249999999999 0.06454351851851851
4 0.3696783854166667 0.44191111111111114 0.00924114583333336 0.041072222222222225
4 0.3449247395833333 0.43134953703703705 0.009901562499999983 0.06454351851851851
4 0.2993778645833333 0.5041074074074073 0.007260937499999957 0.04107222222222228
2 0.3663778645833333 0.4595138888888889 0.14918281249999996 0.2006703703703703
1 0.639328125 0.38968981481481485 0.053468749999999926 0.1032685185185185
4 0.5838802083333333 0.6813074074074075 0.007260416666666695 0.019950000000000048
4 0.5521953125000001 0.7053643518518519 0.021786458333333415 0.023469444444444428
4 0.5413046875 0.6631180555555556 0.013203124999999953 0.025817592592592628
4 0.4366786458333333 0.7100583333333335 0.015182291666666714 0.028164814814814823
4 0.39047161458333335 0.7106453703703705 0.01782239583333336 0.022296296296296335
4 0.9654192708333333 0.5164291666666667 0.020463541666666647 0.021123148148148137
4 0.6099557291666666 0.8702425925925926 0.013203124999999953 0.02464444444444443
0 0.5894921875 0.8209550925925926 0.09901562500000007 0.16546574074074072
0 0.9677291666666666 0.4782898148148148 0.09505208333333333 0.1772
0 0.5548354166666667 0.677786574074074 0.07458958333333339 0.11383055555555546
0 0.40994453124999997 0.6848277777777778 0.08581302083333338 0.12791296296296292
