4 0.34360442708333333 0.4184407407407408 0.024423437500000016 0.015255555555555555
4 0.3436046875 0.51995 0.02574375 0.01877592592592584
4 0.40697421875 0.5551550925925927 0.007260937500000016 0.025817592592592628
4 0.36769817708333336 0.47476944444444447 0.010561979166666664 0.06454259259259261
4 0.34624505208333334 0.4882652777777777 0.007260937499999957 0.021123148148148137
4 0.32248125 0.4706625 0.008581249999999999 0.05632870370370363
4 0.2782546875 0.5492874999999999 0.005940624999999974 0.021123148148148137
2 0.3412940104166666 0.49530601851851846 0.14390156249999997 0.19245648148148145
1 0.6040130208333333 0.42841574074074074 0.05148437500000007 0.1032685185185185
4 0.550875 0.6994967592592592 0.01121874999999998 0.023469444444444428
4 0.539984375 0.7417435185185185 0.017166666666666684 0.023470370370370332
4 0.5079692708333333 0.7165129629629631 0.008581249999999999 0.02699074074074072
4 0.3898114583333333 0.676613425925926 0.028384375000000024 0.017602777777777853
4 0.39113151041666666 0.7041907407407408 0.020463020833333328 0.016429629629629655
4 0.8023723958333333 0.6308462962962964 0.019140625 0.01994999999999994
4 0.7607864583333334 0.6073763888888889 0.008583333333333342 0.024643518518518526
4 0.9027109375 0.47711666666666663 0.009901041666666662 0.019949999999999992
4 0.9406640625 0.48357083333333334 0.0145260416666666 0.01877685185185185
4 0.4888265625 0.5252305555555556 0.012541666666666687 0.019950000000000048
4 0.4594520833333333 0.5070412037037036 0.017162499999999997 0.01642870370370375
4 0.45186093750000006 0.5275777777777778 0.012541666666666687 0.019950000000000048
0 0.4726541666666667 0.5052810185185185 0.07393124999999999 0.09740092592592586
0 0.38948125000000006 0.6707458333333334 0.07129062500000002 0.1044416666666667
4 0.3607671875 0.6842412037037038 0.008581249999999999 0.01877685185185185
0 0.5383341145833334 0.715925925925926 0.07459218749999999 0.11030925925925927
0 0.7931328125 0.5921208333333333 0.08647395833333332 0.16781203703703712
0 0.5677083333333334 0.8532277777777778 0.08845833333333335 0.15959999999999994
0 0.8829036458333334 0.4325231481481482 0.04554687500000002 0.08566666666666665
0 0.9297734375 0.4612740740740741 0.09307812500000001 0.1220444444444445
