4 0.018175390625 0.4325231481481482 0.020463072916666665 0.07393148148148149
2 0.008603958333333332 0.45775370370370366 0.09241395833333332 0.16194444444444442
1 0.2274270833333333 0.40259861111111117 0.04818750000000002 0.09153425925925929
4 0.8205260416666665 0.854400462962963 0.023760416666666728 0.021123148148148137
4 0.8294374999999999 0.8133273148148149 0.013864583333333276 0.016428703703703647
4 0.7772916666666667 0.834450462962963 0.01782291666666668 0.02816388888888881
4 0.2822153645833333 0.31517222222222224 0.009901562500000042 0.015255555555555555
4 0.5046690104166667 0.39145 0.009901562500000042 0.015255555555555555
4 0.4713338541666667 0.3984916666666667 0.01320208333333331 0.015255555555555555
4 0.5743098958333335 0.6478624999999999 0.01716145833333336 0.021123148148148137
4 0.5700182291666667 0.5123217592592593 0.01650520833333336 0.019949074074074143
4 0.5376744791666667 0.4982393518518519 0.01650520833333336 0.017602777777777853
4 0.5323932291666666 0.5176027777777777 0.01914062499999994 0.018775925925925946
4 0.7152421874999999 0.6279125000000001 0.009901041666666662 0.01642870370370375
4 0.6819062499999999 0.5962277777777777 0.011885416666666752 0.014081481481481454
4 0.6828958333333333 0.6267393518518519 0.013864583333333395 0.01642870370370375
0 0.6944453125 0.6091365740740742 0.0633697916666667 0.09388055555555552
0 0.8069947916666667 0.8268226851851852 0.0825104166666667 0.1067898148148148
0 0.585859375 0.6097231481481481 0.07327083333333337 0.14903518518518516
0 0.54922578125 0.4747699074074075 0.0778921875 0.14434166666666667
0 0.2884861979166667 0.29933009259259263 0.04884739583333335 0.07510462962962963
0 0.4878356770833333 0.37795509259259263 0.07260989583333337 0.11031018518518518
4 0.9502369791666666 0.36915370370370376 0.01122395833333331 0.010561111111111117
4 0.9492473958333334 0.3879296296296296 0.013203124999999953 0.015255555555555555
0 0.9555182291666666 0.37560787037037036 0.04158854166666662 0.0657157407407407
