4 0.8974270833333333 0.4865046296296296 0.01782291666666668 0.022296296296296335
4 0.9644270833333334 0.49413240740740744 0.01584375000000004 0.018775925925925946
4 0.9776302083333334 0.4671416666666667 0.013197916666666623 0.014081481481481454
4 0.7819114583333333 0.7276611111111112 0.019145833333333327 0.023470370370370332
4 0.8885182291666666 0.6226319444444445 0.018484375000000004 0.019949074074074143
4 0.8650833333333333 0.5950541666666667 0.013864583333333276 0.025817592592592628
4 0.8525416666666668 0.6091365740740742 0.012541666666666748 0.021123148148148137
4 0.28254531250000003 0.7088847222222223 0.015842708333333337 0.025817592592592628
4 0.3228111979166666 0.7071245370370371 0.011881770833333328 0.017602777777777853
4 0.32116119791666664 0.6683986111111111 0.01650260416666664 0.01760277777777775
4 0.4723239583333333 0.4442583333333333 0.007261458333333337 0.026990740740740773
4 0.244259375 0.4072930555555556 0.027723958333333344 0.021123148148148137
1 0.49311718750000005 0.46714166666666673 0.05016770833333333 0.1056166666666667
4 0.2739638020833333 0.4536462962962963 0.01848281250000001 0.07862592592592588
4 0.24392942708333334 0.45188611111111116 0.007260937499999986 0.068062962962963
4 0.21587526041666666 0.44836574074074076 0.014522395833333352 0.07041111111111105
2 0.24756015625000002 0.48181064814814817 0.12013802083333334 0.17954722222222227
0 0.45120078124999996 0.8098069444444445 0.09571406250000003 0.15959722222222222
0 0.9640963541666667 0.4759430555555556 0.05610937500000001 0.09036018518518518
0 0.8974270833333333 0.4489523148148148 0.07194791666666672 0.1373009259259259
0 0.8805963541666666 0.597988425925926 0.07393229166666669 0.09505462962962963
0 0.7885130208333333 0.7082981481481482 0.060067708333333296 0.11148333333333338
0 0.30201822916666665 0.6818939814814815 0.08647291666666668 0.11031018518518518
