1 0.170328125 0.4595138888888889 0.05412812499999999 0.09974814814814816
4 0.6449401041666667 0.4559930555555555 0.010557291666666658 0.01290833333333331
4 0.6185364583333334 0.4595138888888889 0.014520833333333271 0.019949999999999992
4 0.7258020833333333 0.6067893518518519 0.012541666666666628 0.01877685185185185
4 0.6990677083333333 0.5880134259259259 0.017166666666666684 0.021123148148148137
4 0.6908177083333332 0.6062023148148148 0.012541666666666748 0.01760277777777775
4 0.48552578124999995 0.9418287037037038 0.009901562500000042 0.029342592592592538
4 0.5000481770833333 0.9248111111111111 0.013861979166666672 0.032859259259259206
4 0.2284171875 0.3333615740740741 0.01320208333333334 0.014082407407407412
4 0.44724010416666665 0.4454314814814815 0.015182291666666655 0.015255555555555555
4 0.7515468750000001 0.4630342592592593 0.007260416666666695 0.019950000000000048
4 0.7234921875 0.4747699074074074 0.013203124999999953 0.01760277777777775
4 0.5175401041666666 0.5475268518518518 0.007919791666666676 0.02699074074074072
4 0.5488958333333334 0.5674768518518519 0.023104166666666613 0.015255555555555661
0 0.23600833333333332 0.3204527777777778 0.04818750000000002 0.08214629629629626
0 0.4449299479166666 0.4202013888888889 0.06865052083333331 0.13612685185185186
0 0.5135815104166666 0.9300902777777779 0.07525364583333331 0.10913425925925928
0 0.5455963541666667 0.5187763888888889 0.07195312499999992 0.13612685185185192
0 0.6287682291666667 0.45012546296296296 0.05478645833333324 0.07862499999999997
0 0.7106197916666666 0.5897736111111112 0.07063541666666673 0.08801388888888885
0 0.7241510416666666 0.4395643518518519 0.06205208333333338 0.13260648148148146
