3 0.6726640624999999 0.06404083333333334 0.06204687499999994 0.1044424074074074
3 0.7895026041666666 0.9412407407407407 0.009244791666666667 0.01877777777777786
3 0.7201927083333333 0.9705787037037037 0.010562499999999985 0.021120370370370532
3 0.529421875 0.9553194444444444 0.0066041666666667 0.01173148148148134
3 0.49146666666666666 0.972337962962963 0.008581249999999999 0.015249999999999816
4 0.8994088541666666 0.40846620370370373 0.013859375000000066 0.011734259259259262
1 0.8961067708333333 0.4125736111111111 0.02442187500000005 0.04811388888888886
1 0.00431328125 0.6144171296296297 0.045546875 0.07393055555555558
4 0.22610677083333333 0.6050291666666667 0.007261458333333337 0.012908333333333362
4 0.23270781249999997 0.6161777777777778 0.008581249999999999 0.018775925925925946
4 0.21290468750000002 0.6238050925925925 0.012541666666666658 0.012908333333333258
4 0.8664036458333333 0.5240569444444444 0.007265625000000024 0.010562037037036969
4 0.8598020833333333 0.5322717592592592 0.005937500000000047 0.010562037037037073
4 0.8759739583333332 0.5369657407407408 0.010562499999999985 0.010561111111111065
4 0.07659401041666666 0.7804689814814816 0.011881770833333341 0.01877685185185185
4 0.08649557291666668 0.7910310185185185 0.007921354166666653 0.021123148148148137
4 0.06108203125 0.8115671296296297 0.013861979166666672 0.017602777777777853
4 0.4112645833333333 0.6232185185185186 0.006601041666666655 0.016429629629629655
4 0.39014166666666666 0.6314328703703704 0.010561458333333343 0.014082407407407464
4 0.71953125 0.4882648148148149 0.011885416666666752 0.011735185185185166
4 0.7046796875000001 0.4753564814814815 0.009901041666666662 0.011735185185185166
4 0.6993984374999999 0.4853314814814814 0.008578125000000015 0.015255555555555555
0 0.5578072916666666 0.4730092592592593 0.05016666666666669 0.08683888888888895
0 0.8393385416666668 0.9154226851851852 0.05742708333333333 0.08683981481481474
0 0.8736640625 0.5252305555555556 0.036307291666666686 0.05515555555555554
0 0.71425 0.46596851851851856 0.0448854166666667 0.07745185185185188
0 0.39377213541666667 0.6026824074074074 0.05082760416666664 0.09974814814814811
0 0.21950572916666666 0.6103097222222222 0.03894583333333334 0.06336944444444452
0 0.06801294270833334 0.7898569444444444 0.05412828125 0.07979907407407406
