4 0.10431822916666667 0.8115666666666667 0.019803124999999994 0.02699074074074072
4 0.5155604166666666 0.5445935185185186 0.01320208333333331 0.01877592592592584
4 0.47331406249999997 0.5428333333333334 0.014521874999999972 0.02229629629629623
4 0.40664401041666665 0.6449282407407408 0.01716302083333332 0.024643518518518526
4 0.7413125 0.5844930555555556 0.010562499999999985 0.021123148148148137
4 0.7050078125 0.5551550925925927 0.013203124999999953 0.016428703703703647
4 0.70896875 0.5839060185185185 0.01584375000000004 0.02229722222222224
4 0.13567291666666664 0.44484490740740745 0.028384374999999993 0.021123148148148137
1 0.148875 0.4559930555555556 0.056108333333333336 0.1020953703703704
0 0.088145859375 0.7663865740740741 0.11683744791666667 0.15255648148148146
0 0.7188697916666666 0.5674768518518519 0.07129166666666673 0.09036111111111104
0 0.49311770833333335 0.5041074074074074 0.08977500000000002 0.14668888888888892
0 0.4109346354166667 0.6208717592592593 0.054788020833333326 0.09857500000000001
