4 0.31158984375000004 0.774014351851852 0.018482812499999984 0.024643518518518526
4 0.5947734375000001 0.6425814814814815 0.01716145833333336 0.01994999999999994
4 0.47034374999999995 0.8045259259259259 0.017822916666666622 0.02699074074074072
4 0.43370807291666663 0.7575856481481482 0.015842187500000014 0.01760277777777775
4 0.42842734375 0.7945513888888889 0.015842187500000014 0.021123148148148245
4 0.07362369791666666 0.3720875 0.0297046875 0.02112314814814819
1 0.32215130208333337 0.4102263888888889 0.04620677083333333 0.10209537037037035
4 0.10530833333333334 0.41550740740740744 0.02178333333333334 0.07979814814814816
4 0.07428385416666666 0.41668055555555555 0.008581249999999999 0.06571666666666666
4 0.04589953125 0.41374675925925924 0.0151821875 0.07158425925925929
2 0.0795646875 0.44484490740740745 0.12211854166666666 0.18072129629629632
0 0.29772734375000004 0.7341152777777779 0.10297552083333338 0.15373055555555556
0 0.6007135416666666 0.6238050925925925 0.05148958333333328 0.1020953703703704
0 0.44691015624999997 0.774601388888889 0.08581302083333331 0.11735092592592586
