3 0.6172161458333334 0.08105675925925927 0.013203124999999953 0.018776111111111122
3 0.5743098958333333 0.10394027777777778 0.009244791666666667 0.012908333333333336
3 0.5835494791666667 0.13327777777777777 0.013203124999999953 0.019949999999999992
3 0.4723239583333333 0.11978240740740742 0.009901041666666662 0.023470370370370357
3 0.4079643229166667 0.12623703703703706 0.007921354166666639 0.01290925925925924
3 0.40466380208333336 0.16378935185185184 0.011881770833333328 0.017602777777777773
4 0.9452838541666666 0.3820625 0.013203124999999953 0.012908333333333362
1 0.9482552083333333 0.3879296296296296 0.023104166666666613 0.045766666666666664
4 0.9947916666666666 0.3626990740740741 0.010562500000000105 0.037551851851851836
2 1.0063463541666666 0.3697402777777778 0.05610937500000001 0.09153425925925923
4 0.8343880208333334 0.6390611111111111 0.011880208333333423 0.015255555555555555
4 0.8287786458333334 0.6507962962962963 0.008578125000000015 0.019950000000000048
4 0.8036953124999999 0.49354583333333335 0.01122395833333331 0.012908333333333362
4 0.8545208333333333 0.6619444444444446 0.01782291666666668 0.014081481481481454
4 0.021475885416666667 0.755825 0.012541875 0.01877592592592584
4 0.034677890625 0.7658000000000001 0.00990151041666667 0.01994999999999994
4 0.009924138020833332 0.5874263888888889 0.021123182291666667 0.017602777777777853
1 0.015534981770833331 0.597987962962963 0.038945869791666664 0.0692370370370371
0 0.5604453125 0.4395643518518519 0.03828645833333333 0.06688981481481486
4 0.31357005208333333 0.5651296296296295 0.011881770833333328 0.015255555555555555
0 0.8033645833333334 0.48591759259259254 0.03168750000000008 0.04694074074074077
4 0.011904427083333332 0.7869236111111112 0.011881770833333333 0.017602777777777853
0 0.015204921875 0.7663870370370371 0.05016755208333333 0.07041111111111109
0 0.8489114583333334 0.626738888888889 0.05677083333333333 0.1032685185185185
0 0.31224973958333335 0.5381388888888889 0.042246354166666694 0.08566666666666675
