4 0.0300571875 0.7481976851851851 0.012541875 0.01760277777777775
4 0.13633333333333333 0.587426851851852 0.012541666666666673 0.015255555555555555
4 0.09375677083333334 0.7435037037037037 0.014521875000000002 0.015255555555555555
4 0.7462656249999999 0.5029337962962963 0.013864583333333395 0.012908333333333362
4 0.5951015625 0.7716680555555555 0.01650520833333336 0.017602777777777853
4 0.5838828125 0.7528916666666667 0.009901041666666662 0.015255555555555555
3 0.6360286458333333 0.12036944444444445 0.01650520833333336 0.02464444444444443
3 0.5802499999999999 0.15440138888888888 0.009239583333333337 0.012908333333333336
3 0.5736484374999999 0.11802222222222222 0.006598958333333371 0.012909259259259266
3 0.5660572916666666 0.13503842592592594 0.01121874999999998 0.021123148148148137
3 0.5231513020833333 0.13738564814814816 0.012541145833333366 0.021123148148148137
3 0.5076393229166667 0.20955601851851852 0.011881770833333328 0.019949074074074064
3 0.3908015625 0.16202916666666667 0.010561458333333284 0.0164287037037037
3 0.37000859375 0.19723425925925928 0.012542187500000008 0.025816666666666672
3 0.3848606770833333 0.20368842592592593 0.011881770833333387 0.02229722222222221
3 0.3426143229166667 0.18021805555555553 0.014522395833333293 0.017602777777777773
4 0.8060052083333334 0.5592625 0.010562499999999985 0.012908333333333362
4 0.7957708333333334 0.5469407407407408 0.0072604166666665765 0.011735185185185166
4 0.7904921874999999 0.5528083333333333 0.005942708333333376 0.011735185185185166
4 0.7842213541666666 0.4149203703703704 0.01320312500000007 0.012909259259259266
1 0.7852109375 0.4237222222222222 0.01650520833333336 0.042246296296296275
3 0.9938046875 0.39614444444444447 0.015182291666666714 0.012909259259259266
4 0.9918229166666667 0.4143337962962963 0.005937500000000047 0.030512037037037015
4 0.9782890625 0.4119870370370371 0.011880208333333305 0.035205555555555545
2 0.9908333333333333 0.4278287037037037 0.05940625000000009 0.08097222222222221
0 0.8036927083333334 0.5469402777777779 0.03366666666666672 0.046939814814814865
0 0.7479166666666667 0.48063703703703703 0.03432291666666672 0.07158333333333339
0 0.5960911458333332 0.7564120370370371 0.042244791666666615 0.07393148148148149
0 0.13336276041666664 0.578625 0.03828593749999999 0.05867592592592593
0 0.04787986979166667 0.7165125 0.06138921875 0.10913611111111118
0 0.5904817708333333 0.5 0.04291145833333339 0.07979814814814816
0 0.09540703125000001 0.7270740740740741 0.04290677083333333 0.06454259259259261
