3 0.5904817708333333 0.05230597685185185 0.10759895833333329 0.10678989814814815
3 0.4990575520833333 0.04585143717592593 0.11617656250000004 0.09153379231481482
4 0.82415625 0.32573379629629634 0.013864583333333395 0.01290833333333331
1 0.8267968749999999 0.33101435185185185 0.021781249999999967 0.04928796296296296
4 0.8413203125000001 0.6660513888888889 0.020463541666666647 0.01760277777777775
4 0.8159062499999999 0.647275462962963 0.009239583333333337 0.022297222222222135
4 0.6515416666666667 0.44895231481481485 0.010562499999999985 0.01290833333333331
4 0.8522109374999999 0.48181064814814817 0.011880208333333423 0.012908333333333362
4 0.6650729166666667 0.8373842592592593 0.01121874999999998 0.019950000000000048
4 0.7010494791666666 0.8661356481481483 0.007921874999999901 0.021123148148148137
4 0.6700234375 0.8702425925925927 0.01583854166666671 0.01994999999999994
4 0.15712656249999998 0.5850796296296297 0.01320208333333334 0.015255555555555555
4 0.13204270833333331 0.5692370370370371 0.010561458333333329 0.014081481481481454
4 0.13402291666666666 0.5932944444444445 0.013202083333333324 0.015255555555555555
0 0.6426302083333333 0.43311018518518524 0.04818749999999999 0.0844925925925926
0 0.8512213541666667 0.47066203703703713 0.03498437500000004 0.05398148148148149
0 0.837359375 0.6273259259259258 0.058750000000000094 0.10678888888888889
0 0.6782760416666667 0.8520532407407407 0.06270833333333338 0.09388055555555552
0 0.14260416666666667 0.578038425925926 0.05016770833333333 0.0692379629629629
