3 0.6680416666666666 0.07988314814814815 0.01584374999999992 0.02581703703703704
3 0.6380078124999999 0.019447472222222224 0.013859374999999948 0.022296722222222225
3 0.5842109375 0.048198472222222226 0.009244791666666667 0.01408212962962963
3 0.4620921875 0.06697462962962963 0.01320208333333331 0.028164259259259267
3 0.42380677083333335 0.07225541666666667 0.010561458333333284 0.01525564814814815
3 0.3766096354166667 0.11978287037037037 0.01650260416666664 0.021123148148148137
4 0.9301041666666666 0.34626990740740743 0.01584375000000004 0.014082407407407412
1 0.9277916666666667 0.3509638888888889 0.023104166666666613 0.04694074074074077
4 0.8343880208333334 0.4812240740740741 0.011880208333333423 0.011735185185185166
4 0.15811640624999998 0.5668902777777778 0.009901562500000013 0.014082407407407464
4 0.14887526041666668 0.5886 0.013861979166666672 0.017601851851851844
0 0.6238151041666666 0.4489523148148148 0.042244791666666615 0.07627870370370368
4 0.32875234375 0.5627824074074075 0.00924114583333336 0.015255555555555555
4 0.30201822916666665 0.5674768518518519 0.011221875000000025 0.015255555555555661
0 0.8343880208333334 0.47007546296296293 0.03432812500000004 0.05046018518518515
0 0.31026953125 0.5410731481481481 0.058089062499999976 0.09622777777777783
0 0.14788515625 0.5739310185185186 0.04224635416666665 0.06336944444444452
