3 0.6505494791666667 0.03352962962962963 0.020463541666666647 0.02699074074074074
3 0.53503125 0.03352961111111111 0.023104166666666672 0.05515503703703704
3 0.46935364583333333 0.11215462962962963 0.019803124999999967 0.031685185185185184
3 0.39773255208333336 0.13679861111111113 0.03630572916666666 0.04576759259259258
3 0.5898203125 0.22129120370370373 0.0257447916666667 0.03637870370370372
3 0.4838755208333333 0.2289189814814815 0.019803125000000026 0.0164287037037037
3 0.7555078124999999 0.9482824074074074 0.009901041666666662 0.016435185185185185
3 0.7211822916666667 0.944763888888889 0.012541666666666628 0.023472222222222245
3 0.74890625 0.9840740740740741 0.013864583333333395 0.024648148148148048
3 0.6670520833333333 0.9776157407407406 0.013864583333333276 0.030509259259259302
3 0.5063190104166666 0.9922870370370371 0.00924114583333336 0.015259259259259276
3 0.48750625 0.9688148148148148 0.007261458333333278 0.012907407407407458
3 0.4568114583333333 0.981138888888889 0.010561458333333343 0.016425925925925934
4 0.9789505208333333 0.3873430555555556 0.013203124999999953 0.014082407407407412
1 0.9815885416666666 0.392037037037037 0.025083333333333374 0.05398148148148149
4 0.17791953125 0.6202847222222223 0.012542187500000008 0.012908333333333362
4 0.16438750000000002 0.6032685185185185 0.009241666666666652 0.011735185185185166
4 0.15844635416666666 0.6138305555555555 0.006601041666666655 0.01408148148148156
4 0.8505598958333332 0.5140819444444444 0.009901041666666662 0.009387962962962973
4 0.8380182291666666 0.500586574074074 0.008578125000000015 0.010562037037037073
4 0.8320781250000001 0.509387962962963 0.005937499999999929 0.01408148148148156
4 0.0049733828125 0.7916175925925927 0.011221671875 0.02229629629629623
4 0.01454484375 0.805112962962963 0.0105615625 0.01877592592592584
4 0.11355963541666665 0.5774518518518519 0.018482812499999998 0.011735185185185166
4 0.6951067708333334 0.4911986111111111 0.00792187500000002 0.012908333333333362
4 0.6720026041666666 0.49002546296296295 0.007921874999999901 0.012908333333333362
4 0.40169322916666667 0.657250462962963 0.007261458333333337 0.014082407407407358
4 0.42578671875 0.6642912037037038 0.011881770833333328 0.014082407407407358
4 0.8832343749999999 0.6590106481481481 0.01452083333333339 0.010562037037036969
4 0.8588125 0.6408212962962964 0.013197916666666623 0.01642962962962955
4 0.8522109374999999 0.6525564814814815 0.009244791666666667 0.018775925925925946
4 0.6531901041666667 0.8602675925925926 0.011223958333333428 0.014081481481481454
4 0.6498906249999999 0.8890185185185185 0.012541666666666628 0.019950000000000048
4 0.6822369791666667 0.8972333333333333 0.011223958333333428 0.01994999999999994
0 0.00431328125 0.8080462962962964 0.048187291666666666 0.07393148148148149
0 0.6822369791666667 0.4812236111111111 0.05082812500000008 0.09153425925925923
0 0.41819583333333327 0.617350925925926 0.06006875 0.14316851851851847
0 0.11157942708333334 0.5616092592592593 0.040926562499999986 0.0692370370370371
0 0.17296875 0.6067893518518519 0.04356666666666665 0.06336944444444441
0 0.6630937499999999 0.8766967592592593 0.06403124999999991 0.08918611111111113
0 0.8472604166666666 0.5 0.040270833333333415 0.05632777777777778
0 0.8703619791666666 0.6261523148148148 0.06534895833333335 0.1067898148148148
