3 0.37759947916666664 0.12212962962962962 0.017162499999999997 0.02112407407407407
3 0.42446666666666666 0.07518921296296296 0.010561458333333343 0.016429166666666665
3 0.46473281250000004 0.06756138888888889 0.01320208333333331 0.0246437037037037
3 0.5845416666666666 0.04995875 0.008583333333333342 0.01525564814814815
3 0.6852057291666667 0.12388981481481481 0.013203124999999953 0.022296296296296307
3 0.6370182291666667 0.02296800925925926 0.0145260416666666 0.02229675925925926
4 0.8947864583333334 0.34568333333333334 0.016499999999999914 0.012909259259259266
1 0.8914869791666666 0.3509643518518519 0.024421874999999933 0.04928796296296296
4 0.8350494791666667 0.48181064814814817 0.011880208333333305 0.012908333333333362
4 0.17857968750000003 0.5733444444444444 0.012541666666666658 0.015255555555555555
4 0.15679635416666665 0.5745180555555556 0.011221874999999996 0.01760277777777775
0 0.6267864583333332 0.4424981481481482 0.04158333333333329 0.07745185185185183
4 0.34393463541666663 0.5657166666666666 0.00924114583333336 0.016429629629629655
4 0.3155502604166667 0.5698240740740742 0.010561979166666664 0.015255555555555555
0 0.8340572916666665 0.47007546296296293 0.03366666666666672 0.05046018518518515
0 0.16669765625 0.5633699074074073 0.046867187500000004 0.06336944444444441
0 0.32776223958333334 0.5428333333333334 0.060069270833333376 0.09740185185185182
