4 0.3670380208333333 0.4841574074074074 0.02640416666666668 0.02229629629629623
4 0.36835833333333334 0.3773680555555556 0.02640416666666668 0.01760277777777775
4 0.2993778645833333 0.5046939814814816 0.005941145833333354 0.03989907407407408
4 0.34591484375000003 0.4307625 0.007921354166666639 0.06336944444444441
4 0.37132864583333336 0.44132453703703706 0.011221875000000025 0.04693981481481481
4 0.39245208333333337 0.4360435185185186 0.008581249999999999 0.06219629629629627
4 0.43271796874999996 0.5082148148148149 0.007260937500000016 0.04694074074074077
2 0.36736822916666667 0.4554064814814815 0.1472020833333333 0.2041907407407407
1 0.639 0.3873430555555556 0.05148958333333328 0.10561574074074075
4 0.5733177083333333 0.6807208333333333 0.007260416666666695 0.025817592592592628
4 0.5432864583333332 0.6912824074074074 0.019802083333333324 0.023470370370370437
4 0.43535833333333335 0.7106453703703705 0.013862499999999993 0.02699074074074072
4 0.9763098958333333 0.4923722222222222 0.018484375000000004 0.01994999999999994
0 0.40895442708333335 0.6860013888888888 0.08119218749999994 0.11148425925925928
4 0.3908018229166667 0.7106449074074074 0.018482812499999984 0.024643518518518526
0 0.5465861979166666 0.6678120370370372 0.06469218749999997 0.12439259259259254
0 0.9723489583333332 0.4554069444444445 0.08977083333333329 0.17133240740740746
0 0.5865208333333333 0.8150875 0.09307291666666669 0.15138240740740747
