3 0.36736796875 0.03235606481481482 0.024423437500000016 0.036378796296296305
4 0.8409895833333332 0.3134115740740741 0.011885416666666633 0.014082407407407412
1 0.8439609375 0.3204532407407408 0.025744791666666583 0.06336944444444446
4 0.16174687499999998 0.7229671296296296 0.01320208333333334 0.014082407407407358
4 0.15349583333333333 0.7546518518518519 0.02178333333333334 0.023470370370370332
4 0.11355963541666665 0.7616930555555557 0.014522395833333339 0.01642870370370375
4 0.37231875 0.7000837962962964 0.01320208333333331 0.01760277777777775
4 0.34327447916666665 0.6906953703703704 0.009241666666666622 0.019950000000000048
4 0.8324062499999999 0.44660509259259257 0.010562499999999985 0.01056203703703702
4 0.8264661458333333 0.4583402777777778 0.011880208333333305 0.01760277777777775
0 0.1416140625 0.735288888888889 0.07855208333333334 0.12087222222222226
0 0.36241744791666664 0.6431685185185186 0.0726109375 0.1689851851851852
0 0.8472604166666666 0.43663055555555563 0.058750000000000094 0.10326851851851855
0 0.6545104166666665 0.48885138888888885 0.053468750000000044 0.1067898148148148
