3 0.474634375 0.1168486111111111 0.023763541666666655 0.029337962962962955
3 0.4700138020833333 0.23889398148148147 0.018482812499999984 0.024643518518518502
3 0.6030234374999999 0.23361342592592593 0.027067708333333346 0.03989907407407408
3 0.5413046874999999 0.04291768518518519 0.02244270833333329 0.055155
3 0.6584713541666667 0.042330925925925925 0.019140625 0.0305112962962963
3 0.7637578125 0.9611898148148149 0.009244791666666667 0.014083333333333368
3 0.7591380208333334 0.9893518518518519 0.01320312500000007 0.018777777777777963
3 0.6769557291666667 0.9864212962962964 0.013859374999999948 0.026990740740740825
4 0.9528776041666667 0.391450462962963 0.015182291666666596 0.010562037037037073
1 0.9495755208333333 0.39614444444444447 0.027067708333333346 0.05280740740740739
4 0.20399322916666668 0.6155907407407407 0.006601041666666685 0.017601851851851844
4 0.18584062499999998 0.6208717592592593 0.012541666666666658 0.014082407407407358
4 0.8475911458333333 0.5123217592592593 0.006598958333333371 0.010562037037036969
4 0.8416484375 0.51995 0.00792187500000002 0.01173518518518527
4 0.8598020833333333 0.5269907407407407 0.008583333333333342 0.011735185185185166
4 0.006953690104166667 0.7974847222222222 0.012541890625 0.01760277777777775
4 0.017515286458333335 0.8092199074074075 0.01122171875 0.02229722222222224
4 0.4109346354166667 0.6660518518518519 0.007260937500000016 0.012909259259259266
4 0.435028125 0.6730930555555555 0.01320208333333331 0.012908333333333258
4 0.8789453124999999 0.6531430555555556 0.008578125000000015 0.01760277777777775
4 0.85353125 0.6554902777777778 0.01584375000000004 0.012908333333333362
4 0.8436302083333334 0.6284995370370371 0.009239583333333337 0.01760277777777775
4 0.6901562499999999 0.9054481481481482 0.01121874999999998 0.019950000000000048
4 0.6591328124999999 0.9013407407407408 0.009901041666666662 0.018775925925925946
4 0.6624322916666666 0.8696560185185185 0.0112187500000001 0.014082407407407358
0 0.8571614583333333 0.6249787037037038 0.05479166666666657 0.10678888888888889
0 0.8538593749999999 0.5140819444444444 0.037625000000000006 0.05632870370370363
0 0.6733255208333333 0.8854967592592593 0.06336979166666659 0.08096944444444434
0 0.4261169270833333 0.6243921296296296 0.058748437500000014 0.13378055555555562
0 0.19211171875000002 0.6085495370370371 0.03960572916666664 0.05984907407407413
0 0.0029930989583333324 0.8109805555555555 0.04950744791666666 0.07745185185185188
0 0.5898229166666666 0.4730092592592593 0.06403125000000003 0.0985740740740741
