3 0.36439765625 0.008299129629629629 0.019802604166666644 0.021123222222222224
3 0.2769346354166667 0.007125620370370371 0.020463020833333328 0.02347024074074074
3 0.2835354166666667 0.08516425925925926 0.03102499999999999 0.04107333333333334
3 0.42677708333333336 0.018860694444444444 0.020463541666666647 0.03520527777777778
4 0.899078125 0.3280810185185185 0.01452083333333339 0.01290833333333331
1 0.9043567708333333 0.3362949074074074 0.027723958333333344 0.059849074074074075
4 0.23963880208333332 0.36035185185185187 0.011881770833333328 0.011735185185185166
4 0.24458958333333333 0.37443425925925927 0.009901041666666662 0.011735185185185166
4 0.22478645833333333 0.37795509259259263 0.008581249999999999 0.014082407407407412
4 0.9297734375 0.5217097222222222 0.008578125000000015 0.012908333333333362
4 0.9386848958333334 0.540486111111111 0.01583854166666671 0.015255555555555555
4 0.041278880208333334 0.6736791666666666 0.011221718749999998 0.021123148148148137
4 0.05316059895833333 0.6895217592592593 0.011221510416666665 0.024643518518518526
4 0.011244348958333334 0.7018439814814816 0.025083802083333336 0.01642870370370375
4 0.26901328125 0.7675606481481482 0.012542187500000038 0.021123148148148137
4 0.22973723958333334 0.7869231481481481 0.01848281250000001 0.01994999999999994
0 0.6528619791666666 0.4753564814814815 0.06469270833333324 0.11265740740740743
0 0.01949552083333333 0.6701592592592592 0.08515270833333333 0.10796296296296298
0 0.9423125 0.5275777777777778 0.04818749999999999 0.0692370370370371
0 0.24128906249999998 0.7399828703703704 0.0785520833333333 0.15138240740740747
0 0.2310575520833333 0.36621990740740745 0.043566145833333327 0.05867499999999998
