4 0.21917552083333333 0.8051125000000001 0.017162499999999997 0.02816388888888892
4 0.8396692708333333 0.40846620370370373 0.01716145833333336 0.01877685185185185
4 0.8119453124999999 0.3984912037037037 0.014526041666666718 0.019949074074074036
4 0.5069791666666668 0.6601842592592593 0.015842708333333337 0.022296296296296335
4 0.4165455729166666 0.5099750000000001 0.011881770833333328 0.019950000000000048
1 0.22775703125 0.41844120370370375 0.04752760416666669 0.10209537037037035
4 0.0056334839322916665 0.4683152777777778 0.01122167796875 0.046939814814814865
2 -0.0006374479166666669 0.48063703703703703 0.07789177083333333 0.17250555555555555
0 0.4317276041666666 0.4917856481481482 0.05412812500000002 0.08214537037037035
0 0.2043234375 0.7687342592592592 0.10627604166666667 0.16194444444444442
0 0.8330677083333332 0.37326064814814813 0.06601041666666667 0.1220453703703704
0 0.5115997395833334 0.6367143518518518 0.05148802083333338 0.1020953703703704
