1 0.15910651041666668 0.43487037037037035 0.05280781250000001 0.09270740740740738
4 0.51258984375 0.4254819444444444 0.009901562499999983 0.01290833333333331
4 0.4878364583333333 0.43135 0.01320208333333337 0.015255555555555555
4 0.7155703125 0.5305111111111112 0.013203124999999953 0.018775925925925946
4 0.6934583333333334 0.5099745370370371 0.01782291666666668 0.01760277777777775
4 0.6855364583333333 0.529337962962963 0.012541666666666628 0.01877592592592584
4 0.21884557291666665 0.3316013888888889 0.012542187500000008 0.012908333333333362
4 0.4584619791666667 0.43193657407407404 0.008581249999999999 0.0164287037037037
4 0.42314661458333336 0.44132453703703706 0.014522395833333352 0.0164287037037037
4 0.7056692708333333 0.42665555555555557 0.00792187500000002 0.019949999999999992
4 0.6779453125 0.4348703703703704 0.01583854166666659 0.015255555555555555
4 0.5248018229166667 0.5528083333333333 0.019802604166666703 0.023470370370370332
4 0.48783619791666666 0.538725462962963 0.014522395833333352 0.021123148148148137
0 0.6809166666666667 0.39673101851851855 0.06270833333333325 0.1220453703703704
0 0.7036901041666667 0.5140824074074075 0.0633697916666667 0.0844925925925926
0 0.5135796875 0.5005865740740741 0.08185104166666672 0.14903611111111117
0 0.49938671875 0.41316018518518516 0.048184895833333324 0.07745185185185183
0 0.4346981770833333 0.4190277777777778 0.07855156249999998 0.12673888888888893
0 0.5152302083333333 0.942411574074074 0.06931041666666668 0.10091759259259259
0 0.22676692708333335 0.31575879629629633 0.050827604166666665 0.08918611111111113
