3 0.36835833333333334 0.07694949074074074 0.010561458333333284 0.01525564814814815
3 0.38552083333333337 0.12154259259259259 0.014521874999999972 0.019949999999999992
3 0.4280973958333333 0.07636273148148148 0.008581249999999999 0.014082129629629623
3 0.46935364583333333 0.08047 0.01320208333333331 0.029337777777777775
3 0.5403151041666666 0.13445138888888888 0.013859375000000066 0.02229722222222221
3 0.582890625 0.05113226851851852 0.009239583333333337 0.01525564814814815
3 0.6327265625 0.02472824074074074 0.015182291666666714 0.021123148148148148
4 0.9644296874999999 0.34744351851851857 0.01716145833333336 0.011735185185185218
1 0.9634401041666667 0.3533115740740741 0.020463541666666647 0.04459351851851852
4 0.8390104166666666 0.48181064814814817 0.010562499999999985 0.012908333333333362
4 0.6918072916666667 0.8508796296296297 0.013197916666666741 0.02112407407407404
4 0.660453125 0.8403180555555556 0.012541666666666628 0.023469444444444428
4 0.14722473958333335 0.5932944444444445 0.015842187499999986 0.015255555555555555
4 0.13699322916666665 0.5715842592592593 0.008581249999999999 0.011735185185185166
0 0.6261276041666667 0.4436717592592592 0.04026562499999997 0.07979907407407402
4 0.36571796875 0.5991615740740741 0.007921354166666698 0.01760277777777775
4 0.33733359374999994 0.6050291666666666 0.011881770833333328 0.01525648148148146
0 0.8390104166666666 0.4712490740740741 0.035645833333333245 0.05280740740740745
0 0.6749739583333334 0.8291699074074075 0.061385416666666734 0.08331944444444446
0 0.34723489583333333 0.5774518518518519 0.056768749999999986 0.1032685185185185
0 0.14821484375 0.578625 0.040266145833333336 0.06102222222222222
