3 0.4594520833333333 0.07518902976851852 0.08185208333333331 0.15020897750000003
4 0.8228359374999998 0.3280810185185185 0.01122395833333331 0.01290833333333331
1 0.8284479166666666 0.3339486111111111 0.025083333333333374 0.048113888888888914
4 0.8733333333333334 0.5751046296296297 0.010562499999999985 0.014081481481481454
4 0.8475911458333333 0.5739310185185186 0.018484374999999886 0.016428703703703647
4 0.8380182291666666 0.47476944444444447 0.01122395833333331 0.012909259259259266
0 0.555828125 0.40670601851851856 0.03960416666666665 0.0668898148148148
4 0.34063411458333337 0.5692370370370371 0.010561979166666664 0.016429629629629655
4 0.31158984375000004 0.5733444444444444 0.011881770833333328 0.017601851851851844
0 0.8380208333333333 0.46420787037037037 0.03234374999999995 0.05280833333333335
0 0.32446145833333334 0.5451800925925926 0.05874895833333333 0.09740092592592592
0 0.85353125 0.5451800925925926 0.05677083333333333 0.1044416666666667
