4 0.007283747395833333 0.6924555555555557 0.015842401041666666 0.016429629629629655
4 0.06273229166666666 0.7317685185185185 0.010561458333333336 0.015255555555555555
3 0.6865260416666668 0.08575074074074075 0.01584374999999992 0.02581703703703704
3 0.6165546874999999 0.07988328703703704 0.006598958333333253 0.011735092592592596
3 0.6251354166666667 0.1186087962962963 0.009239583333333337 0.014082407407407412
3 0.39773255208333336 0.15264074074074074 0.0165026041666667 0.023470370370370384
3 0.37297890625 0.1497074074074074 0.011881770833333328 0.019949999999999992
4 0.8703645833333332 0.5557416666666667 0.012541666666666748 0.015255555555555555
4 0.8637630208333335 0.5404861111111111 0.009901041666666662 0.012909259259259266
4 0.837359375 0.39673101851851855 0.01121874999999998 0.014082407407407412
1 0.8406588541666666 0.401425 0.019140625 0.035205555555555545
0 0.541634375 0.48239722222222226 0.04686666666666669 0.07979814814814816
0 0.073623671875 0.7135787037037037 0.054788072916666666 0.07041111111111109
0 0.008603932291666666 0.657250462962963 0.05544838541666667 0.1009212962962963
0 0.8713541666666667 0.5457666666666667 0.03564583333333336 0.04928703703703705
