4 0.5574765625 0.47711666666666663 0.023098958333333287 0.019949999999999992
1 0.5673776041666667 0.48885138888888885 0.0455468749999999 0.09505462962962963
4 0.29772760416666666 0.40201203703703703 0.025083333333333315 0.015255555555555555
4 0.2993778645833333 0.49061203703703704 0.020463020833333387 0.01642962962962955
4 0.35185572916666663 0.5017606481481481 0.009241666666666622 0.04811388888888896
4 0.3185205729166667 0.4483652777777778 0.009901562500000042 0.05163425925925925
4 0.27990494791666665 0.4466055555555556 0.007921354166666698 0.05046111111111116
4 0.24326927083333333 0.49882685185185194 0.008581249999999999 0.05398148148148149
4 0.5650677083333332 0.3298412037037038 0.010562499999999985 0.0164287037037037
4 0.5396536458333333 0.33629537037037033 0.019140625 0.019949999999999992
4 0.5799192708333334 0.34098935185185186 0.009901041666666662 0.01290833333333331
2 0.29706770833333335 0.46831527777777776 0.12145833333333335 0.1595972222222222
0 0.5462552083333333 0.31927962962962964 0.05082291666666663 0.07275740740740738
0 0.29607734374999994 0.6179375 0.0521473958333333 0.09036018518518524
0 0.5865208333333333 0.32984074074074077 0.04158333333333329 0.06102222222222222
4 0.29970781250000006 0.4477787037037037 0.009241666666666681 0.04342037037037038
4 0.7531979166666666 0.9001671296296296 0.014520833333333271 0.0352046296296297
4 0.7848802083333334 0.951212962962963 0.03432291666666672 0.024648148148148048
0 0.7845494791666667 0.8813907407407409 0.10099479166666658 0.2088851851851852
