4 0.2950872395833333 0.4301759259259259 0.026403645833333298 0.015255555555555555
4 0.2967375 0.5258171296296296 0.02310312499999997 0.021123148148148137
4 0.23303802083333333 0.5475273148148149 0.006601041666666655 0.04811388888888896
4 0.27462421875 0.4777032407407407 0.007921354166666698 0.0516342592592593
4 0.2993778645833333 0.4870912037037037 0.011221354166666645 0.04459351851851852
4 0.31819062499999995 0.4823976851851851 0.009241666666666681 0.06336944444444441
4 0.35515625 0.5481138888888889 0.006601041666666655 0.044592592592592566
2 0.29475703124999997 0.501173611111111 0.13928072916666667 0.18776203703703706
1 0.5396552083333332 0.4378037037037037 0.04818958333333339 0.10092222222222226
4 0.7297630208333333 0.33277500000000004 0.013859375000000066 0.019949999999999992
4 0.7096302083333333 0.3098912037037037 0.01584375000000004 0.0164287037037037
4 0.7030286458333334 0.32573379629629634 0.010557291666666658 0.0176027777777778
4 0.5198520833333333 0.8673087962962964 0.021785416666666654 0.0328583333333333
4 0.872015625 0.5070412037037036 0.01452083333333339 0.01642870370370375
4 0.8304270833333334 0.5011736111111111 0.010562499999999985 0.01877685185185185
0 0.28386562499999995 0.6883486111111112 0.06336979166666665 0.1020953703703704
0 0.7198593750000001 0.31751898148148144 0.058749999999999976 0.0880138888888889
0 0.8588125 0.4829842592592593 0.09109374999999993 0.13964814814814816
0 0.5020283854166666 0.834450462962963 0.09571406249999997 0.15959722222222222
