4 0.032367526041666664 0.391450462962963 0.023763593749999996 0.01760277777777775
4 0.061741927083333335 0.4295893518518519 0.019143229166666664 0.07275833333333334
4 0.03302763020833333 0.431349537037037 0.006600989583333335 0.059849074074074075
4 0.005633489583333333 0.4290023148148148 0.013862083333333332 0.0668898148148148
4 0.3696783854166667 0.45716666666666667 0.019802604166666644 0.015255555555555555
2 0.039628723958333334 0.4554064814814815 0.10693630208333334 0.1689851851851852
1 0.37759973958333337 0.46890185185185185 0.04620677083333333 0.09505370370370378
4 0.5901510416666668 0.5017601851851852 0.0066041666666667 0.012909259259259266
4 0.5640755208333333 0.509387962962963 0.015182291666666596 0.01408148148148156
4 0.5551666666666667 0.48357083333333334 0.009239583333333337 0.01642870370370375
4 0.31885078125 0.31693240740740747 0.010561979166666664 0.016429629629629603
4 0.5333828125 0.3961439814814815 0.009244791666666667 0.0176027777777778
4 0.5013684895833334 0.40494583333333334 0.013861979166666613 0.014082407407407412
4 0.9938046875 0.3838226851851852 0.015182291666666714 0.0164287037037037
4 0.37231875 0.8145009259259259 0.017162499999999997 0.03051111111111111
0 0.5683671874999999 0.49295925925925926 0.05280729166666672 0.08449259259259266
0 0.9938046875 0.34920416666666665 0.05610937500000001 0.10678981481481484
0 0.4010330729166667 0.7552384259259259 0.09703489583333329 0.17954722222222227
0 0.3254518229166667 0.3016768518518519 0.04620677083333333 0.07745185185185183
0 0.5149002604166667 0.38206203703703706 0.06997031249999998 0.11852407407407405
