4 0.28386562499999995 0.4031851851851852 0.02640416666666668 0.022296296296296335
4 0.2871658854166667 0.499413425925926 0.02112343749999995 0.02229722222222224
4 0.28650598958333334 0.4477787037037037 0.014522395833333352 0.06454259259259255
4 0.30696901041666663 0.4548199074074074 0.010561979166666664 0.057502777777777736
4 0.3442645833333334 0.5070407407407408 0.007261458333333278 0.06571666666666671
4 0.26340234375 0.45129907407407405 0.010561979166666634 0.05750185185185183
4 0.22346640625 0.5088013888888889 0.009901562499999983 0.05984907407407403
2 0.28320546875 0.47535601851851855 0.13598072916666668 0.18306759259259256
4 0.4416294270833333 0.40846620370370373 0.014522395833333352 0.01877685185185185
4 0.40565390625 0.3984912037037037 0.01782239583333336 0.019949074074074036
4 0.5941119791666667 0.3040240740740741 0.021119791666666644 0.018775925925925946
4 0.593453125 0.32103935185185184 0.01584375000000004 0.0176027777777778
4 0.8093046875 0.7247273148148149 0.017161458333333237 0.024643518518518526
4 0.8215182291666667 0.47476944444444447 0.009901041666666662 0.02464444444444443
4 0.8621145833333334 0.4812240740740741 0.01584375000000004 0.018775925925925894
4 0.424796875 0.6519694444444444 0.02178333333333337 0.022296296296296335
4 0.43403828124999994 0.6719194444444445 0.013861979166666613 0.026990740740740825
4 0.39575234374999996 0.676026388888889 0.019143229166666664 0.025817592592592524
4 0.8343880208333334 0.7229671296296296 0.009244791666666667 0.021123148148148137
0 0.42413671875 0.3750208333333333 0.07327135416666669 0.12556574074074073
0 0.41291510416666666 0.6496226851851852 0.07591145833333333 0.11383055555555557
0 0.84825 0.4606875 0.08713541666666665 0.12791203703703702
0 0.8139244791666668 0.7024305555555556 0.05413020833333337 0.11148333333333338
0 0.48552630208333336 0.7904439814814814 0.09439531250000002 0.14903611111111106
0 0.5934505208333334 0.3063708333333333 0.03828645833333333 0.06806388888888891
1 0.5267828125 0.41198657407407413 0.04752812499999995 0.0868398148148148
