4 0.021475885416666667 0.44953935185185184 0.020463125000000006 0.07510462962962958
2 0.010584192708333332 0.47476944444444447 0.08581286458333333 0.16546481481481481
1 0.22940729166666665 0.43897731481481483 0.046866666666666654 0.09388055555555563
4 0.24095885416666665 0.24182777777777778 0.006601041666666685 0.011735185185185218
4 0.24656979166666665 0.25180277777777776 0.008581249999999999 0.015255555555555555
4 0.28419557291666664 0.3316013888888889 0.009901562499999983 0.012908333333333362
4 0.5043388020833334 0.40905277777777777 0.00924114583333336 0.015255555555555555
4 0.47034374999999995 0.4143337962962963 0.012541666666666687 0.0164287037037037
4 0.6736536458333333 0.6144171296296297 0.01122395833333331 0.01760277777777775
4 0.6399895833333333 0.6167643518518519 0.012541666666666628 0.019949074074074143
4 0.9169010416666666 0.3949708333333333 0.019802083333333324 0.0176027777777778
4 0.8875260416666666 0.38558287037037037 0.008583333333333342 0.01994907407407409
4 0.5409739583333334 0.5363787037037037 0.01121874999999998 0.01642962962962955
4 0.52150078125 0.5158425925925926 0.010560937499999963 0.015255555555555555
4 0.5129200520833332 0.529337962962963 0.00924114583333336 0.01877592592592584
0 0.9132708333333334 0.36328611111111114 0.06666666666666667 0.11852407407407405
0 0.6548411458333334 0.578038425925926 0.08317187500000003 0.1419953703703703
0 0.5333841145833332 0.5176027777777777 0.05545052083333329 0.07979814814814816
0 0.4878369791666667 0.3937972222222223 0.069971875 0.11148333333333332
0 0.242609375 0.24593472222222226 0.028384375000000024 0.048113888888888914
0 0.2911268229166667 0.31693240740740747 0.04884739583333329 0.07275740740740744
