4 0.024776380208333334 0.401425 0.029704531250000003 0.016429629629629655
4 0.05712127604166667 0.4407379629629629 0.019142864583333342 0.06923703703703706
4 0.02708674479166667 0.4424981481481482 0.006600989583333331 0.05867592592592593
4 0.002663044270833333 0.430762962962963 0.006600994791666666 0.05398148148148149
2 0.03302755208333333 0.4683152777777778 0.11221677083333333 0.16898611111111111
1 0.2581216145833333 0.43076296296296296 0.04884739583333332 0.08918703703703704
4 0.3139 0.32632037037037037 0.013862499999999993 0.014081481481481454
4 0.5294244791666666 0.4061194444444445 0.00792187499999996 0.011735185185185218
4 0.4964177083333333 0.41316018518518516 0.010561458333333343 0.014081481481481507
4 0.7673880208333334 0.4102263888888889 0.011223958333333428 0.0176027777777778
4 0.738015625 0.40846620370370373 0.01452083333333339 0.021123148148148137
4 0.43832890625 0.7880967592592593 0.011881770833333387 0.03168425925925931
4 0.4515309895833333 0.8045259259259259 0.011881770833333328 0.01994999999999994
0 0.7495677083333334 0.38147546296296303 0.06270833333333325 0.11500462962962962
0 0.50995 0.3926236111111111 0.07063125000000003 0.118525
0 0.32017109374999997 0.31047777777777774 0.04224635416666664 0.07393148148148149
0 0.41390494791666665 0.7640402777777778 0.0897734375 0.18306759259259256
