3 0.6465885416666666 0.10394 0.01782291666666668 0.026990370370370366
3 0.6158958333333333 0.10217962962962963 0.009239583333333337 0.018775925925925918
3 0.5927916666666666 0.1297574074074074 0.010562499999999985 0.015255555555555555
3 0.5726588541666667 0.13914537037037036 0.015182291666666596 0.026990740740740746
3 0.46440286458333335 0.12623657407407407 0.009901562499999983 0.024643518518518516
3 0.35350598958333335 0.15674814814814816 0.013861979166666672 0.017601851851851872
3 0.37594921875 0.20544907407407406 0.020463020833333328 0.023470370370370357
4 0.9241614583333333 0.41140000000000004 0.011885416666666633 0.010561111111111117
1 0.9225130208333333 0.41492037037037044 0.02442187500000005 0.0504611111111111
4 0.850890625 0.5498740740740741 0.010562499999999985 0.01056111111111117
4 0.8409895833333332 0.5346185185185185 0.0066041666666667 0.01056111111111117
4 0.309609375 0.5404861111111111 0.011882291666666649 0.012909259259259266
4 0.29079661458333333 0.5346185185185186 0.005941145833333354 0.012909259259259266
4 0.7914817708333333 0.5874263888888889 0.010557291666666658 0.012908333333333258
4 0.7954427083333333 0.6015087962962963 0.013197916666666741 0.012908333333333362
4 0.7683776041666667 0.5927074074074075 0.011880208333333305 0.016429629629629655
4 0.8340598958333333 0.5428328703703704 0.005942708333333257 0.012908333333333362
0 0.30663880208333333 0.5170162037037038 0.04422656249999998 0.09036018518518518
0 0.7819114583333333 0.5692375 0.05479166666666657 0.09857499999999991
0 0.8492421875 0.539312962962963 0.036307291666666686 0.05750185185185183
0 0.5739817708333333 0.48767824074074073 0.04554687500000002 0.07158425925925924
