3 0.6693645833333334 0.042330925925925925 0.02112499999999997 0.0305112962962963
3 0.5518671875 0.03998388888888889 0.022442708333333408 0.058675555555555564
3 0.5967526041666666 0.1285837962962963 0.003963541666666614 0.005867592592592583
3 0.6139166666666667 0.23478657407407408 0.025083333333333256 0.0445935185185185
3 0.46671302083333327 0.2353736111111111 0.019803125000000026 0.029337962962962965
3 0.4878364583333333 0.11743564814814815 0.023763541666666655 0.03520462962962965
3 0.6766249999999999 0.9858333333333335 0.014520833333333271 0.025814814814814915
3 0.7327343749999999 0.9471111111111111 0.010562499999999985 0.018777777777777754
3 0.7634296875 0.960601851851852 0.009901041666666662 0.015259259259259276
3 0.7594661458333334 0.9911157407407409 0.01122395833333331 0.017601851851851844
3 0.4960875 0.9729212962962964 0.008581249999999999 0.014083333333333156
3 0.4657229166666667 0.9905277777777778 0.008581249999999999 0.016425925925925934
4 0.9786197916666667 0.3955574074074074 0.013864583333333276 0.011735185185185166
1 0.9809296875 0.39966481481481486 0.026401041666666694 0.05280740740740739
4 0.19376171875 0.6044421296296296 0.007260937499999986 0.014082407407407464
4 0.20069296875 0.617350925925926 0.005280729166666642 0.014081481481481454
4 0.18221015625 0.6279125000000001 0.011881770833333328 0.014082407407407358
4 0.8485807291666667 0.5123217592592593 0.008578125000000015 0.012908333333333362
4 0.8423098958333334 0.520536574074074 0.006598958333333253 0.012908333333333362
4 0.8617812499999999 0.5246439814814815 0.008583333333333224 0.009387962962962867
4 0.00596353125 0.7974847222222222 0.009241375 0.022297222222222135
4 0.016855182291666666 0.8098064814814815 0.009901510416666669 0.018775925925925946
4 0.6545130208333333 0.4782902777777778 0.009901041666666662 0.01290833333333331
4 0.4346981770833333 0.6719189814814815 0.013861979166666672 0.012908333333333362
4 0.4115947916666666 0.6654652777777778 0.008581249999999999 0.014082407407407464
4 0.8726744791666667 0.6496222222222223 0.009244791666666667 0.015255555555555555
4 0.8881875 0.6725060185185184 0.01782291666666668 0.014082407407407358
4 0.6611119791666666 0.8673087962962964 0.009901041666666662 0.014082407407407358
4 0.6581432291666667 0.8978203703703703 0.013203124999999953 0.018775925925925946
4 0.6904869791666666 0.9048611111111111 0.010557291666666658 0.01642962962962955
0 -0.00030742187499999867 0.8092199074074075 0.05082765625 0.08566574074074075
0 0.6508828124999999 0.46362129629629634 0.047526041666666664 0.0844925925925926
0 0.07395369791666666 0.5275773148148148 0.047526979166666664 0.06454351851851851
0 0.18320026041666668 0.6126569444444444 0.04026614583333332 0.06806388888888891
0 0.4251268229166667 0.6243921296296296 0.059408854166666636 0.13143240740740741
0 0.6723359375 0.8849115740740742 0.06139062499999994 0.07979907407407406
0 0.8555130208333334 0.5134953703703704 0.03828645833333333 0.05515555555555554
0 0.8878567708333333 0.6419949074074074 0.05545312500000001 0.11500462962962968
