4 0.3498755208333333 0.5504606481481481 0.014521874999999972 0.021123148148148137
4 0.3165403645833333 0.5510476851851852 0.0165026041666667 0.02229722222222224
4 0.35317604166666666 0.28348750000000006 0.014521874999999972 0.0176027777777778
4 0.15052526041666667 0.9001671296296296 0.021123437499999977 0.025817592592592524
4 0.11091927083333333 0.894299537037037 0.017162499999999997 0.03051203703703712
0 0.6231588541666667 0.3398157407407407 0.05280729166666672 0.09740185185185186
0 0.5429549479166667 0.3679800925925926 0.060069270833333376 0.09974907407407411
0 0.3525158854166667 0.2717518518518518 0.03432552083333332 0.05750185185185189
0 0.3363434895833334 0.5164291666666667 0.0811921875 0.1361268518518518
0 0.13831354166666668 0.8755222222222223 0.08383229166666667 0.11969629629629634
