4 0.31290989583333334 0.5176027777777777 0.021122916666666686 0.018775925925925946
4 0.30993932291666665 0.4237217592592593 0.024423437500000016 0.014082407407407412
4 0.3706684895833333 0.5316847222222223 0.007260937500000016 0.061023148148148125
4 0.333703125 0.47653009259259266 0.008581249999999999 0.05632870370370374
4 0.31323984374999997 0.4694888888888889 0.012542187500000008 0.06102222222222222
4 0.28947656250000003 0.4718356481481482 0.008581249999999999 0.058675000000000026
4 0.2482200520833333 0.5211231481481482 0.007921354166666669 0.05398148148148144
2 0.3086192708333333 0.4976532407407408 0.1353208333333333 0.187762037037037
1 0.5551666666666667 0.43428333333333335 0.04753125 0.1009222222222222
4 0.8815859375 0.35917870370370375 0.011223958333333428 0.018775925925925946
4 0.8901692708333333 0.37560787037037036 0.00990104166666678 0.021123148148148137
4 0.8617838541666667 0.3820625 0.015182291666666714 0.01760277777777775
4 0.3297421875 0.696562962962963 0.008581249999999999 0.017601851851851844
4 0.36142708333333334 0.7124055555555555 0.015182291666666655 0.016429629629629655
4 0.5360234374999999 0.8608546296296297 0.019807291666666713 0.022296296296296335
4 0.8462708333333334 0.49589259259259266 0.010562499999999985 0.022296296296296335
4 0.8888463541666667 0.5041074074074073 0.015182291666666714 0.015255555555555555
0 0.3561463541666666 0.6818939814814815 0.06666979166666664 0.10326944444444451
0 0.8687135416666666 0.3656328703703704 0.06733333333333331 0.09505462962962968
0 0.874984375 0.48357083333333334 0.08911458333333329 0.12908611111111107
0 0.5145695312499999 0.8256490740740742 0.09439218749999997 0.15372962962962966
