4 0.37000859375 0.381475462962963 0.02706406250000004 0.01877685185185185
4 0.37000859375 0.48767824074074073 0.023103645833333353 0.01760277777777775
4 0.43502838541666666 0.5146689814814814 0.007921354166666698 0.043419444444444476
4 0.39410208333333335 0.43956388888888887 0.010561458333333343 0.06219629629629632
4 0.37231875 0.44191111111111114 0.014521875000000031 0.045766666666666664
4 0.34591484375000003 0.43545694444444444 0.00924114583333336 0.06336944444444441
4 0.30135807291666666 0.5076277777777779 0.007260937500000016 0.04342037037037027
2 0.36901822916666666 0.4618611111111111 0.1491822916666667 0.20067037037037042
1 0.6409791666666667 0.39614444444444447 0.05677083333333333 0.1044425925925926
4 0.564078125 0.6772 0.016499999999999914 0.023470370370370332
4 0.5548359374999999 0.6484490740740741 0.021786458333333415 0.017601851851851844
4 0.5261231770833333 0.6748532407407407 0.014524479166666637 0.025817592592592628
4 0.43172760416666667 0.6730925925925927 0.01320208333333331 0.02699074074074072
4 0.4076341145833333 0.7065375 0.019143229166666664 0.021123148148148137
4 0.6122630208333334 0.873176388888889 0.020463541666666647 0.0328583333333333
4 0.971359375 0.4765296296296297 0.013864583333333276 0.023470370370370384
0 0.41258489583333335 0.6789601851851853 0.07525104166666666 0.12321851851851855
0 0.5462552083333333 0.65725 0.07855208333333336 0.11969814814814815
0 0.5898203125 0.8262361111111112 0.10231770833333335 0.16663888888888892
0 0.9885208333333333 0.46362129629629634 0.06798958333333331 0.14551481481481482
