4 0.29475729166666664 0.4272425925925926 0.02574375 0.018775925925925894
4 0.2954171875 0.5252300925925927 0.024423958333333336 0.01760277777777775
4 0.3558161458333333 0.5492870370370371 0.006601041666666655 0.042246296296296275
4 0.31753046875 0.4806375000000001 0.009241145833333301 0.05984907407407413
4 0.29772760416666666 0.4865046296296296 0.01320208333333337 0.043420370370370324
4 0.2739640625 0.4777032407407407 0.009241666666666681 0.056328703703703686
4 0.23303776041666666 0.5463537037037036 0.007921354166666669 0.045766666666666664
2 0.29376692708333335 0.4976532407407408 0.1399411458333333 0.187762037037037
1 0.5366841145833334 0.43780370370370375 0.047527604166666626 0.10796296296296298
4 0.6017057291666668 0.4202013888888889 0.015182291666666596 0.025817592592592628
4 0.577609375 0.40670601851851856 0.01584375000000004 0.01760277777777775
4 0.5729895833333333 0.4272425925925926 0.01584374999999992 0.018775925925925894
4 0.26901328125 0.7006703703703704 0.01782239583333333 0.016429629629629655
4 0.5195221354166666 0.8649615740740741 0.022445312500000016 0.037552777777777796
4 0.8730052083333334 0.5076277777777779 0.012541666666666628 0.015255555555555555
4 0.8294374999999999 0.5017601851851853 0.012541666666666628 0.01994999999999994
0 0.4987283854166667 0.8321032407407407 0.09307447916666671 0.16429166666666672
0 0.27330390625 0.6795467592592592 0.06336927083333332 0.08683981481481474
0 0.8588125 0.4841578703703704 0.08977083333333329 0.13730092592592597
0 0.588171875 0.4090532407407408 0.06072916666666662 0.09505462962962968
