3 0.4356885416666667 0.06873490740740741 0.017162499999999997 0.034031851851851855
3 0.45549140625 0.08164347222222222 0.018482812500000043 0.04576675925925926
3 0.31026953125 0.11156805555555556 0.019802604166666644 0.023469444444444452
4 0.30795911458333336 0.6261527777777777 0.020463020833333387 0.015255555555555555
4 0.3135697916666667 0.6437550925925926 0.019803125000000026 0.019949074074074143
4 0.27891484375 0.6343666666666666 0.0165026041666667 0.019950000000000048
4 0.38585078125 0.677787037037037 0.013861979166666672 0.019950000000000048
4 0.3577966145833333 0.6707458333333334 0.00924114583333336 0.019949074074074036
4 0.7188723958333334 0.4166810185185185 0.018484375000000004 0.014082407407407412
4 0.7020390624999999 0.401425 0.008578125000000015 0.014081481481481454
4 0.6954375 0.4102263888888889 0.007260416666666695 0.0176027777777778
4 0.6654036458333333 0.4812236111111111 0.011880208333333305 0.014082407407407464
4 0.9905026041666667 0.3134120370370371 0.019140625 0.016429629629629655
1 0.9888515625 0.3204532407407408 0.026401041666666694 0.056328703703703686
0 0.6555 0.4442583333333333 0.05148958333333328 0.1044425925925926
0 0.7159010416666667 0.38968981481481485 0.04951041666666664 0.08918703703703704
0 0.3746291666666667 0.6108967592592593 0.07063020833333333 0.19128240740740746
0 0.2954174479166667 0.6132435185185185 0.07063072916666663 0.1044425925925926
