4 0.10497838541666667 0.8373842592592593 0.022443229166666672 0.02933703703703701
4 0.7393359375 0.7329416666666667 0.01320312500000007 0.019950000000000048
4 0.6894973958333334 0.7388097222222222 0.019140625 0.024643518518518526
4 0.9885208333333333 0.3163458333333333 0.01121874999999998 0.012908333333333362
4 0.9733385416666667 0.3404027777777778 0.019145833333333327 0.018775925925925946
4 0.42248619791666664 0.6642912037037038 0.018482812500000043 0.025817592592592524
4 0.500378125 0.5580888888888889 0.017162499999999997 0.02229629629629623
4 0.5076393229166667 0.529337962962963 0.014522395833333352 0.01877592592592584
4 0.467703125 0.5545680555555557 0.011221875000000025 0.02229722222222224
1 0.10860911458333332 0.3879296296296296 0.05346822916666666 0.1044425925925926
0 0.08253505208333332 0.8027657407407408 0.12409864583333331 0.18541481481481475
0 0.9726796875 0.3245601851851852 0.05346354166666659 0.07862592592592593
0 0.7069895833333334 0.686587962962963 0.09505208333333333 0.18541481481481487
0 0.4924572916666667 0.5316847222222222 0.06997083333333336 0.09388055555555552
0 0.4261169270833333 0.6414078703703703 0.054788020833333326 0.1067898148148148
