4 0.36142734374999996 0.7875101851851852 0.0165026041666667 0.028164814814814823
4 0.6462604166666667 0.6613574074074074 0.017166666666666684 0.01994999999999994
4 0.2871661458333333 0.7000837962962964 0.01320208333333337 0.029337962962962913
4 0.13303255208333334 0.382062037037037 0.027064062499999996 0.022296296296296283
1 0.37528906250000005 0.39379722222222224 0.045546874999999966 0.09505370370370372
4 0.16273723958333336 0.42430879629629636 0.01782239583333333 0.07862500000000003
4 0.13369270833333333 0.4248953703703704 0.008581249999999999 0.06337037037037042
4 0.10530859375 0.4219615740740741 0.013861979166666672 0.069237962962963
2 0.13633307291666666 0.4542328703703704 0.11815781249999999 0.17837314814814817
0 0.34162421875 0.7564120370370371 0.09571406249999997 0.15842407407407413
0 0.6505494791666667 0.6419949074074074 0.054786458333333364 0.10561574074074069
0 0.30663906249999995 0.6818939814814815 0.06931041666666668 0.10326944444444451
