3 0.43370807291666663 0.07694949074074074 0.015842187500000014 0.02229675925925926
3 0.4492203125 0.09044481481481481 0.01782291666666668 0.03989925925925926
3 0.29706744791666667 0.12447685185185185 0.01716302083333332 0.023470370370370384
3 0.5244713541666667 0.01123287037037037 0.009901041666666662 0.01994962962962963
4 0.3139 0.6290861111111111 0.005940624999999974 0.018775925925925946
4 0.26769296875 0.6220449074074074 0.011221354166666704 0.016428703703703647
4 0.28485546875 0.6408208333333334 0.023103645833333294 0.021123148148148245
4 0.36835833333333334 0.6795472222222223 0.014521874999999972 0.01877592592592584
4 0.33964401041666664 0.6748532407407407 0.009901562499999983 0.021123148148148245
4 0.7284427083333334 0.43135 0.016500000000000032 0.015255555555555555
4 0.7089713541666666 0.4166810185185185 0.011880208333333423 0.014082407407407412
4 0.7020390624999999 0.42665555555555557 0.01122395833333331 0.017601851851851844
4 0.6482395833333333 0.4870912037037037 0.010562499999999985 0.014082407407407464
0 0.6389973958333334 0.45481990740740746 0.047526041666666664 0.09740092592592596
0 0.7188697916666666 0.40259861111111117 0.05677083333333333 0.09622870370370368
0 0.3561463541666666 0.6296726851851852 0.07327083333333331 0.16311759259259262
0 0.2868359375 0.618524537037037 0.06270937500000003 0.09153425925925923
