4 0.38816119791666664 0.44953888888888893 0.025083854166666697 0.018775925925925946
1 0.39542239583333333 0.4577532407407408 0.046207291666666706 0.09857500000000007
4 0.05184057291666667 0.38088888888888894 0.028384479166666664 0.015255555555555555
4 0.08154505208333335 0.4184407407407408 0.020463020833333342 0.07393148148148149
4 0.052830729166666666 0.41844120370370375 0.009241666666666667 0.059849074074074075
4 0.025106432291666664 0.41785462962962966 0.014522239583333332 0.06571666666666666
2 0.05844147395833333 0.4442578703703704 0.11419726041666665 0.16781203703703707
4 0.5439453125 0.4043587962962963 0.009244791666666667 0.01994907407407409
4 0.5142403645833333 0.4149203703703704 0.015842187499999955 0.015255555555555555
4 0.5875130208333333 0.5058675925925926 0.01320312500000007 0.01642962962962955
4 0.6073124999999999 0.5240569444444444 0.01584375000000004 0.01760277777777775
4 0.5779401041666666 0.5217097222222222 0.011223958333333428 0.01760277777777775
4 0.5611067708333334 0.8233023148148149 0.0145260416666666 0.03637870370370369
4 0.33469322916666666 0.3063708333333333 0.01320208333333331 0.014082407407407412
0 0.5248007812500001 0.39321064814814816 0.06336718750000003 0.11500462962962962
0 0.5320635416666666 0.7681472222222222 0.09769583333333329 0.19128148148148144
0 0.5970833333333334 0.5064541666666666 0.06270833333333325 0.07627870370370368
0 0.3452546875 0.29228842592592597 0.0514875 0.07510462962962963
