1 0.4495505208333333 0.41198657407407413 0.04356666666666668 0.09153425925925929
4 0.218515625 0.4096398148148148 0.02640416666666668 0.018775925925925946
4 0.22247604166666665 0.5017601851851853 0.019803125000000026 0.022296296296296335
4 0.24095885416666665 0.45716712962962963 0.01320208333333334 0.0528083333333333
4 0.27561432291666665 0.4982398148148148 0.009901562499999983 0.07627777777777778
4 0.22148619791666668 0.45247268518518524 0.016502604166666667 0.06688981481481486
4 0.19937291666666665 0.4565800925925926 0.010561458333333343 0.0516342592592593
4 0.16042682291666666 0.5070412037037036 0.007921354166666669 0.06336944444444441
2 0.218515625 0.48239722222222226 0.12937916666666668 0.1736796296296296
4 0.5521953125000001 0.3057842592592593 0.01122395833333331 0.015255555555555555
4 0.5238125 0.3251467592592593 0.008583333333333342 0.0164287037037037
4 0.5079692708333333 0.3110648148148148 0.016502083333333376 0.011735185185185166
4 0.5030184895833333 0.3245601851851852 0.014522395833333293 0.019949999999999992
4 0.7119401041666666 0.697149537037037 0.019140625 0.021123148148148137
4 0.8452786458333333 0.4430847222222222 0.015182291666666714 0.019949074074074036
4 0.88290625 0.4407375 0.012541666666666628 0.0176027777777778
4 0.5743072916666667 0.745263425925926 0.010562499999999985 0.025817592592592628
4 0.5442734375 0.7294212962962963 0.0257447916666667 0.019950000000000048
4 0.5383333333333333 0.755825 0.01782291666666668 0.023470370370370437
4 0.7287734374999999 0.4964796296296297 0.011880208333333423 0.016429629629629655
4 0.7198619791666666 0.5170157407407407 0.020463541666666647 0.01994999999999994
4 0.6924661458333333 0.5123217592592593 0.011880208333333305 0.022297222222222135
4 0.4320578125 0.8109805555555556 0.013862499999999993 0.03051111111111111
0 0.40994453124999997 0.776361574074074 0.07921197916666665 0.14434166666666667
0 0.5112690104166666 0.31575879629629633 0.04554531249999994 0.06806388888888891
0 0.7145807291666666 0.5029333333333333 0.06139062500000006 0.08097222222222226
0 0.7175494791666668 0.676613425925926 0.05280729166666672 0.09974907407407402
0 0.5525270833333333 0.7317680555555557 0.07789375000000008 0.1020953703703704
0 0.8644244791666666 0.4190277777777778 0.07986979166666662 0.12908703703703697
0 0.5347044270833333 0.2793800925925926 0.05280989583333332 0.10326944444444443
4 0.7350442708333332 0.6936291666666667 0.008578125000000015 0.01877685185185185
