3 0.6281067708333334 0.054065981481481486 0.08647395833333332 0.11265692592592592
3 0.37264895833333334 0.06638774074074075 0.08383229166666671 0.13730044444444445
4 0.9598072916666666 0.3621125 0.014520833333333271 0.012908333333333362
1 0.9561770833333334 0.3650462962962963 0.025739583333333253 0.056327777777777734
4 0.6861953125 0.37795509259259263 0.008578125000000015 0.009387962962962973
4 0.6640807291666667 0.3791282407407407 0.00792187500000002 0.014082407407407412
4 0.8772968749999999 0.39379722222222224 0.005281250000000052 0.015255555555555555
4 0.8574921875 0.38616944444444445 0.013203124999999953 0.009388888888888877
4 0.8545208333333333 0.39790462962962964 0.013864583333333395 0.014081481481481507
0 0.8644244791666668 0.37032731481481485 0.04950520833333331 0.08331944444444446
0 0.6766249999999999 0.3679800925925926 0.046208333333333344 0.08331944444444446
