4 0.3568065104166667 0.7816425925925926 0.019143229166666664 0.025816666666666724
4 0.6416380208333334 0.657250462962963 0.01716145833333336 0.021123148148148137
4 0.4521908854166667 0.7834027777777779 0.014522395833333352 0.02464444444444443
4 0.41852578125 0.7611060185185186 0.00924114583333336 0.024643518518518526
4 0.3554861979166667 0.41844120370370375 0.01254218749999995 0.029337962962962965
4 0.12841197916666666 0.3785416666666667 0.02838437500000001 0.022296296296296283
1 0.3746291666666667 0.4383902777777778 0.05346770833333334 0.10209537037037035
4 0.15778645833333332 0.42137500000000006 0.01848229166666666 0.07745185185185183
4 0.1287421875 0.42137500000000006 0.009241666666666681 0.06571666666666666
4 0.1003578125 0.4184407407407408 0.013202083333333324 0.069237037037037
2 0.13402291666666666 0.4512990740740741 0.11881770833333334 0.17720000000000002
0 0.44625 0.7487842592592593 0.07129062500000002 0.11030925925925927
0 0.34228411458333335 0.7440902777777779 0.10495572916666666 0.15255648148148157
0 0.6465911458333333 0.6349537037037037 0.052151041666666606 0.0985740740740741
