4 0.45450130208333334 0.4741828703703703 0.007260937500000016 0.025817592592592576
4 0.42479661458333334 0.47653009259259255 0.027064062499999982 0.014082407407407358
4 0.42347656250000004 0.4982398148148149 0.028384374999999965 0.02464444444444443
4 0.6383385416666667 0.7523046296296297 0.014520833333333271 0.018775925925925946
4 0.5848697916666666 0.7628662037037038 0.019802083333333324 0.021123148148148137
4 0.6489010416666666 0.37208703703703705 0.014520833333333271 0.018775925925925946
4 0.6591302083333334 0.3896902777777778 0.012541666666666628 0.021123148148148137
4 0.6215078125 0.3902768518518519 0.02442187500000005 0.019949999999999992
4 0.3908015625 0.43839074074074075 0.010561458333333284 0.022296296296296283
4 0.35317604166666666 0.45775324074074075 0.017162499999999997 0.021123148148148137
4 0.9776302083333334 0.9594305555555556 0.02772916666666667 0.029342592592592538
4 0.5885026041666667 0.4630342592592593 0.01650520833333336 0.019950000000000048
4 0.5634166666666667 0.4442583333333333 0.021781250000000085 0.019949999999999992
4 0.5554973958333334 0.46303472222222225 0.01650520833333336 0.024643518518518526
1 0.005633489583333334 0.460100462962963 0.056108437500000004 0.12439166666666669
0 0.9944635416666666 0.9758606481481481 0.0891145833333334 0.12322314814814816
0 0.6304166666666667 0.34626990740740743 0.08185416666666671 0.14551574074074078
0 0.5723307291666666 0.44484490740740745 0.07260937499999992 0.09388055555555558
0 0.6063255208333334 0.7018435185185186 0.11551562499999998 0.19715000000000002
0 0.42413671875 0.460100462962963 0.07195052083333332 0.13612685185185192
0 0.36010703125000004 0.43193611111111113 0.0811921875 0.13847407407407414
