4 0.35515625000000006 0.42782870370370374 0.025083333333333315 0.015255555555555555
4 0.3746291666666667 0.4724226851851852 0.009901041666666662 0.05515462962962964
4 0.35647630208333336 0.5140824074074075 0.018482812499999984 0.01877592592592584
2 0.3538359375 0.49061203703703704 0.11881770833333333 0.16194444444444447
4 0.3624171875 0.6513828703703705 0.019803124999999967 0.023469444444444428
0 0.6040130208333333 0.3468569444444445 0.04884895833333332 0.07393055555555558
0 0.3597770833333333 0.6267393518518519 0.056768749999999986 0.09153425925925923
4 0.40565390625 0.540486111111111 0.005941145833333295 0.015255555555555555
4 0.30003776041666663 0.5369657407407408 0.007260937500000016 0.015255555555555555
1 0.6208463541666667 0.5158425925925926 0.04554687500000002 0.09740185185185186
4 0.6119348958333333 0.5064541666666666 0.022442708333333408 0.02229722222222224
4 0.6211770833333332 0.35624490740740744 0.009239583333333337 0.0176027777777778
4 0.5967526041666666 0.3650462962962963 0.019807291666666654 0.018775925925925946
4 0.3356833333333333 0.470075462962963 0.009901041666666721 0.0528083333333333
4 0.35515625 0.4859180555555556 0.010561458333333343 0.01642870370370375
4 0.6743151041666666 0.795137962962963 0.020463541666666647 0.02464444444444443
4 0.44988046875 0.7135787037037037 0.01782239583333336 0.023470370370370437
4 0.4165455729166666 0.6994967592592592 0.00924114583333336 0.021123148148148245
4 0.43634843749999996 0.4096398148148148 0.01320208333333331 0.018775925925925946
4 0.4053239583333333 0.401425 0.010561458333333343 0.016429629629629655
4 0.2927768229166666 0.5316847222222223 0.011221354166666645 0.01877685185185185
0 0.42215624999999996 0.3803018518518519 0.06270937499999996 0.10796296296296298
0 0.4393190104166667 0.6860013888888888 0.07063072916666666 0.09740092592592592
0 0.6710130208333334 0.7464375 0.08251562499999991 0.1760268518518519
0 0.2871661458333333 0.5134953703703704 0.05016770833333333 0.07393148148148149
