4 0.27924479166666666 0.40494583333333334 0.027723958333333312 0.021123148148148137
4 0.2835354166666667 0.5017601851851853 0.020463541666666647 0.022296296296296335
4 0.2587817708333333 0.4524726851851852 0.010561458333333343 0.05280833333333335
4 0.28155520833333336 0.45012592592592593 0.012541666666666628 0.06689074074074071
4 0.30168802083333335 0.45775370370370366 0.010561458333333343 0.05163518518518515
4 0.21884583333333332 0.5058675925925926 0.011221874999999996 0.06806296296296295
4 0.34096406250000005 0.5076277777777779 0.008581249999999999 0.06689074074074082
2 0.27858489583333335 0.4782898148148148 0.1346604166666667 0.1772
4 0.585203125 0.30519722222222223 0.01782291666666668 0.014081481481481454
4 0.6010442708333333 0.32103935185185184 0.008578125000000015 0.0176027777777778
4 0.5795911458333334 0.31927962962962964 0.013203124999999953 0.018775925925925946
4 0.8046848958333332 0.7247273148148149 0.01716145833333336 0.02229722222222224
4 0.8221770833333333 0.47007546296296293 0.01121874999999998 0.019949074074074036
4 0.861453125 0.48005046296296305 0.017166666666666684 0.021123148148148137
4 0.32380156250000003 0.6631180555555556 0.01914270833333334 0.01877685185185185
4 0.29112656249999996 0.6507958333333334 0.010561458333333343 0.024643518518518526
4 0.500378125 0.835037037037037 0.015842708333333278 0.02699074074074072
0 0.48123541666666664 0.7904439814814814 0.08713333333333335 0.15138240740740747
0 0.3172005208333334 0.6402347222222223 0.07063020833333333 0.1067898148148148
0 0.5904817708333333 0.3093046296296296 0.046869791666666674 0.07393148148148149
0 0.8522109374999999 0.4548199074074074 0.08449479166666655 0.1373009259259259
0 0.8102942708333334 0.7041907407407407 0.05610937500000001 0.11030925925925927
4 0.8307578124999999 0.7247273148148149 0.009901041666666662 0.01760277777777775
1 0.52348203125 0.41140000000000004 0.048848437499999994 0.08801296296296295
