3 0.6053333333333333 0.16672314814814815 0.1016562499999999 0.05398148148148149
3 0.45516119791666665 0.047611532407407404 0.09043385416666669 0.09740100925925926
3 0.5132502604166667 0.07225551388888889 0.11419739583333328 0.1466889722222222
4 0.9162395833333333 0.3368824074074074 0.01584375000000004 0.011735185185185218
1 0.9132708333333334 0.3439231481481482 0.02310416666666673 0.04928703703703705
4 0.8505625 0.5727578703703705 0.012541666666666628 0.01642870370370375
4 0.8234947916666667 0.568650462962963 0.01782291666666668 0.017602777777777853
4 0.7159010416666667 0.4694888888888889 0.007260416666666695 0.016429629629629603
4 0.69246875 0.47124907407407407 0.010562499999999985 0.012909259259259214
4 0.8436302083333334 0.4753564814814815 0.011885416666666752 0.011735185185185166
4 0.6944479166666667 0.8555736111111113 0.009239583333333337 0.021123148148148137
4 0.6591328124999999 0.8279962962962963 0.01122395833333331 0.019950000000000048
4 0.6644140625 0.8602675925925926 0.01650520833333336 0.023470370370370437
4 0.160096875 0.5797986111111111 0.008581249999999999 0.016428703703703647
4 0.13501302083333333 0.5663032407407407 0.009901041666666676 0.012908333333333362
4 0.1373234375 0.5891865740740742 0.013202083333333324 0.016428703703703647
0 0.6713463541666668 0.8432518518518519 0.06336979166666659 0.09270740740740743
0 0.7030286458333334 0.4565800925925926 0.05148437499999995 0.0868398148148148
0 0.8432994791666667 0.46186064814814815 0.03498437500000004 0.05515462962962959
0 0.8314192708333333 0.5422462962962963 0.06139062499999994 0.1032685185185185
0 0.14425442708333333 0.5756916666666666 0.05082760416666665 0.06219629629629632
