3 0.6238151041666666 0.08985828703703704 0.011880208333333423 0.01995009259259259
3 0.569359375 0.15850833333333333 0.013864583333333395 0.025816666666666672
3 0.46803333333333336 0.11567546296296295 0.010561458333333343 0.022297222222222225
3 0.3917919270833333 0.135625 0.009901562499999983 0.015255555555555555
3 0.4036734375 0.17259074074074074 0.011221875000000025 0.018775925925925946
4 0.9390156249999999 0.38616944444444445 0.012541666666666748 0.011735185185185166
1 0.9433046875 0.3943842592592593 0.023765625000000058 0.04694074074074077
4 0.9947916666666666 0.3703268518518518 0.010562500000000105 0.03403148148148145
2 1.0060130208333333 0.3791287037037037 0.05413020833333337 0.08449259259259255
4 0.7555078124999999 0.7182731481481481 0.01122395833333331 0.018775925925925946
4 0.7753098958333333 0.7446773148148148 0.019140625 0.01760277777777775
4 0.7482447916666667 0.7288347222222222 0.008583333333333224 0.025817592592592524
4 0.72184375 0.49354583333333335 0.012541666666666628 0.012908333333333362
4 0.028406927083333335 0.7593458333333333 0.010561562500000003 0.023469444444444532
4 0.03962861979166667 0.7699074074074075 0.009241406249999999 0.021124074074074146
4 0.014544843750000001 0.7910305555555556 0.0184828125 0.018775925925925946
0 0.5462552083333333 0.4389777777777778 0.04158333333333335 0.07275740740740738
4 0.30531874999999997 0.5246439814814815 0.009901041666666662 0.014082407407407464
4 0.2884861979166667 0.5199495370370371 0.006600520833333334 0.014082407407407358
0 0.7221718750000001 0.48533101851851856 0.03036458333333331 0.048113888888888914
0 0.7713489583333332 0.7047773148148149 0.05742708333333333 0.11383055555555557
0 0.30036796875 0.5029337962962963 0.042246354166666694 0.0833194444444444
0 0.020815781250000002 0.7728412037037037 0.05214791666666666 0.07393055555555558
