3 0.40202343749999997 0.12036944444444445 0.01320208333333331 0.019949999999999992
3 0.4389890625 0.07694949074074074 0.010561458333333343 0.01525564814814815
3 0.5465859375 0.13445138888888888 0.013203124999999953 0.02229722222222221
3 0.5498854166666668 0.05171902777777778 0.010562499999999985 0.018776203703703705
3 0.5888307291666667 0.0528925462962963 0.009244791666666667 0.014082129629629637
3 0.6370182291666667 0.028248796296296296 0.013203124999999953 0.021123148148148148
3 0.6584713541666666 0.0816437037037037 0.013859374999999948 0.024644074074074075
4 0.6538515625 0.46303472222222225 0.008578125000000015 0.01290833333333331
4 0.8446197916666667 0.48181064814814817 0.012541666666666628 0.012908333333333362
4 0.6617708333333333 0.8291694444444444 0.012541666666666748 0.01994999999999994
4 0.6970885416666666 0.8590939814814815 0.009239583333333337 0.021123148148148137
4 0.6673828125 0.8626143518518518 0.01583854166666659 0.021123148148148137
4 0.16075677083333334 0.5868398148148148 0.008581249999999999 0.016429629629629655
4 0.14359427083333334 0.5768648148148149 0.019142708333333314 0.012909259259259266
4 0.13996380208333334 0.5921203703703704 0.01320156249999999 0.015255555555555555
0 0.14854505208333332 0.5774518518518519 0.047527604166666675 0.06102222222222222
0 0.6436197916666666 0.4436717592592592 0.046208333333333226 0.07979907407407402
0 0.8442890624999999 0.47007546296296293 0.03432812500000004 0.05046018518518515
0 0.6753046875000001 0.8450120370370371 0.0633697916666667 0.09153333333333344
