4 0.5531848958333333 0.47653009259259255 0.023765625000000058 0.021123148148148137
1 0.564078125 0.49237222222222227 0.04951041666666664 0.09740185185185186
4 0.29310703125 0.40259861111111117 0.025083854166666697 0.014082407407407412
4 0.34690494791666665 0.4982398148148149 0.007260937500000016 0.055155555555555597
4 0.31290989583333334 0.4477787037037037 0.010561458333333343 0.05280740740740739
4 0.2950872395833333 0.4424981481481482 0.015842187499999955 0.06102222222222222
4 0.2742940104166667 0.44953888888888893 0.009901562499999983 0.05398148148148155
4 0.23864869791666668 0.49882638888888897 0.009901562500000013 0.058675000000000026
4 0.2954171875 0.49061203703703704 0.01914270833333334 0.018775925925925946
2 0.2924466145833334 0.4683148148148148 0.12013802083333334 0.16194444444444447
4 0.75715625 0.893125925925926 0.01584375000000004 0.0352055555555555
4 0.7442838541666668 0.9036875000000001 0.01122395833333331 0.025817592592592524
4 0.786859375 0.9453472222222222 0.03564583333333336 0.02699074074074072
4 0.5607786458333334 0.32984074074074077 0.01122395833333331 0.018775925925925946
4 0.5350338541666666 0.33746898148148147 0.016505208333333302 0.01760277777777775
4 0.5756302083333333 0.3415763888888889 0.009239583333333337 0.014082407407407412
0 0.5792604166666666 0.32632037037037037 0.037625000000000006 0.05867592592592593
0 1.0126171874999998 0.803938888888889 0.05280729166666672 0.1736796296296297
0 0.7832291666666668 0.8755254629629629 0.09439583333333333 0.20654166666666662
0 0.54229375 0.3204527777777778 0.04950625000000001 0.07275740740740738
0 0.2881559895833333 0.618524537037037 0.05742864583333332 0.09622870370370373
