4 0.08352526041666666 0.6449287037037037 0.008581770833333335 0.015255555555555555
4 0.055471015624999995 0.6625310185185186 0.015842343749999998 0.012908333333333362
4 0.0300571875 0.7998319444444445 0.01386208333333333 0.024643518518518526
4 0.005303434895833333 0.8045259259259259 0.011881776041666665 0.01994999999999994
3 0.6835546874999999 0.08751125 0.01650520833333336 0.024644166666666658
3 0.6479114583333333 0.0863374537037037 0.007260416666666695 0.012908425925925933
3 0.6284375 0.11684907407407408 0.009239583333333337 0.015255555555555555
3 0.5769505208333333 0.11039444444444445 0.011880208333333423 0.018775925925925932
3 0.4360184895833334 0.13151759259259257 0.012542187500000008 0.02816481481481481
3 0.3818903645833333 0.1409060185185185 0.011221354166666645 0.016428703703703727
3 0.4076341145833333 0.1808050925925926 0.013861979166666672 0.023469444444444452
3 0.37726953125 0.20192870370370372 0.0165026041666667 0.03051111111111111
4 0.8858776041666666 0.5627824074074075 0.011880208333333305 0.015255555555555555
4 0.8772942708333333 0.5475273148148149 0.00792187500000002 0.012908333333333258
4 0.9528776041666667 0.41961435185185186 0.016505208333333243 0.01056203703703702
1 0.9508958333333334 0.42724212962962965 0.021781250000000085 0.03989907407407408
0 0.5515364583333333 0.4753564814814815 0.04818749999999999 0.07275740740740738
0 0.014214765624999999 0.7910305555555556 0.05214786458333333 0.07275740740740738
0 0.6772864583333332 0.5269907407407407 0.0448854166666667 0.07510555555555559
0 0.059431640625 0.6284995370370371 0.05808880208333333 0.1020953703703703
0 0.8865364583333334 0.5522212962962963 0.03696875000000001 0.05280740740740734
