4 0.21059453125 0.3838226851851852 0.027724479166666663 0.0164287037037037
4 0.21455494791666668 0.4865046296296296 0.02640364583333333 0.022296296296296335
4 0.14392421875 0.4988268518518518 0.011881770833333328 0.06571666666666671
4 0.18980130208333332 0.44015092592592586 0.00858177083333332 0.06806296296296295
4 0.21521510416666664 0.4360435185185186 0.014521875000000002 0.06923703703703706
4 0.2376583333333333 0.4436717592592593 0.01320208333333334 0.06336944444444441
4 0.27891484375 0.49882638888888886 0.009901562500000042 0.06806388888888885
2 0.21059427083333335 0.46303472222222225 0.15182291666666667 0.19832314814814817
1 0.4766145833333333 0.38675601851851854 0.04620729166666664 0.10209537037037035
4 0.8198645833333332 0.2987425925925926 0.014520833333333271 0.015255555555555555
4 0.8297682291666666 0.31517222222222224 0.010557291666666658 0.015255555555555555
4 0.8007239583333332 0.3245601851851852 0.017166666666666566 0.017601851851851844
4 0.5601171875 0.7106453703703705 0.015182291666666714 0.015255555555555555
4 0.5449348958333333 0.7288342592592594 0.012546874999999957 0.023470370370370437
4 0.5865208333333333 0.7393958333333333 0.01782291666666668 0.021123148148148137
4 0.8264661458333333 0.45188611111111116 0.01716145833333336 0.018775925925925894
4 0.7825729166666666 0.44836574074074076 0.012541666666666628 0.018775925925925946
0 0.43403828124999994 0.8051125000000001 0.09703489583333329 0.16429166666666672
0 0.8119427083333334 0.43076296296296296 0.09109375000000004 0.1384740740740741
0 0.8060052083333334 0.30402361111111115 0.06601041666666667 0.09388055555555558
0 0.5743098958333333 0.7153393518518518 0.08317187499999996 0.1067898148148148
