4 0.2729739583333333 0.470662037037037 0.011221875000000025 0.018775925925925894
4 0.25548125 0.48709166666666665 0.023763541666666655 0.018775925925925946
4 0.417865625 0.5592625 0.017162499999999997 0.01760277777777775
4 0.38552083333333337 0.5492875 0.009241666666666681 0.01877685185185185
4 0.47562447916666667 0.4389777777777778 0.016502083333333376 0.018775925925925946
4 0.9805989583333333 0.5099750000000001 0.017822916666666563 0.019950000000000048
4 0.9406640625 0.5064541666666666 0.026401041666666694 0.02229722222222224
4 0.6248072916666667 0.3943837962962963 0.008583333333333224 0.014082407407407412
4 0.6158958333333333 0.40494583333333334 0.006604166666666581 0.0164287037037037
4 0.6376796875 0.41140000000000004 0.013203124999999953 0.015255555555555555
0 0.409284375 0.5211231481481482 0.06997083333333336 0.1337796296296296
0 0.25317083333333334 0.46772870370370373 0.06799062500000001 0.09974814814814811
0 0.4785947916666667 0.4178541666666667 0.06468958333333337 0.11735092592592596
0 0.9555182291666665 0.47242222222222224 0.08515104166666668 0.12791296296296298
0 0.6323984374999999 0.3949708333333333 0.047526041666666664 0.06688981481481486
