4 0.5601171875 0.47535601851851855 0.021786458333333297 0.02112314814814819
1 0.5703489583333334 0.4911986111111111 0.04753125 0.09505462962962957
4 0.30135807291666666 0.40259861111111117 0.024423437500000016 0.0164287037037037
4 0.35416614583333333 0.5035203703703703 0.008581249999999999 0.04694074074074077
4 0.32083098958333334 0.4477787037037037 0.009241145833333301 0.05280740740740739
4 0.3026783854166667 0.4430847222222223 0.013861979166666672 0.057502777777777785
4 0.28287526041666666 0.4471921296296296 0.009901562499999983 0.0516342592592593
4 0.24656979166666665 0.5011736111111111 0.008581249999999999 0.04928796296296296
4 0.3023484375 0.4894384259259259 0.019803124999999967 0.01877685185185185
2 0.2993778645833334 0.46714166666666673 0.11947760416666665 0.15959814814814818
4 0.8545208333333333 0.9922916666666669 0.021781249999999967 0.017601851851851844
4 0.8601328125 0.950037037037037 0.01583854166666671 0.02229629629629623
4 0.5683697916666667 0.32925416666666674 0.010562499999999985 0.0176027777777778
4 0.5426249999999999 0.3368819444444444 0.019802083333333265 0.01877685185185185
4 0.5835520833333334 0.342162962962963 0.009239583333333337 0.012909259259259266
0 0.6086328125 0.3245601851851852 0.047526041666666664 0.0833185185185185
0 0.5852005208333333 0.33101435185185185 0.03366145833333339 0.05163425925925925
0 0.8832369791666667 0.941238888888889 0.11749479166666663 0.19480000000000003
0 0.29772760416666666 0.6161777777777778 0.055447916666666625 0.09622777777777772
0 0.5495546875 0.3163453703703704 0.05215104166666666 0.07393148148148149
