4 0.789171875 0.7247273148148149 0.01782291666666668 0.02229722222222224
4 0.9139296874999999 0.51995 0.0257447916666667 0.01877592592592584
4 0.9106302083333332 0.5416597222222223 0.01782291666666668 0.019949074074074036
4 0.333703125 0.7294212962962963 0.012541666666666687 0.02464444444444443
4 0.29772760416666666 0.7247273148148149 0.010561458333333284 0.029337962962962913
4 0.5525260416666666 0.4847444444444445 0.02772916666666667 0.023470370370370332
4 0.25284088541666666 0.4002518518518519 0.029044270833333326 0.023470370370370384
1 0.5647395833333334 0.4964796296296296 0.053468750000000044 0.09622777777777772
4 0.28155520833333336 0.44660555555555553 0.01782291666666668 0.08097222222222221
4 0.25251067708333336 0.4436712962962963 0.007260937499999986 0.06571666666666671
4 0.22445651041666667 0.4407379629629629 0.01320156249999999 0.06923703703703706
2 0.25383098958333333 0.4753564814814815 0.1207984375 0.1854148148148148
0 0.45879166666666665 0.7992449074074074 0.0976947916666667 0.15959722222222222
0 0.7957734375 0.7024305555555556 0.057432291666666656 0.10678888888888899
0 0.9145911458333332 0.5217101851851852 0.0627135416666667 0.09270740740740743
0 0.32413151041666666 0.7041907407407407 0.08185260416666662 0.11030925925925927
