3 0.3960822916666667 0.12741064814814815 0.01320208333333337 0.017602777777777773
3 0.43931875 0.08340375000000001 0.008581249999999999 0.014082129629629637
3 0.46209244791666665 0.07694944444444445 0.011881770833333328 0.024643703703703706
3 0.5452630208333333 0.14383981481481484 0.013203124999999953 0.019949999999999992
3 0.6974192708333333 0.08868467592592592 0.01122395833333331 0.01760287037037037
3 0.5416354166666667 0.05465277777777778 0.012541666666666628 0.019949629629629623
3 0.6356979166666666 0.03528986111111111 0.01452083333333339 0.023470277777777777
3 0.5885 0.0616938425925926 0.008583333333333342 0.01525564814814815
4 0.8248177083333333 0.33864212962962964 0.012541666666666748 0.012908333333333362
1 0.8294374999999999 0.34568333333333334 0.02310416666666673 0.045766666666666664
4 0.8459427083333333 0.4882648148148149 0.012541666666666628 0.014081481481481454
4 0.6984088541666666 0.8655486111111111 0.009244791666666667 0.019949074074074143
4 0.6647421875 0.835037037037037 0.011880208333333305 0.015255555555555555
4 0.6680416666666666 0.8678953703703705 0.01584374999999992 0.019950000000000048
4 0.15151562500000001 0.5727578703703705 0.008581249999999999 0.01642870370370375
4 0.1650473958333333 0.5921203703703704 0.01320208333333334 0.015255555555555555
4 0.144584375 0.5868398148148148 0.006601041666666685 0.016429629629629655
0 0.6300885416666666 0.4471921296296296 0.05214583333333327 0.09388055555555558
4 0.2782546875 0.5663032407407408 0.012541666666666687 0.017602777777777853
4 0.2541609375 0.5604356481481482 0.006601041666666685 0.01760277777777775
0 0.8462708333333334 0.4777032407407407 0.03432291666666659 0.0516342592592593
0 0.6769557291666667 0.8514666666666667 0.06667187499999999 0.08801296296296295
0 0.27330390625 0.5416597222222223 0.05280781249999998 0.09974907407407402
0 0.16042682291666666 0.5774518518518518 0.04620677083333333 0.06571666666666671
