4 0.31059947916666664 0.43017592592592596 0.025743750000000058 0.019949999999999992
1 0.32017109374999997 0.4424981481481482 0.04884739583333329 0.089187037037037
4 0.04887 0.38088888888888894 0.029044374999999997 0.015255555555555555
4 0.08088463541666666 0.41785462962962966 0.020463020833333342 0.07745185185185188
4 0.050190234375000004 0.420787962962963 0.009241406249999999 0.05750185185185189
4 0.023786250000000002 0.4190277777777778 0.0145221875 0.06571666666666666
2 0.056461062057291664 0.44660509259259257 0.11287683421875 0.16077129629629627
4 0.5607786458333334 0.39731805555555555 0.01122395833333331 0.01760277777777775
4 0.5307421875 0.4061194444444445 0.013203125000000012 0.018775925925925894
4 0.5838802083333333 0.5046939814814815 0.01121874999999998 0.01877685185185185
4 0.601703125 0.5258171296296297 0.013864583333333276 0.01877685185185185
4 0.5743072916666667 0.5187759259259259 0.010562499999999985 0.018775925925925946
4 0.3327127604166667 0.3069574074074074 0.011881770833333328 0.012909259259259266
0 0.49938671875 0.7886833333333334 0.10891406250000006 0.19245555555555555
0 0.539984375 0.38968981481481485 0.06601041666666672 0.1009222222222222
0 0.5947734375000001 0.5064541666666666 0.05808854166666665 0.07158425925925924
0 0.34360442708333333 0.293462037037037 0.05082760416666664 0.07275740740740744
