4 0.5446041666666666 0.5868398148148148 0.010562499999999985 0.023470370370370332
4 0.5102796875000001 0.5909472222222222 0.015842708333333337 0.022296296296296335
4 0.5789296875000001 0.25708333333333333 0.01320312500000007 0.016429629629629603
4 0.5614375 0.2547361111111111 0.008583333333333342 0.016429629629629655
4 0.4700138020833333 0.9119018518518519 0.011881770833333328 0.03051111111111111
4 0.43568854166666665 0.9259833333333334 0.019803125000000026 0.018774074074074137
4 0.7333932291666667 0.33336157407407413 0.010557291666666658 0.01877685185185185
4 0.7149114583333334 0.34920416666666665 0.019802083333333442 0.0176027777777778
4 0.6264583333333333 0.34274953703703703 0.01452083333333339 0.0164287037037037
4 0.5977421875 0.332187962962963 0.008578125000000015 0.016429629629629603
1 -0.010208906250000002 0.43134953703703705 0.05082770833333333 0.1020953703703704
0 0.572 0.2424148148148148 0.03894791666666677 0.05750185185185183
0 0.7178828125 0.31810601851851855 0.05610937500000001 0.11265648148148147
0 0.6168854166666667 0.32221342592592594 0.05742708333333333 0.1067898148148148
0 0.5178716145833333 0.5510476851851852 0.07591302083333336 0.14668796296296296
0 0.4459197916666667 0.8925388888888889 0.07591145833333333 0.12321851851851855
