3 0.6459296875 0.01240639087962963 0.019140625 0.02464369972222222
3 0.5650677083333333 0.05934685185185185 0.01584375000000004 0.029337777777777775
3 0.4545013020833333 0.04115740740740741 0.011221354166666645 0.025817222222222224
3 0.42413645833333335 0.04995870370370371 0.015182291666666655 0.024643703703703713
4 0.15811666666666666 0.5551550925925927 0.011221875000000025 0.014082407407407464
4 0.16900833333333332 0.5645430555555556 0.010561458333333313 0.016428703703703647
4 0.1376533854166667 0.5680634259259258 0.019143229166666678 0.01642870370370375
4 0.2706635416666667 0.5498740740740741 0.014521875000000002 0.015255555555555555
4 0.8340572916666665 0.5281643518518518 0.012541666666666748 0.014082407407407464
4 0.8274557291666668 0.5088013888888889 0.009901041666666662 0.010562037037036969
4 0.8033619791666666 0.6196981481481482 0.01716145833333336 0.01642962962962955
4 0.7720078125000001 0.6091365740740742 0.015182291666666596 0.021123148148148137
4 0.8532005208333333 0.36621990740740745 0.015182291666666714 0.014082407407407412
1 0.8581510416666667 0.37560787037037036 0.03036458333333331 0.05632870370370374
0 0.27495416666666667 0.5199495370370371 0.05082812499999999 0.10326944444444451
0 0.14656484374999998 0.5504611111111112 0.06469010416666668 0.08449259259259266
0 0.5792604166666667 0.4829837962962963 0.04951041666666664 0.08331944444444446
0 0.8367005208333332 0.5152555555555556 0.04026562499999997 0.058675925925925826
0 0.7898307291666666 0.5850796296296297 0.06667187499999999 0.10678888888888889
