4 0.6125963541666666 0.5064541666666666 0.02244270833333329 0.02229722222222224
1 0.6224973958333333 0.520536574074074 0.047526041666666664 0.09505462962962963
4 0.35515625000000006 0.42782870370370374 0.025083333333333315 0.015255555555555555
4 0.3746291666666667 0.4724226851851852 0.009901041666666662 0.05515462962962964
4 0.35647630208333336 0.5140824074074075 0.018482812499999984 0.01877592592592584
2 0.3538359375 0.49061203703703704 0.11881770833333333 0.16194444444444447
4 0.6218359375 0.3585921296296296 0.009244791666666667 0.0176027777777778
4 0.5974140625 0.3650462962962963 0.01716145833333336 0.016429629629629655
4 0.3624171875 0.6513828703703705 0.019803124999999967 0.023469444444444428
0 0.6040130208333333 0.3468569444444445 0.04884895833333332 0.07393055555555558
0 0.3597770833333333 0.6267393518518519 0.056768749999999986 0.09153425925925923
4 0.40730416666666663 0.5404861111111111 0.007920833333333377 0.019950000000000048
4 0.33733359374999994 0.4694888888888889 0.00924114583333336 0.04928703703703705
4 0.30201822916666665 0.5369657407407408 0.007261458333333337 0.019950000000000048
4 0.35713645833333335 0.4853314814814814 0.010561458333333343 0.015255555555555555
4 0.6858671875 0.6818939814814815 0.017161458333333237 0.021123148148148137
4 0.44327968749999996 0.7176861111111111 0.01914270833333334 0.019950000000000048
4 0.5409739583333334 0.43428333333333335 0.013864583333333395 0.018775925925925946
4 0.51258984375 0.431349537037037 0.009901562499999983 0.0176027777777778
4 0.4495505208333333 0.43193657407407404 0.019803125000000026 0.014082407407407412
4 0.44294973958333334 0.4477791666666667 0.011881770833333328 0.0176027777777778
4 0.4673731770833333 0.45012546296296296 0.01320156249999999 0.0176027777777778
0 0.6967578125 0.6443421296296297 0.07854687500000009 0.15959722222222222
0 0.5337135416666666 0.40494537037037037 0.05346874999999998 0.1009222222222222
0 0.4545013020833333 0.43780370370370375 0.05346822916666666 0.07745185185185188
0 0.4452598958333333 0.6912824074074074 0.0613895833333333 0.09622777777777783
