3 0.6538489583333332 0.0904449537037037 0.01782291666666668 0.025817500000000007
3 0.6215052083333333 0.1456 0.01782291666666668 0.03051111111111111
3 0.5944401041666666 0.12154305555555557 0.009901041666666662 0.02229722222222221
3 0.5888333333333333 0.08457726851851852 0.010562499999999985 0.014082129629629637
3 0.44988046875 0.13210416666666666 0.013861979166666672 0.029337962962962955
3 0.4115947916666666 0.13386481481481483 0.016502083333333376 0.025816666666666648
3 0.35515625000000006 0.20310185185185187 0.01848229166666666 0.028164814814814823
3 0.754515625 0.9840740740740741 0.010562499999999985 0.015259259259259276
4 0.8099635416666667 0.3849962962962963 0.010562499999999985 0.011735185185185166
1 0.8126067708333333 0.3867564814814815 0.02244270833333329 0.05046111111111116
4 0.8532005208333333 0.5369652777777778 0.008578125000000015 0.012908333333333362
4 0.8376901041666667 0.5252305555555556 0.011880208333333305 0.010561111111111065
4 0.8333984375 0.5357916666666667 0.008578124999999895 0.015255555555555555
4 0.18683072916666668 0.5997481481481483 0.009241666666666652 0.01877592592592584
4 0.1647174479166667 0.599161574074074 0.016502604166666667 0.010562037037037073
4 0.1614169270833333 0.6120703703703705 0.01782239583333333 0.012909259259259162
4 0.28023489583333333 0.5762782407407407 0.007261458333333337 0.014082407407407464
4 0.3013580729166667 0.5827324074074074 0.011221354166666645 0.012909259259259266
0 0.49806848958333333 0.47711666666666674 0.04950885416666667 0.08566666666666671
0 0.9895104166666667 0.6108967592592593 0.05016666666666663 0.09974907407407411
4 0.9545260416666667 0.9201157407407408 0.010562499999999985 0.02112037037037032
4 0.9456145833333333 0.9289162037037036 0.007260416666666695 0.019945370370370422
0 0.968390625 0.9300898148148148 0.06072916666666662 0.09035740740740743
0 0.8416484375000001 0.5246439814814815 0.042244791666666615 0.05632870370370374
0 0.29640729166666663 0.5545685185185185 0.04752708333333331 0.09270740740740743
0 0.16867812499999998 0.5886 0.05346770833333331 0.07393148148148149
