1 0.16339739583333335 0.4031851851851852 0.049507291666666654 0.09270740740740743
4 0.22148619791666668 0.3175189814814815 0.009901562500000013 0.012908333333333362
4 0.44856041666666674 0.3943842592592593 0.008581249999999999 0.016429629629629655
4 0.41555546875000005 0.40025138888888884 0.012542187500000008 0.0164287037037037
4 0.6878463541666666 0.6525564814814815 0.00792187500000002 0.023470370370370332
4 0.6492317708333334 0.6666384259259259 0.016505208333333243 0.01642870370370375
4 0.507309375 0.5123217592592593 0.019142708333333282 0.01760277777777775
4 0.48222552083333337 0.4911986111111111 0.011221874999999966 0.01760277777777775
4 0.47364427083333327 0.5046939814814816 0.012541666666666687 0.02816388888888892
0 0.22775703125 0.30343703703703706 0.042246354166666666 0.07627777777777778
0 0.4307377604166666 0.38147546296296303 0.06799010416666669 0.10561574074074075
0 0.49905781250000003 0.46890185185185185 0.07129062500000008 0.13495370370370371
0 0.6571536458333332 0.6191111111111112 0.07591145833333333 0.15138333333333326
4 0.8753151041666667 0.36387314814814814 0.0145260416666666 0.011735185185185166
4 0.8706927083333333 0.3791282407407407 0.010562499999999985 0.0164287037037037
0 0.8779557291666666 0.3679800925925926 0.04489062500000003 0.0668898148148148
