4 0.4198460937499999 0.30343703703703706 0.015842187500000014 0.008214814814814828
4 0.4218263020833333 0.31810555555555553 0.013201562500000048 0.011735185185185218
4 0.4040036458333333 0.31693240740740747 0.006601041666666655 0.016429629629629603
4 0.21950572916666666 0.6355407407407407 0.013862500000000022 0.019950000000000048
4 0.23270755208333332 0.6490356481481482 0.009901562499999983 0.021123148148148137
4 0.19211171875000002 0.6637046296296296 0.02640364583333333 0.022296296296296335
4 0.660453125 0.4055324074074074 0.01121874999999998 0.019949999999999992
4 0.6960963541666667 0.4090532407407408 0.015182291666666596 0.0176027777777778
4 0.38288046875 0.5850796296296297 0.014522395833333352 0.01994999999999994
4 0.34096406250000005 0.5868398148148148 0.012541666666666687 0.016429629629629655
0 0.6852057291666666 0.38910324074074076 0.07393229166666669 0.12556574074074073
0 0.3610971354166666 0.5475273148148149 0.08449322916666666 0.14434166666666667
0 0.19673229166666667 0.6331935185185185 0.08845312500000002 0.1302592592592592
0 0.41753567708333333 0.30813101851851854 0.04158593750000002 0.07158425925925929
