4 0.38090026041666664 0.6296726851851853 0.03168489583333335 0.024643518518518526
4 0.37891979166666667 0.6513828703703705 0.029044791666666646 0.01642870370370375
4 0.7429635416666667 0.6730930555555557 0.017822916666666563 0.024643518518518526
4 0.6990677083333333 0.6619444444444446 0.017166666666666684 0.028164814814814823
4 0.7974244791666666 0.20075462962962964 0.01716145833333336 0.018775925925925946
4 0.799734375 0.1831523148148148 0.021781250000000085 0.014082407407407412
4 0.5729895833333333 0.9852453703703704 0.021125000000000088 0.029342592592592646
4 0.6670546875 0.40494583333333334 0.031026041666666632 0.021123148148148137
4 0.6281067708333333 0.3896902777777778 0.01650520833333336 0.025817592592592628
4 0.48882630208333333 0.41961435185185186 0.009901562499999983 0.02229722222222224
4 0.4492203125 0.43545694444444444 0.01782291666666668 0.023469444444444428
4 0.8974270833333333 0.6067893518518519 0.01782291666666668 0.02816388888888892
4 0.861125 0.5657166666666666 0.01782291666666668 0.016429629629629655
4 0.8568333333333332 0.6009217592592593 0.021125000000000088 0.025817592592592628
4 0.6426302083333333 0.4565800925925926 0.01121874999999998 0.023469444444444428
4 0.6050052083333334 0.43193611111111113 0.013864583333333395 0.018775925925925946
4 0.6102864583333333 0.4583402777777778 0.017822916666666563 0.02229722222222224
1 0.12313125 0.3949708333333333 0.06138958333333333 0.11383055555555552
0 0.7994036458333333 0.1884333333333333 0.04489062500000003 0.08097222222222224
0 0.65253125 0.3538981481481482 0.08383333333333323 0.14199444444444442
0 0.6178750000000001 0.44191111111111114 0.06601041666666667 0.088012962962963
0 0.7162291666666667 0.6138305555555555 0.11221875000000002 0.19010925925925926
0 0.8756458333333333 0.5833189814814815 0.08911458333333329 0.11031018518518518
0 0.4594520833333333 0.40787962962962965 0.08185208333333331 0.1396481481481481
0 0.38222031250000005 0.6015087962962963 0.07657187499999996 0.16077129629629633
0 0.5927916666666666 0.9823101851851852 0.08185416666666671 0.11265740740740748
