1 0.0092640625 0.548114351851852 0.04620697916666666 0.08683981481481474
4 0.052500651041666666 0.38147546296296303 0.013862239583333331 0.014082407407407412
4 0.0383084375 0.39673101851851855 0.013201979166666666 0.014082407407407412
4 0.12610156250000001 0.7869231481481481 0.00660104166666667 0.01994999999999994
4 0.11190937499999999 0.7769481481481482 0.011221875000000011 0.023470370370370437
4 0.09441692708333334 0.8121537037037038 0.017163020833333334 0.018775925925925946
4 0.35581640625 0.5709976851851852 0.010561979166666664 0.012908333333333362
4 0.36472760416666666 0.5815587962962963 0.008581249999999999 0.017602777777777853
4 0.33205286458333333 0.5886 0.02112343750000001 0.019950000000000048
4 0.26538255208333333 0.48063703703703703 0.011881770833333357 0.015255555555555555
4 0.29904765625 0.4794638888888889 0.014522395833333352 0.015255555555555503
4 0.45285078125 0.5228833333333333 0.011881770833333328 0.01994999999999994
4 0.42545703125 0.5252305555555556 0.013861979166666613 0.015255555555555555
0 0.2871658854166667 0.4665550925925926 0.06865052083333334 0.11852500000000006
0 0.3366734375 0.5657166666666666 0.06864999999999999 0.09388148148148143
0 0.4310677083333333 0.4958930555555555 0.06204895833333334 0.11383055555555557
0 0.09903749999999999 0.7857500000000001 0.06733020833333334 0.1044425925925926
0 0.04226895833333333 0.38616944444444445 0.03960583333333333 0.06337037037037037
