4 0.3558161458333333 0.7775351851851853 0.017162499999999997 0.024644444444444538
4 0.6399895833333334 0.6554902777777778 0.01782291666666668 0.02229722222222224
4 0.12709166666666666 0.3750212962962963 0.028384374999999993 0.022296296296296283
4 0.15745625000000002 0.42020092592592595 0.019142708333333314 0.07745185185185188
4 0.127421875 0.41961481481481483 0.00660104166666667 0.06219629629629627
4 0.09969765625 0.4166810185185185 0.014522395833333323 0.06806388888888885
2 0.13105260416666667 0.4489523148148148 0.12343854166666667 0.1748527777777778
0 0.6455989583333333 0.6355407407407407 0.0514895833333334 0.09974814814814821
4 0.30696901041666663 0.6983231481481482 0.007921354166666698 0.02581666666666662
1 0.37000859375 0.3937976851851852 0.046867187500000004 0.10209537037037035
0 0.33139270833333334 0.6918689814814815 0.0633697916666667 0.09974907407407402
0 0.3399739583333333 0.7440902777777779 0.10561562499999996 0.14551574074074078
