3 0.7716796875 0.97175 0.011880208333333305 0.018777777777777963
3 0.7073203124999999 0.9805555555555556 0.008578125000000015 0.012907407407407458
3 0.7046796875000001 0.9981527777777779 0.004619791666666729 0.010564814814814891
4 0.837359375 0.29932962962962967 0.012541666666666628 0.016429629629629655
1 0.8396692708333333 0.3063708333333333 0.026401041666666694 0.06336944444444446
4 0.6564921875 0.4777037037037037 0.009901041666666662 0.011735185185185112
4 0.6449401041666667 0.3996648148148148 0.010557291666666658 0.015255555555555555
4 0.6396588541666667 0.4090532407407408 0.010557291666666658 0.0176027777777778
4 0.6644140625 0.41257314814814816 0.013859375000000066 0.015255555555555555
0 0.6571536458333334 0.38616944444444445 0.05082812499999995 0.08918703703703704
0 0.6459296875 0.4589273148148149 0.04950520833333331 0.09153425925925929
