4 0.5861901041666667 0.47653009259259255 0.02376562499999994 0.021123148148148137
1 0.5957630208333332 0.4906115740740741 0.046869791666666674 0.09857500000000001
4 0.3280921875 0.401425 0.02640416666666662 0.016429629629629655
4 0.38057031249999995 0.5123217592592593 0.008581249999999999 0.022297222222222135
4 0.3478950520833333 0.44719166666666665 0.00924114583333336 0.05398148148148144
4 0.33007265624999993 0.4524726851851852 0.011881770833333328 0.03403240740740741
4 0.30927942708333334 0.44484490740740745 0.009901562499999983 0.05163425925925925
4 0.27363385416666663 0.5046939814814816 0.008581249999999999 0.0352046296296297
4 0.3294125 0.4870912037037037 0.019803124999999967 0.016428703703703647
2 0.32677187500000004 0.46479444444444445 0.11881770833333333 0.16194444444444442
4 0.3340330729166666 0.6408208333333334 0.022443229166666672 0.021123148148148245
4 0.9812604166666666 0.774601388888889 0.02310416666666673 0.021123148148148137
4 0.5944427083333332 0.32984074074074077 0.01121874999999998 0.018775925925925946
4 0.5686979166666667 0.33746898148148147 0.019145833333333327 0.01760277777777775
0 0.9928125 0.941825462962963 0.09241666666666669 0.19362685185185183
0 0.974328125 0.7546513888888889 0.06601041666666667 0.09857500000000001
0 0.5766197916666668 0.31927916666666667 0.05214583333333339 0.07510462962962963
0 0.325121875 0.6167643518518517 0.06534999999999999 0.09505462962962963
0 0.6284375 0.32397314814814815 0.03696875000000001 0.05398148148148149
