3 0.5525255208333334 0.07225546296296297 0.10033437500000003 0.11148351851851852
3 0.5106109375 0.054065881620370376 0.10627812500000004 0.10796268120370371
4 0.9304348958333333 0.34627037037037034 0.015182291666666714 0.011735185185185218
1 0.9271328125 0.35096435185185193 0.024421874999999933 0.04459351851851852
4 0.9664088541666667 0.5886 0.018484375000000004 0.017601851851851844
4 0.6703541666666666 0.46186064814814815 0.01121874999999998 0.01290833333333331
4 0.8442890625 0.48239722222222226 0.011880208333333305 0.014081481481481454
4 0.6617708333333333 0.8309300925925928 0.012541666666666748 0.021123148148148137
4 0.6957682291666667 0.8590944444444445 0.009244791666666667 0.023470370370370332
4 0.6670546875 0.8632013888888889 0.015182291666666596 0.019949074074074036
4 0.17065833333333333 0.578625 0.008581249999999999 0.016429629629629655
4 0.14557447916666666 0.5639564814814815 0.008581249999999999 0.010561111111111065
4 0.14953515625 0.5886000000000001 0.013861979166666672 0.015255555555555555
0 0.6706822916666667 0.4436712962962963 0.040927083333333295 0.08449259259259266
0 0.673984375 0.8461856481481481 0.06072916666666662 0.08918611111111113
0 0.8429687499999999 0.470075462962963 0.03432291666666672 0.05515462962962964
0 0.9650885416666667 0.559849074074074 0.054125000000000034 0.1056166666666666
0 0.15481614583333334 0.5733444444444444 0.04950729166666667 0.06219629629629632
