4 0.43271796874999996 0.7892703703703704 0.01782239583333336 0.02933703703703701
4 0.7192031249999999 0.6730925925925927 0.01782291666666668 0.01994999999999994
4 0.2696734375 0.7364625 0.01782291666666668 0.024643518518518526
4 0.42842734375 0.40846620370370373 0.007921354166666639 0.028163888888888867
4 0.21356484374999998 0.381475462962963 0.02706406250000001 0.023469444444444428
1 0.44823046875 0.43193657407407404 0.04884739583333335 0.1032694444444444
4 0.2426091145833333 0.42430833333333334 0.016502604166666667 0.07627777777777778
4 0.21356484374999998 0.4237217592592593 0.007260937499999986 0.06102314814814818
4 0.18716093749999999 0.41961435185185186 0.016502083333333317 0.0668898148148148
2 0.21653515625 0.45305972222222224 0.11617760416666668 0.1760268518518519
0 0.4129148437499999 0.7534782407407408 0.09439427083333332 0.14786203703703707
0 0.7244817708333334 0.6531430555555556 0.05346354166666659 0.09974907407407411
0 0.2851856770833333 0.7041907407407408 0.08449322916666666 0.1032685185185186
