3 0.6360286458333333 0.026488518518518522 0.013859375000000066 0.01994962962962963
3 0.5878411458333335 0.05171902777777778 0.008578125000000015 0.01408212962962963
3 0.5492239583333334 0.04702495370370371 0.010562500000000105 0.02112324074074074
3 0.5449348958333333 0.13210462962962963 0.013859374999999948 0.019949999999999992
3 0.43997890624999997 0.07342893518518517 0.009901562499999983 0.01290861111111111
3 0.3825502604166666 0.07342893518518519 0.009901562499999983 0.01525564814814815
3 0.40070312499999994 0.11743564814814815 0.011882291666666649 0.021123148148148137
4 0.9921510416666667 0.35155092592592596 0.01584375000000004 0.012909259259259266
1 0.9938020833333333 0.35800509259259256 0.023104166666666613 0.056328703703703686
4 0.6657317708333332 0.4589273148148148 0.009901041666666662 0.014082407407407412
4 0.8436302083333334 0.479463425925926 0.011885416666666752 0.012908333333333362
4 0.6611119791666666 0.8279958333333334 0.01122395833333331 0.01760277777777775
4 0.6954375 0.8579208333333334 0.008583333333333342 0.021123148148148137
4 0.6667239583333334 0.8608546296296297 0.014520833333333271 0.022296296296296335
4 0.16504765624999998 0.5844925925925926 0.00924114583333333 0.01877592592592584
4 0.14095390624999998 0.5709972222222222 0.009901562500000013 0.015255555555555555
4 0.1432640625 0.5938810185185185 0.01320208333333334 0.01642870370370375
0 0.14953515625 0.579212037037037 0.04950781249999999 0.06454259259259261
0 0.6739843750000001 0.8432518518518519 0.06336458333333338 0.09270740740740743
0 0.8436302083333334 0.4671416666666667 0.03432291666666672 0.056327777777777734
0 0.6571536458333334 0.44073750000000006 0.04554687500000002 0.08331944444444446
