3 0.6125963541666666 0.10100620370370371 0.013203124999999953 0.021122777777777768
3 0.5825598958333332 0.09865962962962964 0.008578125000000015 0.01408259259259259
3 0.5630885416666667 0.13679814814814817 0.019802083333333442 0.026990740740740746
3 0.46968359375 0.14794675925925926 0.012542187500000008 0.021123148148148137
3 0.41423515625 0.13621203703703702 0.01254218749999995 0.023470370370370357
3 0.42446666666666666 0.14794675925925926 0.009241666666666622 0.0164287037037037
3 0.3871708333333333 0.1878462962962963 0.015182291666666655 0.023470370370370384
3 0.36043697916666667 0.14794675925925926 0.01320208333333331 0.01877685185185185
3 0.716890625 0.9793796296296297 0.018479166666666675 0.03403703703703703
3 0.7281119791666666 0.9629490740740743 0.00792187500000002 0.015250000000000026
3 0.6353671875 0.9905277777777778 0.015182291666666714 0.021129629629629783
1 0.8736640625 0.40377222222222225 0.021786458333333297 0.04928703703703705
4 0.8759765625 0.3943842592592593 0.013203124999999953 0.011735185185185166
4 0.15382604166666666 0.6507962962962962 0.01320208333333331 0.015255555555555555
4 0.13567291666666667 0.6513828703703705 0.008581250000000014 0.01642870370370375
4 0.8353802083333334 0.5281643518518518 0.008583333333333342 0.014082407407407464
4 0.8208567708333333 0.5170157407407407 0.009901041666666662 0.01056111111111117
4 0.8162343750000001 0.5258175925925926 0.007260416666666695 0.011735185185185166
4 0.10134791666666666 0.5692370370370371 0.008581249999999999 0.016429629629629655
4 0.07824453125 0.5704106481481481 0.01782239583333333 0.009387962962962973
4 0.07692421875 0.5856666666666667 0.013861979166666672 0.011735185185185166
4 0.7756380208333333 0.597987962962963 0.011880208333333423 0.015255555555555555
4 0.3848606770833333 0.6484490740740741 0.007921354166666698 0.015255555555555555
4 0.3584567708333333 0.6601842592592593 0.010561458333333343 0.012909259259259266
4 0.8409895833333332 0.6208717592592593 0.009239583333333337 0.014082407407407358
4 0.8155755208333333 0.6208717592592593 0.01650520833333336 0.01642870370370375
0 0.9786197916666667 0.9042731481481482 0.06798958333333331 0.0973981481481482
4 0.9723489583333332 0.9265689814814815 0.014520833333333271 0.01525092592592593
0 0.8264661458333333 0.5187763888888888 0.03828645833333333 0.05163425925925925
0 0.7822421875000001 0.5663037037037036 0.05808854166666665 0.12321851851851844
0 0.8254791666666667 0.5932939814814815 0.058749999999999976 0.09974907407407402
0 0.36340755208333336 0.6279125000000001 0.05742864583333335 0.10561574074074069
0 0.14623463541666668 0.6373009259259259 0.04290677083333333 0.06102222222222222
0 0.08352526041666666 0.558675462962963 0.0495078125 0.07979907407407406
