3 0.5314036458333333 0.11450194444444445 0.26140104166666667 0.20536462962962965
3 0.41324479166666667 0.10570042129629631 0.1755864583333334 0.21357878703703703
4 0.8865364583333334 0.36035185185185187 0.01584374999999992 0.011735185185185166
1 0.8822473958333333 0.3662199074074074 0.024421874999999933 0.04928796296296296
4 0.7802604166666666 0.5504611111111112 0.011885416666666633 0.016429629629629655
4 0.7541848958333333 0.5475273148148149 0.015182291666666596 0.017602777777777853
4 0.7198593750000001 0.5228833333333333 0.012541666666666748 0.015255555555555555
4 0.8287760416666666 0.4841574074074074 0.007260416666666695 0.010561111111111065
4 0.837359375 0.4994134259259259 0.01121874999999998 0.012908333333333362
4 0.6683749999999999 0.8596810185185185 0.012541666666666628 0.019949074074074036
4 0.673984375 0.8913657407407407 0.01584375000000004 0.01994999999999994
4 0.13105234375 0.5938810185185185 0.011221354166666645 0.014082407407407358
4 0.14260416666666664 0.6138305555555555 0.01320208333333334 0.01642962962962955
4 0.12379140625000001 0.6062023148148148 0.005941145833333339 0.01760277777777775
0 0.72778125 0.4929587962962963 0.05742708333333333 0.11735092592592591
0 0.6802552083333334 0.8720032407407408 0.06270833333333325 0.08683981481481486
0 0.7647473958333334 0.5234699074074075 0.057432291666666656 0.09388055555555552
0 0.837359375 0.4888518518518519 0.0336666666666666 0.050461111111111054
0 0.13930364583333332 0.6003351851851852 0.04356666666666665 0.06454259259259261
