4 0.03863854166666667 0.4031856481481482 0.028384375000000003 0.01290833333333331
4 0.06801276041666666 0.4442578703703704 0.018482812500000004 0.07158425925925924
4 0.03863846354166667 0.4424981481481482 0.005940885416666664 0.05867592592592593
4 0.010914302083333332 0.44249768518518523 0.012541916666666666 0.06806388888888895
4 0.3478950520833333 0.4642078703703704 0.022443229166666672 0.0176027777777778
2 0.04787982291666667 0.4718361111111111 0.10231535416666665 0.17367962962962966
1 0.35845651041666665 0.4759430555555556 0.04884739583333335 0.09270648148148153
4 0.32446145833333334 0.32925416666666674 0.011221875000000025 0.0176027777777778
4 0.5287630208333334 0.4184407407407408 0.01320312500000007 0.015255555555555555
4 0.591140625 0.5504611111111112 0.012541666666666628 0.016429629629629655
4 0.5614375 0.5410726851851853 0.008583333333333342 0.021123148148148137
4 0.3838705729166667 0.6349537037037037 0.021782812499999988 0.011735185185185166
4 0.38089999999999996 0.6537300925925925 0.023763541666666655 0.021123148148148137
4 0.5548359374999999 0.5023467592592593 0.008578125000000015 0.014082407407407464
4 0.5475755208333333 0.5146685185185186 0.008578125000000015 0.015255555555555555
0 0.588171875 0.5158425925925926 0.06601041666666667 0.12321851851851855
0 0.39014166666666666 0.6097231481481481 0.07789166666666662 0.14903518518518516
0 0.5545052083333334 0.5111481481481481 0.02904166666666666 0.05750185185185183
0 0.33040234375 0.31575879629629633 0.04422656250000004 0.07979907407407406
0 0.28155520833333336 0.2459351851851852 0.03234479166666662 0.0504611111111111
0 0.5304130208333333 0.40142546296296294 0.060069791666666636 0.11031018518518523
