4 0.5389947916666666 0.4683152777777778 0.02442708333333332 0.021123148148148137
1 0.5492265625 0.48181064814814817 0.04752604166666673 0.09505462962962957
4 0.27891484375000003 0.3943837962962963 0.02706406250000001 0.014082407407407412
4 0.33271276041666664 0.490025 0.009241145833333301 0.05750185185185189
4 0.29838776041666665 0.4407379629629629 0.009241145833333301 0.0504611111111111
4 0.2808950520833333 0.43487037037037035 0.01782239583333336 0.05750185185185189
4 0.25944192708333336 0.4395638888888889 0.00924114583333333 0.0504611111111111
4 0.22379635416666666 0.4882648148148149 0.010561458333333313 0.05867592592592588
4 0.2815549479166667 0.48239722222222226 0.020463020833333328 0.018775925925925946
2 0.27759453125 0.46244722222222223 0.1207984375 0.16194444444444447
4 0.27693437499999995 0.6396476851851852 0.011221874999999966 0.021123148148148137
4 0.8010546875000001 0.9488703703703704 0.01122395833333331 0.03872222222222227
4 0.8399973958333333 0.9864212962962964 0.0257447916666667 0.026990740740740825
4 0.5469140624999999 0.3204527777777778 0.01122395833333331 0.016429629629629655
4 0.5208421875 0.32749398148148146 0.01980520833333331 0.018776851851851902
4 0.5617682291666667 0.33101435185185185 0.009244791666666667 0.014082407407407412
0 0.5653958333333333 0.3151722222222222 0.037625000000000006 0.055155555555555597
0 0.8409895833333333 0.9066212962962964 0.09372916666666668 0.2030166666666666
0 0.9980937500000001 0.8027657407407408 0.08185416666666671 0.16194444444444442
0 0.5287611979166668 0.3110648148148148 0.05016510416666673 0.07510555555555559
0 0.27363385416666663 0.6091365740740742 0.06006875 0.09388055555555552
