3 0.4033434895833333 0.20016805555555556 0.01320156249999999 0.01994907407407409
3 0.3812302083333333 0.16261574074074076 0.012541666666666628 0.017601851851851844
3 0.43997890624999997 0.15733472222222222 0.009901562499999983 0.0164287037037037
3 0.4759544270833333 0.1461865740740741 0.014522395833333352 0.02229722222222221
3 0.5528567708333334 0.13034444444444443 0.01122395833333331 0.018775925925925918
3 0.582890625 0.1391458333333333 0.009239583333333337 0.012908333333333336
3 0.6010416666666667 0.11332824074074076 0.007260416666666695 0.012908333333333336
3 0.6271171875 0.11743564814814815 0.013203124999999953 0.021123148148148137
3 0.75715625 0.9652962962962963 0.010562500000000105 0.01994444444444441
3 0.6828958333333333 0.9793796296296297 0.012541666666666748 0.01994444444444441
3 0.6538515625 0.9922870370370371 0.007265624999999905 0.012907407407407458
4 0.9287838541666665 0.4125736111111111 0.01320312500000007 0.010562037037037073
1 0.9258124999999999 0.4184407407407408 0.02442708333333338 0.05046111111111116
4 0.17263880208333332 0.6261523148148148 0.009901562499999983 0.012908333333333362
4 0.15646614583333332 0.6261527777777777 0.009241666666666652 0.015255555555555555
4 0.8297682291666666 0.5305111111111112 0.006598958333333371 0.011735185185185166
4 0.8406588541666666 0.5440064814814816 0.008578125000000015 0.01056111111111117
4 0.011904453124999999 0.8379708333333333 0.00924140625 0.021123148148148137
4 0.002333 0.8233023148148149 0.011221708333333334 0.017602777777777853
4 0.32908229166666664 0.5938810185185185 0.011221874999999966 0.014082407407407358
4 0.30894947916666665 0.5909467592592592 0.006601041666666655 0.012908333333333362
4 0.692796875 0.5076277777777779 0.008583333333333342 0.01056111111111117
4 0.6756354166666667 0.49706620370370375 0.008583333333333342 0.008213888888888977
4 0.67134375 0.5070412037037036 0.011885416666666752 0.014082407407407358
4 0.8251458333333334 0.5363787037037037 0.005281249999999934 0.01642962962962955
0 0.5205122395833333 0.47711666666666674 0.04554843749999993 0.06689074074074076
0 0.002332994791666667 0.835037037037037 0.04422671875 0.07627777777777778
0 0.837359375 0.5357921296296297 0.03498958333333325 0.05046018518518515
0 0.6822343750000001 0.4859180555555556 0.04686458333333334 0.08214537037037035
0 0.32050104166666665 0.5709976851851852 0.04818749999999999 0.09036018518518514
0 0.16801796875000002 0.6155907407407407 0.03498489583333333 0.06219629629629632
