3 0.36670781249999995 0.20192824074074073 0.015182291666666655 0.025817592592592604
3 0.3393138020833334 0.1561611111111111 0.00924114583333336 0.018775925925925946
3 0.45516119791666665 0.12212962962962964 0.01650260416666664 0.025816666666666672
3 0.5805807291666666 0.13738564814814816 0.01650520833333336 0.03285833333333333
3 0.5937812499999999 0.12506342592592593 0.008583333333333342 0.022297222222222225
3 0.606984375 0.09748606481481482 0.008583333333333342 0.023470462962962967
3 0.6482395833333333 0.09748587962962964 0.01584374999999992 0.025817129629629624
3 0.7588072916666667 0.9928750000000001 0.008583333333333342 0.016435185185185185
4 0.8862083333333333 0.4031851851851852 0.012541666666666628 0.010561111111111065
1 0.8835651041666668 0.4072925925925926 0.02442187500000005 0.04694074074074071
4 0.837359375 0.528163888888889 0.007260416666666695 0.011735185185185166
4 0.8466015625 0.5428328703703704 0.009901041666666662 0.012908333333333362
4 0.04920013020833333 0.5475268518518518 0.013862239583333338 0.015255555555555555
4 0.0554709375 0.5592625 0.013201875 0.01760277777777775
4 0.29640729166666663 0.5481138888888889 0.01320208333333331 0.011735185185185166
4 0.27462395833333336 0.5416597222222223 0.010561458333333343 0.017602777777777853
4 0.8330677083333333 0.5927074074074075 0.010562500000000105 0.014081481481481454
4 0.8403281249999999 0.6044425925925926 0.009239583333333337 0.01642962962962955
4 0.8149166666666666 0.6044425925925926 0.016500000000000032 0.01642962962962955
0 0.5752994791666666 0.4894384259259259 0.04950520833333331 0.0868398148148148
0 0.05151033854166667 0.5487009259259259 0.04488661458333334 0.06219629629629632
0 0.8469322916666667 0.5328583333333334 0.035645833333333245 0.05867592592592593
0 0.8201979166666667 0.5762782407407407 0.05742708333333333 0.1032694444444444
0 0.2894763020833333 0.5252305555555556 0.046867187500000004 0.08801296296296295
