4 0.24491979166666666 0.48357083333333334 0.023763541666666683 0.021123148148148137
1 0.25482109375 0.4906115740740741 0.050167187500000016 0.09857500000000001
4 0.6957682291666667 0.4923722222222222 0.018484374999999886 0.015255555555555555
4 0.6987369791666667 0.5105615740740741 0.015182291666666714 0.01642870370370375
4 0.6746458333333334 0.5070407407407408 0.009239583333333337 0.018775925925925946
4 0.7746484375 0.7118185185185185 0.015182291666666714 0.02229629629629623
4 0.7700312500000001 0.7470240740740741 0.01782291666666668 0.022296296296296335
4 0.7333932291666667 0.7388092592592592 0.01583854166666659 0.02699074074074072
4 0.19607213541666668 0.32749398148148146 0.011881770833333328 0.014082407407407412
4 0.4416291666666667 0.420787962962963 0.010561458333333343 0.015255555555555555
4 0.40499375 0.4254819444444444 0.011221874999999966 0.0176027777777778
4 0.7026979166666667 0.5745180555555556 0.005937500000000047 0.024643518518518526
4 0.7347135416666667 0.5932939814814815 0.019802083333333324 0.019949074074074036
4 0.52348125 0.5011736111111111 0.011881250000000006 0.01877685185185185
4 0.51655078125 0.5316847222222223 0.02178385416666669 0.01877685185185185
4 0.47793463541666664 0.529924074074074 0.015842187499999955 0.02699074074074072
0 0.7584765625000001 0.7223800925925926 0.07393229166666669 0.10913611111111118
0 0.7307526041666667 0.5428333333333334 0.0712864583333334 0.14199444444444442
0 0.6914765625 0.49765277777777783 0.060067708333333296 0.09153333333333338
0 0.50301953125 0.4888518518518519 0.08053385416666661 0.15138333333333331
0 0.5158898437499999 0.9365439814814815 0.06666822916666669 0.11265277777777775
0 0.42281640625 0.3990777777777778 0.07855156249999998 0.13143333333333337
0 0.20135312499999997 0.31047824074074076 0.05412812499999999 0.07862500000000003
