4 0.04556958333333333 0.7511310185185185 0.014522291666666668 0.014082407407407464
4 0.07329374999999999 0.5727578703703705 0.010561458333333329 0.014082407407407358
4 0.09342682291666667 0.7435032407407408 0.009901562499999997 0.010562037037037073
4 0.7502239583333333 0.501173611111111 0.012541666666666628 0.014082407407407358
4 0.7333932291666667 0.49295925925925926 0.00792187500000002 0.018775925925925946
4 0.5980729166666667 0.5 0.010562499999999985 0.011735185185185166
4 0.5653984375000001 0.7640398148148149 0.009901041666666662 0.01642962962962955
4 0.5416354166666667 0.7640398148148149 0.01121874999999998 0.018775925925925946
3 0.6330572916666667 0.12506342592592593 0.01584375000000004 0.024643518518518526
3 0.5663880208333334 0.1209564814814815 0.005276041666666605 0.011735185185185178
3 0.5634192708333332 0.1409060185185185 0.009901041666666662 0.021123148148148165
3 0.5776093750000001 0.15850833333333336 0.009239583333333337 0.014081481481481481
3 0.51325 0.21953101851851853 0.012541666666666687 0.021123148148148137
3 0.5218315104166666 0.14207916666666665 0.011222395833333346 0.021123148148148165
3 0.383540625 0.20603564814814818 0.01320208333333331 0.019949074074074064
3 0.37000859375 0.20251527777777778 0.009901562500000042 0.029337962962962965
3 0.3485552083333333 0.1866726851851852 0.010561458333333343 0.01877685185185185
4 0.810625 0.5563282407407407 0.010562499999999985 0.014082407407407358
4 0.7994036458333333 0.5440064814814816 0.009244791666666667 0.01056111111111117
4 0.7928020833333332 0.5516347222222222 0.00791666666666669 0.014082407407407464
4 0.7584791666666668 0.40259861111111117 0.010562499999999985 0.011734259259259208
1 0.7617786458333333 0.40670601851851856 0.017161458333333237 0.03637870370370369
3 0.9941328125000001 0.3949708333333333 0.014526041666666718 0.01056203703703702
4 0.9918229166666667 0.41609398148148147 0.005937500000000047 0.03168425925925925
4 0.9789505208333333 0.41198657407407413 0.011880208333333305 0.03285833333333336
2 0.9911614583333335 0.4278291666666667 0.05742708333333333 0.07862499999999997
0 0.06042187499999999 0.5616097222222223 0.041586458333333326 0.05984907407407403
0 0.5502135416666667 0.7534782407407408 0.04818750000000005 0.0704101851851852
0 0.5927916666666666 0.48709166666666665 0.04356250000000005 0.06571666666666671
0 0.09672734375 0.7253138888888888 0.04818697916666667 0.06571666666666671
0 0.05085033854166667 0.717099537037037 0.051487864583333334 0.11265648148148147
0 0.7472552083333334 0.48005046296296305 0.03828125 0.0704101851851852
0 0.8056744791666667 0.5457671296296296 0.036307291666666686 0.044593518518518574
