3 0.6231588541666667 0.09279180555555555 0.09373437500000001 0.13143305555555557
4 0.3376635416666667 0.4108134259259259 0.008581249999999999 0.014082407407407412
4 0.32314140625 0.41609398148148147 0.009901562499999983 0.01290833333333331
4 0.08946614583333332 0.8984069444444446 0.015182291666666669 0.02229722222222224
4 0.052500546875 0.8819777777777779 0.015182239583333335 0.022296296296296335
4 0.059761666666666664 0.9183574074074075 0.020463124999999995 0.019951851851851856
4 0.6865260416666668 0.4988268518518518 0.00791666666666669 0.01173518518518527
4 0.6647447916666667 0.500586574074074 0.010562499999999985 0.010562037037037073
4 0.8706953125000001 0.5410731481481482 0.011880208333333423 0.011735185185185166
4 0.8624427083333333 0.5258175925925926 0.0072604166666665765 0.011735185185185166
4 0.9258098958333334 0.3990782407407408 0.015182291666666714 0.009387962962962973
1 0.923171875 0.4078791666666667 0.020458333333333436 0.041073148148148185
0 0.8710234375 0.529337962962963 0.03498437500000004 0.04928703703703695
0 0.06768276041666665 0.8925398148148148 0.06666989583333334 0.09740185185185182
0 0.32875234375 0.40670601851851856 0.031684895833333296 0.043419444444444476
0 0.67134375 0.4865046296296296 0.04753125 0.08331851851851856
0 0.5439453125 0.4542333333333334 0.04884895833333332 0.07745185185185183
