4 0.13072239583333334 0.7922041666666667 0.017162500000000015 0.023469444444444428
4 0.617546875 0.6531430555555556 0.008583333333333342 0.01760277777777775
4 0.6505520833333333 0.6754398148148147 0.016500000000000032 0.022296296296296335
4 0.6700234374999999 0.24593472222222226 0.011880208333333305 0.01290833333333331
4 0.6637552083333332 0.2576703703703704 0.012541666666666748 0.015255555555555555
4 0.5492265624999999 0.8972333333333333 0.018484375000000004 0.024644444444444538
4 0.5132502604166667 0.8843245370370371 0.013861979166666672 0.024643518518518526
4 0.7040208333333332 0.31517222222222224 0.01782291666666668 0.012909259259259266
4 0.7083098958333333 0.332775 0.01716145833333336 0.015255555555555555
4 0.6786067708333333 0.3245601851851852 0.013203124999999953 0.019949999999999992
4 0.6195260416666667 0.3492037037037037 0.012541666666666628 0.015255555555555555
4 0.8330703125 0.3873430555555556 0.01716145833333336 0.014082407407407412
4 0.8116145833333333 0.39614444444444447 0.013864583333333276 0.015255555555555555
4 0.14359427083333334 0.4489523148148148 0.02442395833333335 0.024643518518518526
1 0.15811640625 0.4595138888888889 0.05478802083333334 0.09740185185185182
0 0.6954375 0.30108981481481484 0.06403125000000003 0.10913703703703703
0 0.6188671874999999 0.3286675925925926 0.05478645833333324 0.11500370370370372
0 0.6455989583333333 0.6243921296296296 0.07657291666666666 0.15490277777777775
0 0.5380036458333334 0.872000462962963 0.07921145833333335 0.12438796296296291
0 0.11289947916666666 0.7587592592592594 0.10825624999999998 0.15138333333333337
0 0.8234973958333334 0.38616944444444445 0.05610937500000001 0.07041111111111109
4 0.8390078125 0.3990777777777778 0.013203124999999953 0.011735185185185218
0 0.673984375 0.24358796296296295 0.04224999999999994 0.0621962962962963
