4 0.5049989583333333 0.7440898148148148 0.015842708333333337 0.03051111111111111
4 0.45615156249999994 0.7517180555555556 0.02244374999999999 0.029337962962962913
4 0.3261119791666667 0.22246481481481484 0.02640416666666662 0.015255555555555555
4 0.32743203125 0.24124074074074073 0.018482812499999984 0.019949999999999992
4 0.3063088541666667 0.23889351851851853 0.010561458333333284 0.02699074074074072
4 0.5558255208333333 0.7828162037037036 0.023765625000000058 0.02816388888888892
4 0.34393463541666663 0.4442583333333333 0.015842187500000014 0.022296296296296283
4 0.30036796875 0.44484490740740745 0.015842187499999955 0.025817592592592628
4 0.47529427083333337 0.509387962962963 0.017162499999999997 0.023470370370370332
4 0.45978203125 0.4853314814814814 0.013861979166666672 0.015255555555555555
0 0.474634375 0.4894384259259259 0.06072916666666662 0.09388055555555552
0 0.47298411458333334 0.697149537037037 0.09835468750000001 0.18776203703703706
0 0.5574765625 0.7564120370370371 0.057432291666666656 0.11617777777777777
0 0.33139270833333334 0.42665555555555557 0.08845312499999997 0.14668888888888887
0 0.32446145833333334 0.2259851851851852 0.04950729166666671 0.08801296296296297
