4 0.022466041666666665 0.47476944444444447 0.03168479166666667 0.02464444444444443
1 0.03599817708333333 0.48239722222222226 0.060069270833333334 0.09622777777777777
4 0.5175403645833333 0.6496226851851852 0.01848177083333334 0.024643518518518526
4 0.4673731770833333 0.617350925925926 0.014522395833333352 0.018775925925925946
4 0.47397421875 0.6513828703703705 0.025083854166666638 0.023469444444444428
4 0.6465885416666667 0.3685666666666667 0.007260416666666695 0.018775925925925894
4 0.6172161458333333 0.3791282407407407 0.014526041666666718 0.0164287037037037
4 0.6759661458333334 0.34274953703703703 0.013203124999999953 0.014082407407407412
4 0.6597916666666667 0.32632037037037037 0.01121874999999998 0.011735185185185166
4 0.11851041666666667 0.7945509259259259 0.017822916666666667 0.03051111111111111
4 0.13468307291666667 0.8133273148148149 0.014522395833333339 0.030512037037037015
0 0.6710156249999999 0.3310148148148148 0.04290624999999994 0.06571666666666666
0 0.62315625 0.3538976851851852 0.062052083333333265 0.1208712962962963
4 0.529421875 0.3967310185185185 0.011885416666666693 0.01877685185185185
4 0.5591276041666667 0.39790462962962964 0.01320312500000007 0.018775925925925894
0 0.10860911458333332 0.8039393518518518 0.07063072916666666 0.1056157407407408
0 0.48948697916666667 0.6038560185185187 0.09175520833333337 0.15607685185185186
0 0.5446059895833333 0.3679800925925926 0.06865260416666666 0.118525
4 0.0719734375 0.33746898148148147 0.01584270833333333 0.012908333333333362
0 0.07923463541666666 0.3186925925925926 0.051488020833333335 0.08566666666666665
