3 0.47958567708333333 0.09396523611111111 0.1722869791666667 0.19010841666666664
4 0.8406588541666666 0.34627037037037034 0.013859374999999948 0.011735185185185218
1 0.8432994791666667 0.35213796296296296 0.021786458333333297 0.04694074074074071
4 0.6654036458333333 0.4923722222222222 0.009244791666666667 0.012909259259259162
4 0.8442890625 0.4882648148148149 0.011880208333333305 0.011735185185185166
4 0.6621015625000001 0.8414912037037038 0.011880208333333423 0.021123148148148137
4 0.6531927083333334 0.8532263888888889 0.0072604166666665765 0.021123148148148137
4 0.679265625 0.8702425925925927 0.01584375000000004 0.01994999999999994
4 0.16009687499999997 0.5932944444444445 0.012541666666666658 0.015255555555555555
4 0.14260416666666667 0.5921203703703704 0.006601041666666655 0.015255555555555555
0 0.6531901041666667 0.4606875 0.04686979166666655 0.08566574074074075
0 0.8449505208333332 0.4777032407407407 0.0330052083333334 0.056328703703703686
0 0.6762942708333334 0.8461856481481481 0.05478645833333324 0.08449351851851845
0 0.15547604166666668 0.5809722222222223 0.03894583333333334 0.06571666666666671
