3 0.31059947916666664 0.13151759259259257 0.02178333333333337 0.030511111111111096
3 0.3812302083333333 0.05406601851851852 0.01782291666666668 0.035205370370370366
3 0.45120052083333334 0.0804699537037037 0.02178333333333331 0.04811379629629629
3 0.5333828125 0.011232875000000002 0.01452604166666666 0.024643694444444444
3 0.6023645833333333 0.02883555555555556 0.016500000000000032 0.024643703703703706
4 0.9891796875 0.37150092592592593 0.020463541666666647 0.015255555555555555
1 0.9881901041666665 0.37326064814814813 0.03828645833333333 0.06806388888888885
4 0.27132369791666666 0.37854166666666667 0.009241145833333301 0.012909259259259266
4 0.2762744791666666 0.38734259259259257 0.008581249999999999 0.011735185185185166
4 0.25911171875 0.3926236111111111 0.011221354166666675 0.012908333333333362
4 0.8862057291666666 0.5363787037037037 0.01122395833333331 0.01408148148148156
4 0.8792760416666666 0.5181893518518519 0.009239583333333337 0.01760277777777775
4 0.08880598958333333 0.6343666666666666 0.013861979166666672 0.015255555555555555
4 0.077584375 0.6601842592592593 0.017822916666666667 0.019950000000000048
4 0.03929856770833333 0.6619444444444444 0.009901510416666662 0.018775925925925946
4 0.3752893229166666 0.7546518518518519 0.0165026041666667 0.01642962962962955
4 0.35053567708333333 0.7464370370370371 0.015842187499999955 0.023470370370370437
0 0.6201875000000001 0.4565800925925926 0.05742708333333333 0.09622870370370377
0 0.8878567708333333 0.5228833333333333 0.04489062500000003 0.06454259259259261
0 0.37000859375 0.7106453703703705 0.06667031249999997 0.1302592592592592
0 0.06900309895833333 0.6414083333333334 0.07591151041666665 0.09974814814814821
0 0.26538281249999995 0.38382222222222223 0.03960625000000002 0.05398148148148149
