3 0.5082986979166666 0.07225523347222222 0.1174963541666667 0.14434138490740742
3 0.5564864583333334 0.1039400462962963 0.10825625000000004 0.14668842592592596
3 0.6188671874999999 0.16965694444444446 0.11551562499999998 0.0668898148148148
4 0.9763098958333333 0.3450967592592593 0.01716145833333336 0.014082407407407412
1 0.9753203125 0.3503773148148149 0.024421874999999933 0.048113888888888914
4 0.877953125 0.7141657407407408 0.019802083333333324 0.015255555555555555
4 0.8456119791666666 0.7053643518518519 0.013203124999999953 0.023469444444444428
4 0.8475911458333333 0.4829837962962963 0.011880208333333305 0.012908333333333258
4 0.6987395833333333 0.8643750000000001 0.008583333333333342 0.022296296296296335
4 0.6624322916666666 0.8362106481481483 0.0112187500000001 0.019949074074074036
4 0.6690338541666667 0.8684819444444444 0.015182291666666596 0.021123148148148137
4 0.13468307291666667 0.5756916666666667 0.007921354166666682 0.015255555555555555
4 0.14821484375 0.5932944444444445 0.013861979166666672 0.015255555555555555
4 0.12808203125 0.5868398148148148 0.007921354166666669 0.016429629629629655
0 0.4818955729166667 0.4190277777777778 0.042246354166666694 0.07745185185185188
0 0.8466015625 0.46948842592592593 0.03498437499999992 0.05632870370370374
0 0.8693749999999999 0.6760268518518519 0.06996874999999995 0.11969814814814815
0 0.6756328125000001 0.8491194444444444 0.06139062500000006 0.08801296296296295
0 0.14524453125 0.5815587962962963 0.04752760416666666 0.06454351851851851
