3 0.6261276041666667 0.017100421296296294 0.060067708333333296 0.03637878703703704
3 0.4934458333333333 0.06638810384259258 0.09043125000000002 0.13260712564814814
3 0.40169348958333334 0.02414148611111111 0.0811921875 0.05046091666666667
4 0.8320781250000001 0.3468569444444445 0.013864583333333395 0.012908333333333362
1 0.83471875 0.35624490740740744 0.021781249999999967 0.04341944444444442
4 0.7706901041666666 0.5563287037037038 0.016505208333333243 0.016429629629629655
4 0.799734375 0.559849074074074 0.012541666666666628 0.014081481481481454
4 0.692796875 0.49413240740740744 0.013864583333333395 0.01642962962962955
4 0.8416484375 0.4947194444444445 0.011880208333333305 0.015255555555555555
4 0.67134375 0.8549865740740741 0.011885416666666752 0.01760277777777775
4 0.6779453125 0.8872583333333334 0.01583854166666659 0.018775925925925946
4 0.15811666666666666 0.5962277777777777 0.008581249999999999 0.016429629629629655
4 0.13237265625 0.5862532407407408 0.009901562499999997 0.012908333333333362
4 0.13765338541666666 0.6091365740740742 0.013861979166666656 0.01642870370370375
0 0.6838880208333333 0.8684819444444445 0.0633697916666667 0.08683981481481486
0 0.8409895833333333 0.48357129629629636 0.03432291666666672 0.05398148148148149
0 0.6970885416666666 0.47887685185185186 0.0448854166666667 0.08214629629629637
0 0.7835598958333333 0.5316851851851853 0.0594114583333333 0.09622777777777783
0 0.14227395833333334 0.5944675925925927 0.049507291666666654 0.06454259259259261
