4 0.016855190104166664 0.4067055555555556 0.027064098958333335 0.015255555555555555
4 0.04754979166666667 0.4454319444444445 0.018482708333333334 0.07158425925925924
4 0.017515286458333335 0.44601851851851854 0.007261093750000001 0.05867592592592593
4 0.24557968749999998 0.4401509259259259 0.017162499999999997 0.016429629629629655
2 0.029067135416666664 0.46890185185185185 0.10429593749999999 0.1701592592592592
1 0.261421875 0.4524726851851852 0.05412812500000002 0.09036018518518524
4 0.30531874999999997 0.32925462962962965 0.011221875000000025 0.015255555555555555
4 0.5254630208333333 0.4078791666666667 0.010563541666666627 0.012908333333333362
4 0.4921270833333333 0.4143337962962963 0.011221875000000025 0.014082407407407412
4 0.5650677083333333 0.5533949074074075 0.017166666666666684 0.017602777777777853
4 0.5343723958333333 0.5434199074074074 0.009901041666666662 0.016428703703703647
4 0.7795989583333333 0.4219615740740741 0.010562499999999985 0.024643518518518526
4 0.7522083333333334 0.4067055555555556 0.017822916666666563 0.015255555555555555
4 0.7462630208333334 0.4243083333333334 0.015182291666666714 0.019949999999999992
4 0.5310729166666667 0.5023467592592593 0.008583333333333401 0.014082407407407464
4 0.5228203125 0.5129087962962964 0.006598958333333312 0.016428703703703647
0 0.5611067708333334 0.5105615740740741 0.06865104166666669 0.13143240740740741
0 0.7597968749999999 0.392037037037037 0.06733333333333331 0.12673888888888887
0 0.5079703124999999 0.3949708333333333 0.07063229166666662 0.11383055555555552
0 0.5337119791666667 0.5076277777777779 0.04026354166666675 0.07158333333333333
0 0.31489010416666663 0.31575879629629633 0.0528083333333333 0.07510462962962963
0 0.2663729166666667 0.2523893518518519 0.03630520833333331 0.06102314814814818
