3 0.41720546875 0.15616157407407408 0.011881770833333328 0.021123148148148165
3 0.4861861979166666 0.09396532407407408 0.009901562499999983 0.021123055555555555
3 0.5743098958333333 0.1409060185185185 0.013203124999999953 0.02816388888888889
3 0.6452708333333333 0.06990842592592593 0.013864583333333395 0.022296666666666673
4 0.9512265625 0.36974074074074076 0.01583854166666659 0.011735185185185166
1 0.9518854166666666 0.3756078703703704 0.019802083333333442 0.04459351851851852
4 0.7267916666666667 0.7235537037037038 0.0066041666666667 0.02464444444444443
4 0.6861953125 0.705951388888889 0.008578125000000015 0.01760277777777775
4 0.7020390624999999 0.7317680555555557 0.021786458333333297 0.017602777777777853
4 0.4515307291666667 0.44953888888888893 0.009241666666666681 0.011735185185185166
4 0.040948828124999996 0.7440898148148148 0.01188182291666667 0.023470370370370437
4 0.051510390625 0.7564120370370371 0.010561510416666664 0.01994999999999994
4 0.027416770833333333 0.775775 0.017822708333333333 0.018775925925925946
0 0.4650627604166666 0.43545694444444444 0.041585937499999955 0.06806388888888891
4 0.3172005208333334 0.48533101851851856 0.012541666666666687 0.012908333333333362
4 0.30069817708333335 0.48005046296296305 0.007260937500000016 0.014082407407407358
0 0.7030286458333334 0.696562962962963 0.05413020833333337 0.12087222222222214
0 0.31158984375000004 0.46362129629629634 0.04224635416666664 0.0844925925925926
0 0.03005709895833333 0.7564120370370371 0.05742851041666666 0.08097222222222217
