4 0.7845520833333334 0.7241402777777778 0.01782291666666668 0.021123148148148137
4 0.9499062500000001 0.5651296296296295 0.010562499999999985 0.022296296296296335
4 0.9225104166666667 0.5475273148148149 0.027062500000000017 0.019949074074074036
4 0.9172317708333333 0.5674768518518519 0.019140625 0.017601851851851844
4 0.29178671875 0.7194462962962963 0.01320156249999999 0.023470370370370437
4 0.32908229166666664 0.7176861111111111 0.011221874999999966 0.019950000000000048
4 0.49971796874999996 0.4694888888888889 0.025083854166666638 0.023470370370370332
4 0.24657005208333332 0.40201203703703703 0.02706406250000001 0.022296296296296335
1 0.51291953125 0.4829842592592593 0.052806770833333336 0.10444259259259266
4 0.2772643229166667 0.4483652777777778 0.018482812499999984 0.07979907407407412
4 0.24722994791666666 0.4477787037037037 0.005941145833333324 0.06689074074074071
4 0.21917578125 0.44191111111111114 0.014522395833333352 0.0692370370370371
2 0.24987031250000002 0.47535601851851855 0.119478125 0.18306759259259256
0 0.45318125 0.8033523148148148 0.09967500000000004 0.15607685185185186
0 1.0083255208333335 0.4512990740740741 0.06139062500000006 0.13964814814814816
0 0.9251536458333334 0.5469402777777779 0.07195312499999992 0.09153425925925923
0 0.7921432291666667 0.7012569444444445 0.05808854166666665 0.11852499999999995
0 0.3165403645833333 0.696562962962963 0.08779322916666665 0.11148333333333338
