4 0.24722994791666666 0.4595138888888889 0.02178281250000002 0.015255555555555555
2 -0.007238437499999998 0.5088013888888889 0.062049375 0.10913611111111109
1 0.2568013020833333 0.4741828703703703 0.05280781250000001 0.09857499999999997
4 0.309609375 0.7264875000000001 0.011882291666666649 0.023469444444444428
4 0.2782546875 0.7129921296296297 0.02310312499999997 0.01525648148148146
4 0.27330390625 0.7405694444444445 0.014522395833333293 0.023470370370370437
4 0.25350078125 0.33160092592592594 0.011881770833333328 0.015255555555555555
4 0.30564869791666666 0.2793800925925926 0.007921354166666698 0.014082407407407412
4 0.28716614583333333 0.2870078703703704 0.010561458333333343 0.012908333333333362
4 0.47958489583333336 0.4078791666666667 0.008581249999999999 0.01760277777777775
4 0.4465799479166667 0.41492083333333335 0.012542187500000008 0.0176027777777778
4 0.4980677083333333 0.6595976851851852 0.01782291666666668 0.021123148148148245
4 0.5568177083333334 0.5134953703703704 0.012541666666666748 0.022296296296296335
4 0.5657291666666666 0.5287509259259259 0.009239583333333337 0.01994999999999994
4 0.5333828125 0.5369652777777778 0.021119791666666582 0.01760277777777775
4 0.6634244791666667 0.6044425925925926 0.01320312500000007 0.018775925925925946
4 0.6429583333333333 0.5827328703703704 0.010562499999999985 0.01760277777777775
4 0.6327291666666666 0.5968148148148148 0.008583333333333342 0.01994999999999994
0 0.29706744791666667 0.282900462962963 0.050167187500000016 0.07979907407407412
0 0.259771875 0.31927916666666667 0.045546874999999994 0.07979907407407406
0 0.46011223958333336 0.3961439814814815 0.07525156250000004 0.11383055555555552
0 0.5370138020833334 0.4929587962962963 0.07195156250000002 0.1337805555555555
0 0.6558307291666666 0.5862527777777778 0.060067708333333296 0.08097222222222226
0 0.49608854166666666 0.6114833333333334 0.06403125000000003 0.14316851851851847
0 0.2891463541666666 0.7094712962962963 0.07657187499999998 0.1044425925925926
