4 0.12940234375 0.853813425925926 0.01848281250000001 0.02933796296296302
4 0.684546875 0.7646263888888889 0.01584375000000004 0.024643518518518526
4 0.6436197916666666 0.7640398148148149 0.013197916666666741 0.023470370370370332
4 0.43271796874999996 0.6889351851851852 0.01650260416666664 0.02112407407407404
4 0.43271796875 0.46831527777777776 0.023103645833333353 0.014082407407407412
4 0.43370807291666663 0.4882648148148149 0.018482812499999984 0.018775925925925946
4 0.41093489583333326 0.47711666666666663 0.008581249999999999 0.019949999999999992
4 0.6459322916666667 0.795137962962963 0.012541666666666628 0.02699074074074072
4 0.625796875 0.8244759259259259 0.02244791666666662 0.02699074074074072
4 0.1861708333333333 0.4882648148148149 0.027723958333333312 0.023470370370370332
1 0.19871250000000001 0.5023467592592593 0.05412812499999999 0.11031018518518518
0 0.11058921875 0.8150875 0.11947781249999999 0.167812037037037
0 0.43139765625 0.4665550925925926 0.05082760416666664 0.07627870370370374
0 0.6657317708333332 0.7129921296296297 0.10099479166666671 0.17720092592592598
0 0.6304192708333333 0.8010055555555556 0.06865104166666663 0.1044425925925926
0 0.4373385416666667 0.6660518518518519 0.05214791666666662 0.1044425925925926
