3 0.45549036458333336 0.13797212962962963 0.14125885416666667 0.18893537037037036
3 0.6828958333333334 0.05113208532407408 0.06403125000000003 0.1020950886111111
3 0.4861861979166666 0.9911157407407409 0.007260937500000016 0.01995370370370366
3 0.5238106770833333 0.9875972222222222 0.009899479166666699 0.017601851851851844
3 0.6960963541666667 0.9864212962962964 0.015182291666666596 0.02463888888888901
3 0.7621067708333332 0.9770277777777778 0.013859374999999948 0.02229629629629623
3 0.7848802083333333 0.9658842592592592 0.009239583333333337 0.018768518518518504
4 0.8670625 0.392037037037037 0.012541666666666628 0.011735185185185218
4 0.0076137994791666665 0.6150041666666667 0.016502505208333334 0.01642870370370375
1 0.8700338541666667 0.39790462962962964 0.025088541666666585 0.049287037037037004
1 0.012234505208333333 0.6214583333333333 0.04026609375 0.07393148148148149
4 0.2129046875 0.6243921296296296 0.008581249999999999 0.014082407407407358
4 0.2063036458333333 0.6144171296296297 0.012541666666666658 0.012908333333333362
4 0.1914515625 0.6337805555555556 0.010561458333333343 0.01173518518518527
4 0.8753151041666667 0.5346185185185186 0.010557291666666658 0.012909259259259266
4 0.03863846354166666 0.795725 0.011221718749999998 0.023470370370370437
4 0.050850390625 0.8062865740740742 0.010561718750000004 0.021123148148148137
4 0.021475885416666667 0.8279962962962965 0.017822708333333333 0.015255555555555555
4 0.4320578125 0.6666384259259259 0.007261458333333337 0.01642870370370375
4 0.4551614583333333 0.6730925925925927 0.011221875000000025 0.015255555555555555
4 0.7766302083333334 0.5733444444444444 0.0112187500000001 0.012909259259259266
4 0.7515468750000001 0.5704106481481481 0.012541666666666628 0.014082407407407464
4 0.7482473958333334 0.5539814814814814 0.009901041666666662 0.011735185185185166
4 0.7099609375 0.9089685185185185 0.011223958333333428 0.01994999999999994
4 0.6809166666666667 0.8720027777777777 0.013864583333333395 0.016429629629629655
4 0.6776145833333334 0.9001671296296297 0.012541666666666628 0.01877685185185185
0 0.5228205729166667 0.4642078703703704 0.04752552083333335 0.07158425925925924
0 0.027746953124999998 0.8045259259259259 0.05940921875 0.07862592592592597
0 0.19970286458333333 0.6202847222222223 0.046867187500000004 0.0668898148148148
0 0.4452598958333333 0.6267393518518519 0.05478854166666664 0.1361268518518518
0 0.6914765625 0.8884305555555556 0.06534895833333323 0.08449074074074074
0 0.762765625 0.5492870370370371 0.053468749999999926 0.09622777777777772
0 0.8759739583333332 0.5228837962962963 0.035645833333333245 0.04811388888888896
