4 0.3700083333333333 0.38440925925925923 0.028384374999999965 0.017601851851851844
4 0.3696783854166667 0.49061203703703704 0.025083854166666697 0.018775925925925946
4 0.4346981770833333 0.5181893518518519 0.007260937500000016 0.04811388888888886
4 0.39410208333333335 0.44484537037037036 0.010561458333333343 0.0657166666666666
4 0.37264895833333334 0.4477787037037037 0.015182291666666714 0.045766666666666664
4 0.3478950520833333 0.4407375 0.00924114583333336 0.0668898148148148
4 0.30069817708333335 0.5111486111111112 0.007260937500000016 0.04811388888888896
2 0.36901848958333333 0.46420787037037037 0.1465421875 0.2053638888888889
1 0.6406510416666668 0.39790462962962964 0.053468750000000044 0.10796296296296294
4 0.5624270833333332 0.7165125 0.018479166666666675 0.02229722222222224
4 0.5389947916666666 0.7006703703703704 0.008583333333333224 0.02581666666666662
4 0.44327968749999996 0.6860013888888888 0.01782291666666668 0.024643518518518526
4 0.4502106770833334 0.7147523148148148 0.015842187500000014 0.021123148148148245
4 0.40598385416666666 0.7053643518518519 0.014521874999999972 0.025817592592592628
4 0.9924817708333333 0.5246439814814815 0.015182291666666714 0.021123148148148245
4 0.9409947916666667 0.5234703703703704 0.016500000000000032 0.023470370370370437
0 0.5842109375 0.8274097222222222 0.08713020833333332 0.16429166666666672
0 0.9673984375000001 0.4947189814814815 0.10231770833333335 0.17250648148148157
0 0.5627578124999999 0.6901087962962963 0.06139062500000006 0.11500462962962957
0 0.42578697916666663 0.6783736111111112 0.08185208333333337 0.12204537037037035
