4 0.35515625000000006 0.42782870370370374 0.025083333333333315 0.015255555555555555
4 0.3746291666666667 0.4724226851851852 0.009901041666666662 0.05515462962962964
4 0.35647630208333336 0.5140824074074075 0.018482812499999984 0.01877592592592584
2 0.3538359375 0.49061203703703704 0.11881770833333333 0.16194444444444447
4 0.3624171875 0.6513828703703705 0.019803124999999967 0.023469444444444428
0 0.6040130208333333 0.3468569444444445 0.04884895833333332 0.07393055555555558
0 0.3597770833333333 0.6267393518518519 0.056768749999999986 0.09153425925925923
4 0.3554864583333333 0.4847439814814815 0.011221875000000025 0.021123148148148137
4 0.30003776041666663 0.5369657407407408 0.007260937500000016 0.015255555555555555
1 0.6208463541666667 0.5158425925925926 0.04554687500000002 0.09740185185185186
4 0.6119348958333333 0.5064541666666666 0.022442708333333408 0.02229722222222224
4 0.6211770833333332 0.35624490740740744 0.009239583333333337 0.0176027777777778
4 0.5967526041666666 0.3650462962962963 0.019807291666666654 0.018775925925925946
4 0.3356833333333333 0.470075462962963 0.009901041666666721 0.0528083333333333
4 0.40664401041666665 0.5410726851851853 0.007921354166666639 0.014082407407407358
4 0.6647447916666667 0.8432518518518519 0.01452083333333339 0.026990740740740825
4 0.4488903645833333 0.7129921296296297 0.01716302083333332 0.02229722222222224
4 0.41687552083333335 0.6989101851851853 0.012541666666666687 0.022296296296296335
4 0.4673731770833333 0.4149203703703704 0.009241145833333301 0.015255555555555555
4 0.43799895833333335 0.40670601851851856 0.015182291666666655 0.01760277777777775
4 0.2198359375 0.5627828703703703 0.017162499999999997 0.019949074074074036
0 0.6786067708333333 0.8056995370370371 0.10957812499999993 0.19362870370370375
0 0.4488903645833333 0.38616944444444445 0.062049479166666664 0.1056166666666667
0 0.43865885416666667 0.6883486111111112 0.07195104166666665 0.09505462962962963
0 0.21158463541666664 0.5469402777777779 0.050827604166666665 0.09153425925925923
4 0.19673229166666667 0.5627828703703703 0.010561458333333343 0.017602777777777853
