3 0.7215130208333334 0.017687177916666665 0.027723958333333344 0.0352052737962963
3 0.5538463541666666 0.03352962962962963 0.022442708333333408 0.02699074074074074
4 0.7333932291666667 0.735875462962963 0.025088541666666703 0.021123148148148137
4 0.5129200520833334 0.41257314814814816 0.01320156249999999 0.015255555555555555
4 0.08418515625 0.7364620370370369 0.013861979166666672 0.02699074074074072
4 0.09573723958333333 0.7487837962962963 0.011881770833333341 0.021123148148148137
4 0.06636249999999999 0.7716675925925927 0.019142708333333334 0.022296296296296335
0 0.5122598958333333 0.3867564814814815 0.0448864583333334 0.09270740740740743
4 0.4264471354166667 0.4424981481481482 0.014522395833333352 0.016429629629629603
4 0.40664401041666665 0.43721712962962966 0.00924114583333336 0.019949074074074036
0 0.01586505208333333 0.38675601851851854 0.04488677083333333 0.07158425925925924
0 0.4214963541666667 0.41609398148148147 0.05478854166666664 0.09974907407407406
0 0.7370234375 0.6906953703703704 0.07195312500000005 0.14903518518518516
0 0.06999322916666667 0.7476106481481481 0.06733020833333334 0.09857500000000001
