4 0.6125963541666666 0.5064541666666666 0.02244270833333329 0.02229722222222224
1 0.6224973958333333 0.520536574074074 0.047526041666666664 0.09505462962962963
4 0.35515625000000006 0.42782870370370374 0.025083333333333315 0.015255555555555555
4 0.40730416666666663 0.538725925925926 0.007920833333333377 0.023470370370370437
4 0.3746291666666667 0.4724226851851852 0.009901041666666662 0.05515462962962964
4 0.35647630208333336 0.5140824074074075 0.018482812499999984 0.01877592592592584
2 0.3538359375 0.49061203703703704 0.11881770833333333 0.16194444444444447
4 0.6218359375 0.3585921296296296 0.009244791666666667 0.0176027777777778
4 0.5974140625 0.3650462962962963 0.01716145833333336 0.016429629629629655
4 0.3624171875 0.6513828703703705 0.019803124999999967 0.023469444444444428
0 0.6040130208333333 0.3468569444444445 0.04884895833333332 0.07393055555555558
0 0.3597770833333333 0.6267393518518519 0.056768749999999986 0.09153425925925923
4 0.35713645833333335 0.48063703703703703 0.010561458333333343 0.02464444444444443
4 0.30135807291666666 0.5346185185185185 0.007260937500000016 0.02699074074074072
4 0.33700364583333337 0.470662037037037 0.008581249999999999 0.049287037037037004
4 0.47232395833333335 0.5340319444444445 0.02310312500000003 0.014082407407407464
4 0.49476744791666666 0.5410731481481481 0.007260937500000016 0.023470370370370437
4 0.6215052083333333 0.37795509259259263 0.012541666666666628 0.014082407407407412
0 0.6294270833333333 0.3673935185185185 0.03894791666666677 0.05398148148148149
0 0.4772747395833334 0.5322712962962963 0.05280781249999998 0.08097222222222217
