4 0.09474713541666666 0.45481990740740746 0.027064062499999996 0.01994907407407409
1 0.10794895833333333 0.4618606481481482 0.05874895833333333 0.1020953703703704
4 0.6403203125 0.6261523148148148 0.011880208333333305 0.019949074074074143
4 0.6112760416666667 0.6249787037037038 0.01584374999999992 0.022296296296296335
4 0.7036874999999999 0.7223800925925926 0.01584375000000004 0.02229722222222224
4 0.6660625000000001 0.7223800925925926 0.014520833333333271 0.024643518518518422
4 0.484865625 0.9424166666666667 0.008581249999999999 0.02816666666666663
4 0.12412135416666666 0.31517222222222224 0.013202083333333324 0.015255555555555555
4 0.37693958333333333 0.39790462962962964 0.010561458333333343 0.018775925925925894
4 0.34030390624999995 0.4078791666666667 0.012542187500000008 0.01760277777777775
4 0.7904895833333333 0.7288347222222222 0.017822916666666563 0.01642870370370375
4 0.8330677083333333 0.7147527777777778 0.010562500000000105 0.023470370370370332
4 0.46407265625 0.5129083333333334 0.018482812500000043 0.018775925925925946
4 0.47034348958333333 0.5363787037037037 0.020463020833333328 0.01642962962962955
4 0.4304075520833333 0.5275773148148148 0.018482812499999984 0.022297222222222135
4 0.7941223958333334 0.8473592592592594 0.014526041666666718 0.023470370370370332
4 0.7607890625 0.8186078703703704 0.020463541666666647 0.024643518518518526
4 0.7508854166666666 0.8432518518518519 0.013864583333333276 0.026990740740740825
0 0.7980833333333334 0.6748532407407407 0.0858125 0.1713324074074074
0 0.7739895833333333 0.8133273148148149 0.08118750000000005 0.11735092592592596
0 0.6868567708333333 0.6994967592592592 0.07458854166666656 0.1056157407407408
0 0.6211744791666667 0.60855 0.0633697916666667 0.1044425925925926
0 0.4521908854166667 0.4841574074074074 0.08317239583333334 0.15372962962962966
0 0.3564765625 0.37795509259259263 0.07789166666666668 0.12908611111111112
0 0.46473281250000004 0.9148351851851853 0.06733020833333334 0.10444074074074079
0 0.13072213541666666 0.29932962962962967 0.048847395833333335 0.08918703703703704
