4 0.5752994791666667 0.47711666666666663 0.023098958333333287 0.019949999999999992
1 0.5852031249999999 0.49061203703703704 0.04818749999999999 0.09622777777777772
4 0.31489036458333336 0.400837962962963 0.025083854166666638 0.015255555555555555
4 0.3696783854166667 0.5134953703703704 0.00924114583333336 0.022296296296296335
4 0.33601328125 0.44660509259259257 0.00924114583333336 0.05515462962962959
4 0.31885078125000005 0.45188611111111116 0.011881770833333328 0.035205555555555545
4 0.29838776041666665 0.44484537037037036 0.007921354166666698 0.05398148148148149
4 0.2624122395833333 0.5064541666666666 0.00858177083333335 0.03403240740740741
4 0.31885078125000005 0.4865046296296296 0.018482812499999984 0.017601851851851844
2 0.316540625 0.4659685185185185 0.11947812499999998 0.16194444444444447
4 0.6508828124999999 0.6695722222222221 0.027723958333333344 0.01994999999999994
4 0.6456015624999999 0.6906953703703704 0.01716145833333336 0.022296296296296335
4 0.5835520833333334 0.3286675925925926 0.010562499999999985 0.016429629629629655
4 0.5578072916666666 0.3362949074074074 0.017166666666666684 0.0176027777777778
4 0.6020338541666667 0.32808055555555554 0.013203124999999953 0.010561111111111065
0 0.6020338541666667 0.3245601851851852 0.03300520833333328 0.055155555555555597
0 0.5647369791666667 0.3186925925925926 0.04950520833333331 0.07393148148148149
0 0.6528619791666666 0.6672254629629629 0.06336979166666659 0.09505462962962963
