4 0.5792604166666666 0.47653009259259255 0.023104166666666613 0.021123148148148137
1 0.5898229166666666 0.49061203703703704 0.04686458333333334 0.09622777777777772
4 0.3198408854166666 0.401425 0.02574427083333332 0.016429629629629655
4 0.37297890625 0.5129083333333334 0.009241145833333301 0.023470370370370332
4 0.33898359375000003 0.4460185185185186 0.009901562500000042 0.05398148148148149
4 0.32182135416666663 0.45129953703703707 0.011221874999999966 0.03637870370370369
4 0.3013580729166667 0.4454314814814815 0.009901562500000042 0.045766666666666664
4 0.26571276041666664 0.5070412037037036 0.00858177083333335 0.0328583333333333
4 0.32182109375 0.48709166666666665 0.020463020833333387 0.018775925925925946
2 0.3195109375 0.4659680555555556 0.1188177083333333 0.16663796296296296
4 0.69246875 0.7176861111111111 0.009239583333333337 0.02229629629629623
4 0.6663932291666667 0.6959759259259259 0.027067708333333346 0.018775925925925946
4 0.6624322916666666 0.7165125 0.01782291666666668 0.02229722222222224
4 0.5868515625 0.3286675925925926 0.010557291666666776 0.018775925925925946
4 0.5614375 0.33629537037037033 0.019145833333333327 0.019949999999999992
4 0.6053359374999999 0.3286675925925926 0.01320312500000007 0.011735185185185166
0 0.6053333333333333 0.3245601851851852 0.03432291666666672 0.055155555555555597
0 0.5677083333333334 0.31810555555555553 0.0488437500000001 0.07275740740740744
0 0.6710156249999999 0.6994967592592592 0.06798958333333331 0.08918611111111104
0 0.20795390624999996 0.4911986111111111 0.059408854166666664 0.07158425925925924
