4 0.13204270833333331 0.853813425925926 0.01980312500000001 0.02933796296296302
4 0.6736562500000001 0.686587962962963 0.01782291666666668 0.023470370370370332
4 0.7083098958333333 0.6748532407407407 0.00792187500000002 0.021123148148148245
4 0.4363486979166667 0.6895217592592594 0.018482812499999984 0.02229722222222224
4 0.5574765625 0.44660509259259257 0.015182291666666714 0.0176027777777778
4 0.5353645833333334 0.4325231481481482 0.019802083333333383 0.017601851851851844
4 0.5287630208333334 0.45012546296296296 0.01583854166666671 0.0176027777777778
4 0.5861927083333334 0.7323550925925927 0.01584375000000004 0.021123148148148137
4 0.6261276041666667 0.766387037037037 0.013859375000000066 0.023470370370370332
4 0.5875130208333333 0.7675601851851852 0.01716145833333336 0.023470370370370332
1 0.13897369791666667 0.430762962962963 0.04950781250000002 0.10326851851851855
0 0.11620000000000001 0.8180212962962963 0.11485729166666667 0.1689851851851852
0 0.54295546875 0.4348699074074074 0.06139114583333338 0.07862499999999997
0 0.6759635416666666 0.638474537037037 0.07525000000000001 0.1642916666666666
0 0.5993932291666667 0.7476106481481481 0.0805364583333334 0.1032694444444444
0 0.43898906249999997 0.6683986111111111 0.05412812500000002 0.10678981481481489
