4 0.11058932291666666 0.6273259259259258 0.013861979166666672 0.01760185185185195
4 0.08748567708333335 0.626738888888889 0.009901562499999997 0.018775925925925946
4 0.3676981770833333 0.5046939814814816 0.011881770833333328 0.014082407407407358
4 0.11487994791666667 0.7481976851851851 0.013201562500000005 0.01760277777777775
4 0.7528671875 0.5064541666666666 0.013859374999999948 0.012908333333333362
4 0.7330625 0.4994134259259259 0.01121874999999998 0.01760277777777775
4 0.3412940104166666 0.7446768518518518 0.015842187500000014 0.012909259259259266
4 0.33700364583333337 0.7217935185185186 0.011221875000000025 0.016429629629629655
3 0.5786015624999999 0.11978287037037037 0.015182291666666714 0.021123148148148137
3 0.5363541666666668 0.19430046296296297 0.01782291666666668 0.029337962962962965
3 0.5178716145833333 0.2576703703703704 0.02046510416666667 0.03872592592592594
3 0.46671302083333327 0.1831523148148148 0.02244374999999999 0.04459351851851852
3 0.4508705729166666 0.06873490740740741 0.011881770833333328 0.01994962962962963
3 0.5046690104166667 0.02707527777777778 0.009901562500000042 0.018776111111111115
4 0.8805963541666666 0.42665555555555557 0.01320312500000007 0.012909259259259266
1 0.8786145833333333 0.4342833333333333 0.019802083333333324 0.037551851851851836
4 0.9885208333333333 0.41492083333333335 0.01121874999999998 0.03637870370370369
2 1.0000729166666666 0.43193611111111113 0.05544791666666657 0.07745185185185188
0 0.5822291666666667 0.5017601851851852 0.04092708333333341 0.08097222222222221
0 0.7449453125000001 0.4841574074074074 0.041588541666666735 0.07393148148148149
0 0.36736796875 0.4935453703703704 0.027064062499999982 0.04576666666666672
0 0.34921536458333335 0.7305949074074074 0.04224635416666664 0.06454351851851851
0 0.1003578125 0.6020953703703703 0.05016770833333333 0.09388148148148143
0 0.11719036458333332 0.7341152777777777 0.03630572916666666 0.06219537037037031
