4 0.09540703125 0.45129953703703707 0.01782239583333333 0.024643518518518526
1 0.11487994791666667 0.4683152777777778 0.05808906249999999 0.1009212962962963
4 0.5106109375 0.558675462962963 0.02046562499999999 0.021123148148148137
4 0.4690234375 0.5522212962962963 0.020463541666666647 0.02229629629629623
4 0.5650677083333333 0.4823976851851852 0.017166666666666684 0.021123148148148085
4 0.6987395833333333 0.4647949074074075 0.012541666666666628 0.0164287037037037
4 0.6776171875 0.44660509259259257 0.015182291666666596 0.0176027777777778
4 0.6690338541666667 0.4606875 0.01122395833333331 0.0176027777777778
4 0.4379986979166666 0.9271583333333333 0.019143229166666664 0.028164814814814823
4 0.3997130208333334 0.9248087962962963 0.01914270833333334 0.028160185185185198
4 0.3610971354166666 0.3767814814814815 0.015842187500000014 0.018775925925925894
0 0.18088984375 0.3163453703703704 0.05280781250000001 0.08097222222222221
0 0.3538359375 0.36739305555555557 0.04752708333333331 0.06806388888888891
0 0.6426302083333333 0.38910324074074076 0.06403124999999991 0.1208712962962963
0 0.6861979166666666 0.4466050925925926 0.06270833333333338 0.08331944444444446
0 0.5729895833333334 0.460100462962963 0.07525000000000001 0.12908611111111112
0 0.4878354166666667 0.5129087962962964 0.08713124999999995 0.15255648148148152
0 0.4172057291666667 0.8978199074074075 0.08449270833333333 0.12204537037037035
4 0.6588020833333333 0.42137500000000006 0.011885416666666633 0.016429629629629603
4 0.6241458333333334 0.41609398148148147 0.0112187500000001 0.0176027777777778
4 0.17197864583333333 0.332187962962963 0.015182291666666655 0.014081481481481507
