3 0.5132505208333333 0.06990847421296296 0.09439479166666663 0.1396478663888889
3 0.6116041666666666 0.1561615740740741 0.13004166666666658 0.10561574074074076
4 0.9905026041666666 0.3574185185185185 0.016505208333333243 0.012909259259259266
1 0.9931432291666666 0.36387268518518523 0.024421874999999933 0.04928796296296296
4 0.7875208333333333 0.5410726851851853 0.011885416666666633 0.014082407407407358
4 0.7607864583333334 0.5381393518518518 0.016500000000000032 0.017602777777777853
4 0.7456041666666666 0.5146685185185186 0.008583333333333342 0.015255555555555555
4 0.71953125 0.5105615740740741 0.010562500000000105 0.01642870370370375
4 0.8287760416666666 0.46890185185185185 0.007260416666666695 0.010561111111111065
4 0.8360364583333334 0.4847444444444445 0.012541666666666628 0.011735185185185166
4 0.6700234374999999 0.8491194444444444 0.011880208333333305 0.019950000000000048
4 0.6769557291666667 0.8802175925925926 0.016505208333333243 0.018775925925925946
4 0.14392421875 0.5850796296296297 0.015842187500000014 0.015255555555555555
4 0.15052552083333334 0.5979884259259259 0.010561458333333343 0.01760277777777775
4 0.12874192708333335 0.6050291666666666 0.011881770833333341 0.01525648148148146
0 0.13831354166666668 0.5921208333333333 0.04950729166666667 0.0668898148148148
0 0.6819062499999999 0.8602675925925926 0.062052083333333265 0.08918703703703704
0 0.8363697916666666 0.4741828703703703 0.03432291666666659 0.056328703703703686
0 0.7297630208333333 0.48005 0.060067708333333296 0.11969814814814815
0 0.7706901041666666 0.5134953703703703 0.05610937500000001 0.09270740740740738
