4 0.31257994791666666 0.7922041666666667 0.020463020833333328 0.02816388888888892
4 0.9865416666666665 0.7247273148148149 0.013864583333333395 0.019949074074074036
4 0.9294427083333333 0.7311814814814815 0.02112499999999997 0.018775925925925946
4 0.9895130208333334 0.18901990740740743 0.023765625000000058 0.014082407407407412
4 0.9855494791666667 0.20838287037037037 0.01716145833333336 0.017602777777777773
4 0.7901614583333333 0.9911157407407409 0.018479166666666675 0.01995370370370366
4 0.9126093750000001 0.3304277777777778 0.027062500000000017 0.015255555555555555
4 0.9142604166666667 0.3521375 0.025083333333333374 0.021123148148148137
4 0.8763072916666667 0.3345351851851852 0.012541666666666628 0.023470370370370332
4 0.7073203124999999 0.371500462962963 0.01122395833333331 0.02229722222222224
4 0.665734375 0.38088888888888894 0.016500000000000032 0.022296296296296283
4 0.8129348958333333 0.35976527777777784 0.0257447916666667 0.0176027777777778
4 0.8152473958333334 0.38088888888888894 0.018484375000000004 0.022296296296296283
4 0.7878515625000001 0.36915324074074074 0.01122395833333331 0.01760277777777775
4 0.40895442708333335 0.4166810185185185 0.029704687499999948 0.025817592592592576
4 0.044579296875 0.32984120370370373 0.034985156249999996 0.02816388888888892
1 0.42017604166666667 0.4278291666666667 0.054788541666666704 0.10913611111111113
4 0.08055468750000001 0.380888425925926 0.021122916666666672 0.09036018518518518
4 0.045239453125 0.38147546296296303 0.008581302083333334 0.07275833333333334
4 0.011904434895833333 0.37795509259259263 0.015842380208333333 0.07979907407407406
2 0.053160755208333334 0.41374675925925924 0.13400036458333334 0.2030175925925926
0 0.990171875 0.19312685185185186 0.048843749999999984 0.07627777777777778
0 0.2954171875 0.7487842592592593 0.12079791666666667 0.1713333333333333
0 0.8132630208333333 0.9658833333333333 0.09373437500000001 0.1384740740740741
0 0.6835572916666667 0.3544847222222222 0.08779166666666664 0.14316759259259257
0 0.9056796874999999 0.30108981481481484 0.08184895833333337 0.13964814814814816
0 0.8096354166666666 0.3568319444444445 0.06403125000000003 0.08214537037037041
0 0.9466041666666667 0.6730930555555555 0.11749999999999995 0.1983231481481481
