4 0.3538359375 0.41022685185185187 0.02640416666666662 0.015255555555555555
4 0.3528458333333333 0.5164291666666667 0.02310312500000003 0.021123148148148137
4 0.2851856770833333 0.5381388888888889 0.005280729166666671 0.04342037037037027
4 0.33040234375 0.46303472222222225 0.009901562500000042 0.05984907407407403
4 0.35515625 0.4735958333333333 0.010561458333333343 0.041073148148148185
4 0.37825963541666663 0.46831527777777776 0.00924114583333336 0.061023148148148125
4 0.4191859375 0.5428333333333334 0.007920833333333377 0.04342037037037038
2 0.35152578125 0.4935453703703704 0.14852239583333335 0.20067037037037036
1 0.6254661458333333 0.4248953703703704 0.05610937500000001 0.11265740740740737
4 0.5683671874999999 0.7024305555555556 0.01320312500000007 0.02229629629629623
4 0.5531848958333333 0.7487837962962963 0.017161458333333237 0.021123148148148137
4 0.522821875 0.7206199074074074 0.009241666666666681 0.02816388888888881
4 0.466053125 0.6226319444444445 0.023763541666666655 0.01760277777777775
4 0.474634375 0.6461018518518519 0.015842708333333278 0.01994999999999994
4 0.43403828124999994 0.6408208333333334 0.013861979166666613 0.021123148148148245
4 0.9357135416666668 0.4753564814814815 0.016500000000000032 0.018775925925925946
4 0.8508932291666667 0.6232185185185186 0.00792187500000002 0.025816666666666724
4 0.8076536458333333 0.6390606481481482 0.020463541666666647 0.017602777777777853
4 0.9555156250000001 0.5070407407407408 0.013864583333333395 0.018775925925925946
4 0.9971041666666667 0.5158425925925926 0.013864583333333276 0.019950000000000048
4 0.5033486979166666 0.5228833333333333 0.012542187500000008 0.01994999999999994
4 0.4743044270833333 0.5046939814814815 0.020463020833333328 0.01877685185185185
4 0.4650627604166666 0.5252305555555556 0.013861979166666613 0.022296296296296335
0 0.4858546875 0.5005870370370371 0.07524895833333337 0.08801296296296289
0 0.45681171875000004 0.618524537037037 0.08185260416666669 0.10326944444444451
0 0.5515348958333333 0.7165125 0.07590937499999999 0.1067898148148148
0 0.8182161458333332 0.5932939814814816 0.09571354166666665 0.18424166666666666
0 0.936375 0.4606875 0.04951041666666664 0.08801388888888895
0 0.9802708333333333 0.4735958333333333 0.07920833333333341 0.14434166666666667
0 0.5762890624999999 0.8561620370370371 0.10957812500000005 0.17250925925925922
