4 0.09738723958333333 0.717099537037037 0.009901562499999997 0.014082407407407358
4 0.7396666666666666 0.9183550925925926 0.012541666666666748 0.015252777777777738
3 0.6663932291666667 0.13034444444444443 0.016505208333333243 0.023470370370370357
3 0.6479114583333333 0.13445138888888888 0.007260416666666695 0.012908333333333336
3 0.6086354166666667 0.16026851851851853 0.009239583333333337 0.015255555555555555
3 0.5848697916666666 0.2606037037037037 0.01584375000000004 0.018775925925925946
3 0.4033434895833333 0.18960648148148146 0.014522395833333352 0.026990740740740746
4 0.8297682291666666 0.5557416666666667 0.011880208333333305 0.010561111111111065
4 0.8225078124999999 0.5416597222222223 0.00792187500000002 0.012908333333333258
4 0.9532057291666667 0.43428333333333335 0.013203124999999953 0.014081481481481454
1 0.9578281249999999 0.4413240740740741 0.025083333333333256 0.042246296296296275
0 0.5868515625 0.4906115740740741 0.04092187499999997 0.07510462962962969
0 0.5353630208333333 0.4841578703703704 0.04356562500000004 0.07158425925925929
0 0.10695859375 0.7024305555555556 0.04884739583333332 0.05984814814814812
0 0.094746875 0.6607712962962964 0.042906250000000014 0.09622777777777783
0 0.7515468750000001 0.9324393518518519 0.06270833333333338 0.08097314814814817
0 0.8291067708333333 0.5463532407407408 0.031682291666666626 0.04811388888888886
