4 0.13600338541666668 0.8233018518518518 0.018482812499999998 0.02699074074074072
4 0.8010546875000001 0.6273259259259258 0.015182291666666596 0.022296296296296335
4 0.7611171875 0.6238050925925926 0.01583854166666659 0.024643518518518526
4 0.43865885416666667 0.6607712962962964 0.01782291666666668 0.023470370370370437
4 0.4482302083333334 0.460100462962963 0.015842708333333337 0.0164287037037037
4 0.42413645833333335 0.44895231481481485 0.008581249999999999 0.01994907407407409
4 0.7221718750000001 0.815087962962963 0.014520833333333271 0.02699074074074072
4 0.6842161458333333 0.8244754629629629 0.019140625 0.029337962962962913
4 0.2891463541666667 0.48005 0.027723958333333285 0.023470370370370437
1 0.2993778645833334 0.49061203703703704 0.04818697916666667 0.10092222222222226
0 0.11851067708333334 0.7869231481481481 0.11419739583333334 0.17015925925925932
0 0.7835598958333333 0.5827324074074074 0.09505729166666665 0.16077037037037042
0 0.7000572916666667 0.795137962962963 0.08383333333333323 0.11148333333333338
0 0.44327942708333334 0.44015092592592586 0.05082760416666664 0.07979814814814812
0 0.44327968749999996 0.6373004629629629 0.052147916666666676 0.1056157407407408
