3 0.5990625 0.07049518518518519 0.012541666666666628 0.023470185185185184
3 0.3667080729166667 0.14149259259259261 0.013861979166666613 0.029337037037037036
3 0.39179166666666665 0.1426662037037037 0.008581249999999999 0.017602777777777773
3 0.5597864583333333 0.11802268518518519 0.010562499999999985 0.017602777777777773
3 0.39575234375 0.10570046296296297 0.013861979166666672 0.02112314814814815
4 0.8928072916666667 0.37502083333333336 0.013864583333333276 0.01290833333333331
1 0.8908255208333333 0.37912824074074075 0.020463541666666647 0.04928796296296296
3 0.9881901041666665 0.34568333333333334 0.01716145833333336 0.012909259259259266
4 0.971359375 0.3626990740740741 0.013864583333333276 0.037551851851851836
4 0.9852213541666667 0.36563333333333337 0.008578124999999895 0.0340314814814815
4 0.9980937500000001 0.36915370370370376 0.0066041666666667 0.041072222222222225
2 0.9802708333333333 0.3767814814814815 0.054124999999999916 0.09153333333333333
4 0.0917765625 0.706537962962963 0.013202083333333324 0.018775925925925946
4 0.11388984375 0.5369652777777778 0.012542187500000008 0.01760277777777775
4 0.08649583333333333 0.5428333333333334 0.010561458333333343 0.015255555555555555
4 0.9254817708333333 0.5968148148148148 0.013203124999999953 0.01994999999999994
4 0.8423098958333334 0.5721712962962963 0.011880208333333423 0.015255555555555555
4 0.8406588541666666 0.5891865740740742 0.009901041666666662 0.016428703703703647
4 0.8195364583333333 0.5850796296296297 0.01121874999999998 0.015255555555555555
0 0.10497838541666665 0.5275773148148148 0.06336927083333332 0.08566574074074075
0 0.09672708333333334 0.6901087962962964 0.04158645833333333 0.0704101851851852
0 0.8320781250000001 0.579212037037037 0.04290624999999994 0.05515555555555554
0 0.9360442708333333 0.5733444444444444 0.05017187499999996 0.08801296296296304
3 0.38552083333333337 0.9482824074074074 0.010561458333333343 0.014083333333333368
