4 0.5073091145833333 0.8426652777777779 0.020463020833333328 0.0328583333333333
4 0.8225078125 0.7294212962962964 0.018484375000000004 0.022296296296296335
4 0.3485552083333333 0.6994967592592592 0.014521875000000031 0.021123148148148245
4 0.3442645833333334 0.6601837962962963 0.016502083333333376 0.01760277777777775
4 0.3086192708333333 0.7053643518518519 0.01782291666666668 0.02816388888888881
4 0.27627447916666664 0.3955574074074074 0.028384375000000024 0.023470370370370332
1 0.52810234375 0.42665555555555557 0.04884739583333329 0.09974814814814821
4 0.30597890624999996 0.44425833333333337 0.0165026041666667 0.08331851851851856
4 0.27561432291666665 0.44132453703703706 0.007260937500000016 0.07041018518518524
4 0.2482200520833333 0.4378037037037037 0.014522395833333323 0.07275740740740738
2 0.27858463541666667 0.4718361111111111 0.12013802083333334 0.1854148148148148
0 0.48486640625000005 0.8080462962962964 0.10099635416666673 0.16546481481481481
0 0.8284479166666666 0.7077111111111111 0.06072916666666674 0.11500370370370366
0 0.32644192708333336 0.6783736111111112 0.07987239583333335 0.11031018518518518
