4 0.03665817708333333 0.676613425925926 0.015182291666666662 0.017602777777777853
4 0.077584375 0.715338888888889 0.011221875000000011 0.015255555555555555
3 0.7056692708333333 0.0746025 0.017161458333333237 0.026990740740740746
3 0.660453125 0.07694949074074074 0.007260416666666695 0.01525564814814815
3 0.6406484375 0.10863425925925925 0.009901041666666662 0.017601851851851858
3 0.4063138020833333 0.14266574074074076 0.0165026041666667 0.026990740740740746
4 0.8769635416666667 0.5316851851851853 0.008583333333333342 0.011735185185185166
4 0.8848854166666666 0.5463537037037037 0.012541666666666628 0.012909259259259266
4 0.9664088541666667 0.4072925925925926 0.01716145833333336 0.011735185185185218
1 0.9634375 0.4149203703703704 0.02442708333333338 0.045766666666666664
0 0.8848854166666666 0.5363791666666667 0.036302083333333235 0.05163425925925925
0 0.03203756770833333 0.6437550925925926 0.061389447916666666 0.1044416666666667
0 0.5538463541666666 0.46420787037037037 0.04489062500000003 0.07627870370370368
0 0.4894864583333334 0.4882648148148149 0.049507291666666654 0.07979814814814816
0 0.08781588541666666 0.6983236111111111 0.05412864583333333 0.07510462962962958
