4 0.3558161458333333 0.7775351851851853 0.017162499999999997 0.024644444444444538
4 0.6399895833333334 0.6554902777777778 0.01782291666666668 0.02229722222222224
4 0.12709166666666666 0.3750212962962963 0.028384374999999993 0.022296296296296283
4 0.15745625000000002 0.42020092592592595 0.019142708333333314 0.07745185185185188
4 0.127421875 0.41961481481481483 0.00660104166666667 0.06219629629629627
4 0.09969765625 0.4166810185185185 0.014522395833333323 0.06806388888888885
2 0.13105260416666667 0.4489523148148148 0.12343854166666667 0.1748527777777778
0 0.6449401041666666 0.6343666666666666 0.05148437500000007 0.1044425925925926
4 0.4353583333333333 0.7575856481481482 0.012541666666666687 0.022297222222222135
4 0.39839296874999997 0.7388097222222222 0.009901562499999983 0.024643518518518526
1 0.37000859375 0.4172675925925926 0.046867187500000004 0.09974814814814811
0 0.34030390624999995 0.7435037037037037 0.10495572916666666 0.15842407407407413
0 0.424796875 0.7229671296296296 0.07195104166666665 0.10561574074074069
