3 0.8093046875 0.015340194444444444 0.023765625000000058 0.035205351851851856
3 0.7568255208333333 0.017687208333333336 0.020463541666666647 0.025817250000000003
3 0.7343828124999999 0.07812296296296296 0.013859374999999948 0.026990740740740746
3 0.5442734375 0.06756138888888889 0.020463541666666765 0.03637888888888889
3 0.5139096354166667 0.054652777777777786 0.020461979166666686 0.03637888888888889
3 0.5020283854166667 0.08516407407407409 0.019143229166666664 0.03168481481481482
3 0.8198671875 0.9752685185185185 0.017161458333333237 0.025814814814814915
3 0.8376901041666667 0.9875925925925926 0.017161458333333237 0.02464814814814826
4 0.007613786458333332 0.41961481481481483 0.009901489583333334 0.015255555555555555
4 0.9690494791666667 0.5469402777777779 0.009244791666666667 0.01642870370370375
4 0.9911614583333335 0.5668902777777778 0.01782291666666668 0.014082407407407464
4 0.077584375 0.7640398148148149 0.009901041666666676 0.018775925925925946
4 0.06570260416666666 0.7505444444444445 0.011221874999999996 0.02464444444444443
4 0.04886997395833334 0.7863365740740741 0.015842343749999998 0.01642870370370375
4 0.27198359375 0.5727578703703705 0.011881770833333328 0.014082407407407358
4 0.27990494791666665 0.5868398148148148 0.011881770833333328 0.018775925925925946
4 0.2482203125 0.5874263888888889 0.017162499999999997 0.017602777777777853
4 0.2673630208333333 0.49589259259259255 0.006601041666666655 0.012909259259259266
4 0.23831848958333335 0.5058675925925926 0.00924114583333333 0.01408148148148156
4 0.36802812500000004 0.5340319444444445 0.012541666666666687 0.014082407407407464
0 0.0036532031249999985 0.4260689814814815 0.04158630208333333 0.0704101851851852
0 0.9878619791666667 0.5469407407407408 0.05082812499999995 0.07275740740740738
0 0.25383098958333333 0.4847439814814815 0.058748437500000014 0.09857500000000001
0 0.25779140624999997 0.5756916666666667 0.0640296875 0.07627777777777778
0 0.3696783854166667 0.5046944444444446 0.04884739583333335 0.09622777777777777
0 0.05613114583333333 0.7640398148148149 0.06468979166666666 0.07979814814814816
