4 0.05217046875 0.3867564814814815 0.02640385416666667 0.015255555555555555
4 0.028736979166666666 0.4260689814814815 0.012541875 0.06806388888888891
4 0.05580104166666667 0.4260689814814815 0.00726145833333333 0.05867499999999998
4 0.08451536458333334 0.4278291666666667 0.018482812499999998 0.07627870370370368
4 0.38684088541666667 0.4583402777777778 0.022443229166666672 0.019949074074074036
2 0.05943152083333334 0.4536462962962963 0.11353695833333333 0.1701592592592592
1 0.39443229166666666 0.46890185185185185 0.04290625 0.09740185185185182
4 0.609625 0.5334453703703704 0.012541666666666628 0.015255555555555555
4 0.5894895833333335 0.5134953703703704 0.010562499999999985 0.015255555555555555
4 0.5799192708333334 0.529337962962963 0.01122395833333331 0.01877592592592584
4 0.33733359375000005 0.3134120370370371 0.010561979166666664 0.011735185185185166
4 0.5521979166666666 0.39790462962962964 0.007260416666666695 0.016429629629629603
4 0.5205106770833333 0.40494537037037037 0.012541145833333307 0.011735185185185166
0 0.5987317708333334 0.5117351851851852 0.0594114583333333 0.07275740740740738
0 0.5333830729166666 0.38382222222222223 0.06865052083333331 0.11265740740740743
0 0.3452546875 0.30519722222222223 0.04356666666666662 0.08214629629629626
0 0.5036781250000001 0.7980717592592593 0.10165416666666668 0.18072129629629627
