3 0.34294427083333334 0.21072962962962966 0.01914270833333334 0.029337037037037036
3 0.40565390625 0.14325277777777778 0.013861979166666672 0.023470370370370384
3 0.4449299479166666 0.13679861111111113 0.014522395833333352 0.03168425925925925
3 0.5911432291666666 0.1244763888888889 0.01122395833333331 0.02112314814814815
3 0.5805807291666667 0.08927152777777779 0.009901041666666662 0.021123611111111103
3 0.6512109375 0.09455226851851853 0.017817708333333352 0.02933805555555556
3 0.7462656249999999 0.9817268518518518 0.008583333333333342 0.015250000000000026
4 0.7819088541666666 0.3767814814814815 0.009901041666666662 0.011735185185185218
1 0.7842187499999999 0.3773680555555556 0.025083333333333374 0.05280833333333335
4 0.8485807291666667 0.539312962962963 0.007265625000000024 0.015255555555555555
4 0.8314166666666666 0.5264041666666667 0.012541666666666628 0.010562037037037073
4 0.8281171875000001 0.5375523148148149 0.008578125000000015 0.011734259259259262
4 0.17857968750000003 0.6085499999999999 0.005940625000000003 0.015255555555555555
4 0.1587765625 0.6050291666666666 0.016502083333333317 0.010562037037037073
4 0.15646640625 0.618524537037037 0.018482812499999984 0.014082407407407358
4 0.31720052083333333 0.579799074074074 0.009901041666666662 0.011735185185185166
4 0.29376692708333335 0.5745180555555556 0.007921354166666639 0.01760277777777775
4 0.9812630208333334 0.9283291666666668 0.015182291666666596 0.021119444444444416
0 0.16273723958333336 0.6003351851851852 0.049507812500000005 0.069237037037037
0 0.31092968749999994 0.5539814814814814 0.05016770833333333 0.08918703703703704
0 0.8370286458333334 0.529924537037037 0.04224479166666673 0.05984907407407403
4 0.955515625 0.9066217592592593 0.007260416666666695 0.017602777777777853
0 0.9753177083333334 0.9089694444444445 0.053468750000000044 0.09270925925925924
0 0.4545013020833333 0.4782902777777778 0.05346822916666666 0.09505462962962968
