4 0.3558161458333333 0.7775351851851853 0.017162499999999997 0.024644444444444538
4 0.6399895833333334 0.6554902777777778 0.01782291666666668 0.02229722222222224
4 0.12709166666666666 0.3750212962962963 0.028384374999999993 0.022296296296296283
4 0.15745625000000002 0.42020092592592595 0.019142708333333314 0.07745185185185188
4 0.127421875 0.41961481481481483 0.00660104166666667 0.06219629629629627
4 0.09969765625 0.4166810185185185 0.014522395833333323 0.06806388888888885
2 0.13105260416666667 0.4489523148148148 0.12343854166666667 0.1748527777777778
0 0.6452708333333333 0.6343666666666666 0.05214583333333339 0.1044425925925926
4 0.43667838541666665 0.7798824074074073 0.013861979166666672 0.02699074074074072
4 0.4053239583333333 0.7540652777777778 0.006601041666666655 0.024643518518518526
4 0.413575 0.4436717592592593 0.02574375 0.021123148148148137
1 0.4238065104166666 0.4583402777777778 0.04884739583333329 0.1020953703703704
0 0.43337786458333327 0.7464375000000001 0.0640296875 0.11031018518518518
0 0.34162421875 0.745263888888889 0.10231510416666663 0.15724999999999995
