4 0.27330390625 0.4894384259259259 0.02640364583333333 0.01877685185185185
1 0.2822151041666666 0.49882638888888886 0.056108333333333336 0.09857499999999997
4 0.6901562499999999 0.5322712962962963 0.008583333333333342 0.01994999999999994
4 0.6657317708333332 0.5334449074074075 0.015182291666666596 0.019949074074074143
4 0.7518776041666667 0.7464370370370371 0.018484375000000004 0.016429629629629655
4 0.7165625000000001 0.7393962962962963 0.01782291666666668 0.025816666666666724
4 0.7426354166666667 0.7229666666666666 0.018479166666666675 0.018775925925925946
4 0.5333828125 0.9535601851851853 0.00792187500000002 0.029342592592592646
4 0.48420572916666665 0.9295055555555556 0.011221874999999966 0.03285925925925931
4 0.17659921875 0.32632037037037037 0.011221354166666675 0.016429629629629655
4 0.42347656250000004 0.4172675925925926 0.009901041666666662 0.015255555555555555
4 0.38717109375000003 0.4254819444444444 0.013861979166666672 0.0176027777777778
4 0.7162317708333333 0.6015087962962963 0.00792187500000002 0.019949074074074143
4 0.7525364583333333 0.6214583333333333 0.01584374999999992 0.022296296296296335
4 0.50664921875 0.5346185185185186 0.023103645833333353 0.017601851851851844
4 0.4716638020833333 0.5305111111111112 0.012542187500000008 0.018775925925925946
0 0.18287005208333335 0.31458518518518513 0.0554484375 0.09622777777777777
0 0.4053239583333333 0.4043587962962963 0.07393124999999999 0.11383055555555557
0 0.50763828125 0.9359569444444444 0.0726088541666666 0.11382685185185185
0 0.4983971354166667 0.4894384259259259 0.07657031250000006 0.14786203703703701
0 0.673984375 0.5211231481481483 0.054125000000000034 0.08918703703703704
0 0.7452734375000001 0.5762777777777779 0.07260937500000005 0.15020925925925926
0 0.7363645833333334 0.7229671296296296 0.07459375000000001 0.11735092592592596
