3 0.46209244791666665 0.042917685185185184 0.02640364583333336 0.05046092592592592
3 0.30531874999999997 0.11860925925925925 0.011221875000000025 0.025816666666666658
3 0.5386640625000001 0.11332824074074074 0.021119791666666644 0.03403240740740741
4 0.8627734375 0.3450967592592593 0.011880208333333423 0.014082407407407412
1 0.8637630208333335 0.34803055555555557 0.0257447916666667 0.05515555555555554
4 0.2828755208333334 0.382062037037037 0.008581249999999999 0.010561111111111117
4 0.26571276041666664 0.38616944444444445 0.00858177083333335 0.011735185185185166
4 0.893796875 0.529924537037037 0.010562499999999985 0.012908333333333362
4 0.885546875 0.5123217592592593 0.01121874999999998 0.012908333333333362
4 0.9142604166666667 0.5281643518518518 0.0066041666666667 0.014082407407407464
4 0.2627424479166667 0.48357083333333334 0.007921354166666698 0.011734259259259262
4 0.252840625 0.5005870370370371 0.017162499999999997 0.015255555555555555
4 0.227096875 0.49941296296296295 0.006601041666666655 0.015255555555555555
4 0.37660937499999997 0.715338888888889 0.015182291666666655 0.015255555555555555
4 0.3475651041666667 0.7112319444444445 0.009901041666666662 0.01877685185185185
4 0.7053385416666667 0.5164291666666667 0.01121874999999998 0.01642870370370375
4 0.6795963541666666 0.5187763888888889 0.015182291666666714 0.014082407407407464
4 0.6690338541666667 0.9207046296296296 0.01122395833333331 0.02464629629629624
4 0.6323984374999999 0.9160078703703705 0.014526041666666718 0.019947222222222123
4 0.63371875 0.8802175925925926 0.013197916666666741 0.018775925925925946
0 0.27594427083333334 0.3773680555555556 0.03960625000000002 0.05515462962962964
0 0.2482200520833333 0.4847444444444445 0.05280781250000001 0.07745185185185183
0 0.36571796875 0.6783736111111112 0.06600989583333335 0.13612685185185192
0 0.6495598958333333 0.8972351851851852 0.06997395833333328 0.09975185185185183
0 0.6865286458333333 0.4906115740740741 0.05808854166666677 0.11031018518518518
0 0.8964374999999999 0.5176023148148149 0.04753125 0.06336944444444441
0 0.5769505208333333 0.43839074074074075 0.05808854166666665 0.09740185185185182
