4 0.12577161458333333 0.8168481481481482 0.02310364583333334 0.03051111111111111
4 0.7159010416666667 0.7804689814814816 0.012541666666666628 0.023469444444444532
4 0.6663932291666667 0.7904439814814814 0.019140625 0.02933796296296302
4 0.4416291666666667 0.6484490740740741 0.019803124999999967 0.022296296296296335
4 0.9637682291666666 0.36621944444444443 0.023765625000000058 0.023470370370370332
4 0.51787109375 0.5334449074074075 0.019143229166666723 0.024643518518518526
4 0.49542734375 0.5111481481481481 0.013861979166666672 0.022296296296296335
4 0.4858559895833333 0.5275773148148148 0.010561979166666664 0.024643518518518526
4 0.12181093750000001 0.4178541666666667 0.019142708333333328 0.028163888888888867
1 0.14227421875000001 0.43897731481481483 0.06138906250000001 0.11031018518518518
0 0.10299809895833333 0.7839893518518518 0.12409859375 0.17837314814814817
0 0.9710286458333334 0.341575925925926 0.08184895833333337 0.12673888888888887
0 0.5099505208333334 0.5088013888888889 0.06667187499999994 0.09036018518518514
0 0.4452598958333333 0.6255652777777778 0.05478854166666664 0.1056157407407408
0 0.6825651041666667 0.7335287037037037 0.09505729166666665 0.1994962962962963
