4 0.1584466145833333 0.4735958333333333 0.027724479166666694 0.02229722222222224
1 0.16669791666666667 0.45599351851851855 0.04554687500000002 0.09740185185185192
4 0.44691015624999997 0.4137472222222222 0.019802604166666644 0.019949999999999992
4 0.4535111979166667 0.43193611111111113 0.015842187500000014 0.018775925925925946
4 0.41951614583333335 0.4278291666666667 0.02178333333333337 0.02229722222222224
4 0.6383385416666666 0.647275462962963 0.019802083333333324 0.022297222222222135
4 0.6020338541666667 0.6196981481481482 0.009244791666666667 0.023470370370370332
4 0.36835833333333334 0.6783736111111112 0.015842708333333337 0.025817592592592628
4 0.3366734375 0.6713324074074074 0.014521875000000031 0.023470370370370332
4 0.5257911458333333 0.4055324074074074 0.016501041666666615 0.019949999999999992
4 0.5152317708333334 0.3873430555555556 0.01122395833333331 0.014082407407407412
4 0.6650729166666667 0.8080462962962964 0.007260416666666695 0.02699074074074072
4 0.6201848958333334 0.7816425925925926 0.01122395833333331 0.023470370370370332
4 0.6323984374999999 0.8168481481481482 0.019807291666666654 0.018775925925925946
4 0.6241458333333334 0.540486111111111 0.016500000000000032 0.015255555555555555
0 0.636359375 0.6167643518518519 0.08185416666666671 0.17954722222222227
0 0.5277729166666666 0.39321064814814816 0.0508291666666666 0.08214537037037035
0 0.43337786458333327 0.38968981481481485 0.0811921875 0.13143333333333332
0 0.35317578125 0.657250462962963 0.06600989583333335 0.1056157407407408
0 0.6380078124999999 0.7886833333333334 0.07195312499999992 0.11500370370370366
0 0.6264583333333333 0.5046939814814816 0.07657291666666666 0.13143240740740741
