1 0.07197341145833333 0.4020115740740741 0.051487552083333325 0.09505462962962963
4 0.6871875000000001 0.6942162037037037 0.01584374999999992 0.024643518518518526
4 0.6340494791666667 0.6836541666666667 0.01650520833333336 0.029337962962962913
4 0.30597890625 0.5146689814814814 0.027064062499999982 0.02229722222222224
4 0.28320520833333335 0.6683986111111111 0.01320208333333331 0.024643518518518526
4 0.2551513020833333 0.6478625 0.016502604166666667 0.025817592592592628
4 0.2455796875 0.6689856481481482 0.010561458333333313 0.025817592592592628
4 0.4977377604166667 0.5492875 0.01716302083333338 0.023469444444444428
4 0.45318098958333336 0.5352055555555555 0.009901562500000042 0.023470370370370437
0 0.30333828125 0.4741824074074074 0.0838328125 0.1384740740740741
0 0.2700033854166667 0.6484490740740741 0.07525156250000001 0.11852407407407405
0 0.48486640625000005 0.5199495370370371 0.09571510416666668 0.1595972222222222
0 0.6637526041666666 0.6637050925925927 0.1115572916666667 0.1983231481481481
