3 0.6353671875000001 0.19958101851851853 0.009901041666666662 0.014082407407407384
3 0.6112734375 0.1461865740740741 0.011880208333333305 0.017602777777777773
3 0.5861901041666667 0.14501296296296298 0.006598958333333253 0.012909259259259266
3 0.5716692708333333 0.16789675925925926 0.010557291666666658 0.0164287037037037
3 0.5208401041666666 0.22305185185185186 0.010559375000000001 0.018775925925925918
3 0.5115999999999999 0.21659722222222225 0.010561458333333284 0.017601851851851872
3 0.46968359375 0.1678962962962963 0.009901562499999983 0.023470370370370384
3 0.46011197916666663 0.17024398148148148 0.009241666666666681 0.021123148148148165
3 0.41357499999999997 0.19547407407407408 0.007261458333333337 0.019949999999999992
3 0.4218263020833333 0.1620287037037037 0.00924114583333336 0.011735185185185192
4 0.07065338541666667 0.7100587962962963 0.009241145833333337 0.021123148148148137
1 0.08748567708333332 0.7018439814814816 0.044226562500000004 0.0704101851851852
4 0.8842265625000001 0.4325231481481482 0.013859374999999948 0.010561111111111065
4 0.9964427083333334 0.43076296296296296 0.01121874999999998 0.03051111111111111
2 1.0063437499999999 0.44367129629629626 0.05214583333333339 0.07041111111111115
1 0.8825755208333333 0.4336967592592593 0.02376562499999994 0.048113888888888914
4 0.2706635416666667 0.5809722222222223 0.015842708333333365 0.014081481481481454
4 0.259771875 0.5686504629629631 0.008581249999999999 0.012908333333333362
4 0.33139270833333334 0.5557416666666667 0.010561458333333343 0.012909259259259266
4 0.11256953125 0.5129087962962963 0.009901562500000013 0.009387962962962973
4 0.10134791666666666 0.5252305555555556 0.011221874999999996 0.010561111111111065
4 0.12049088541666667 0.5228833333333333 0.009901562500000013 0.012909259259259162
4 0.09144635416666666 0.5815587962962963 0.012541666666666658 0.012908333333333258
4 0.09672708333333334 0.5938805555555555 0.011221874999999996 0.011735185185185166
4 0.07989479166666666 0.5944675925925926 0.010561458333333343 0.010561111111111065
4 0.6145755208333334 0.8191949074074074 0.018484375000000004 0.016428703703703647
4 0.6125963541666666 0.8373842592592593 0.013203124999999953 0.012909259259259266
4 0.572 0.804525925925926 0.01121874999999998 0.017601851851851844
4 0.8343880208333334 0.5657166666666666 0.014526041666666718 0.01173518518518527
4 0.8159062499999999 0.5563282407407407 0.013197916666666741 0.014082407407407358
4 0.8109557291666666 0.5674768518518519 0.01122395833333331 0.015255555555555661
0 0.8231666666666667 0.5516347222222222 0.05016666666666675 0.06336944444444441
0 0.5696875 0.7834027777777779 0.05544791666666669 0.12321851851851855
0 0.6135859375 0.8133273148148148 0.04026562499999997 0.0704101851851852
0 0.3280921875 0.5475273148148149 0.04752708333333331 0.08566574074074075
0 0.2719838541666667 0.5563287037037038 0.04356666666666668 0.08918703703703704
0 0.10662890625 0.5146689814814814 0.040266145833333336 0.05515462962962964
0 0.08451536458333334 0.5839060185185185 0.042246354166666666 0.05515462962962964
