1 0.24656979166666665 0.4202013888888889 0.04158645833333333 0.07979907407407406
3 0.0161950859375 0.42313518518518517 0.025743890625 0.015255555555555555
4 0.0468896875 0.4647944444444445 0.01980291666666667 0.07275740740740744
4 0.017185234374999997 0.4665546296296297 0.007921197916666668 0.06219629629629632
2 0.03071731770833333 0.49413240740740744 0.09835494791666666 0.1736796296296297
4 0.4908065104166667 0.4976527777777777 0.009901562500000042 0.016429629629629655
4 0.45549140625 0.4982398148148148 0.011881770833333387 0.015255555555555555
4 0.3000380208333333 0.5610222222222222 0.01782291666666668 0.018775925925925946
4 0.22445651041666667 0.48005046296296305 0.014522395833333352 0.014082407407407358
4 0.6624322916666666 0.6085495370370371 0.013864583333333395 0.017602777777777853
4 0.6716744791666667 0.6337800925925927 0.021786458333333297 0.021123148148148137
4 0.7109505208333333 0.6414078703703704 0.01320312500000007 0.01760277777777775
4 0.7690390625 0.28759444444444443 0.011880208333333305 0.011735185185185218
4 0.7706875 0.3022634259259259 0.012541666666666628 0.012908333333333362
4 0.7548463541666666 0.2946356481481482 0.008578125000000015 0.014082407407407412
4 0.36802812500000004 0.5704106481481481 0.007261458333333337 0.01877685185185185
4 0.3327127604166667 0.5827328703703704 0.018482812499999984 0.01760277777777775
4 0.44790026041666664 0.5322712962962963 0.011221354166666645 0.015255555555555555
4 0.42215624999999996 0.5316847222222222 0.011221874999999966 0.01642870370370375
0 0.3099395833333334 0.5281643518518518 0.06535000000000005 0.12908611111111112
0 0.43205781249999997 0.5146685185185185 0.05346770833333334 0.08097222222222226
0 0.22478645833333336 0.4618606481481482 0.04950729166666668 0.07862500000000007
0 0.33733359374999994 0.5580888888888889 0.07921197916666672 0.14668888888888887
0 0.6828958333333334 0.6150041666666667 0.08383333333333336 0.10561574074074069
0 0.7644166666666667 0.28759444444444443 0.03432291666666672 0.05398148148148149
0 0.4746341145833333 0.48063703703703703 0.0726109375 0.12791296296296292
