3 0.7314114583333333 0.008885881620370371 0.01452083333333339 0.0176026812037037
3 0.7363619791666667 0.03822361111111111 0.015182291666666714 0.024643703703703706
3 0.6043437500000001 0.07988314814814815 0.01782291666666668 0.02581703703703704
3 0.6066536458333334 0.15616157407407408 0.01716145833333336 0.03755277777777777
3 0.6465911458333333 0.07284236111111111 0.021786458333333297 0.04224675925925927
4 0.0848453125 0.5915337962962963 0.021783333333333325 0.016428703703703647
1 0.09045651041666665 0.5827324074074074 0.0356453125 0.0692370370370371
4 0.49377708333333326 0.3873430555555556 0.015842708333333337 0.0164287037037037
4 0.3749591145833333 0.6507958333333334 0.007921354166666639 0.01760277777777775
4 0.34657499999999997 0.6601837962962963 0.01320208333333331 0.01760277777777775
4 0.7647473958333334 0.8010055555555556 0.01122395833333331 0.019950000000000048
4 0.73834375 0.7945509259259259 0.013864583333333395 0.01642962962962955
4 0.8225078124999999 0.696562962962963 0.011880208333333305 0.019950000000000048
4 0.9248229166666666 0.7622796296296296 0.026406250000000023 0.022296296296296335
4 0.9027083333333333 0.7393958333333333 0.013864583333333276 0.021123148148148137
4 0.8142578125 0.707125 0.00990104166666678 0.015255555555555555
4 0.8373567708333333 0.7147527777777778 0.015182291666666596 0.011735185185185166
4 0.25680156249999997 0.5886000000000001 0.01320208333333334 0.015255555555555555
4 0.2313875 0.579212037037037 0.005940625000000003 0.015255555555555555
0 0.9195416666666666 0.7417430555555555 0.06601041666666667 0.09388055555555563
0 0.8330703125 0.7018435185185186 0.047526041666666664 0.0657166666666666
0 0.7449453125000001 0.7810555555555555 0.05874479166666665 0.08097222222222217
0 0.49311718750000005 0.3679800925925926 0.03960624999999999 0.069237962962963
0 0.3521856770833333 0.6431685185185186 0.06799010416666663 0.11969814814814815
0 0.25482109374999995 0.5692375 0.055448437499999975 0.09857499999999991
