4 0.6043437500000001 0.35096435185185193 0.019145833333333327 0.0164287037037037
1 0.6135859375 0.3574185185185185 0.04026562499999997 0.08097222222222226
4 0.7086380208333334 0.2881814814814815 0.020463541666666647 0.012909259259259266
4 0.7284427083333332 0.32103935185185184 0.00990624999999999 0.059849074074074075
4 0.7076510416666667 0.3198662037037037 0.005281250000000052 0.048113888888888914
4 0.6881744791666667 0.3186925925925926 0.015182291666666596 0.05750185185185183
2 0.7066588541666666 0.33981620370370375 0.08251562500000004 0.12556574074074073
4 0.43964895833333334 0.5639564814814815 0.017162499999999997 0.019950000000000048
4 0.38750104166666666 0.579212037037037 0.014521874999999972 0.019950000000000048
4 0.36835833333333334 0.5645430555555556 0.017162499999999997 0.016428703703703647
4 0.36109713541666666 0.5833194444444445 0.01320156249999999 0.018775925925925946
4 0.4343682291666667 0.6854148148148149 0.007920833333333318 0.02581666666666662
4 0.4003731770833333 0.7088847222222222 0.024423437500000016 0.021123148148148137
4 0.24954036458333334 0.9858333333333335 0.019802604166666644 0.028166666666666736
4 0.2102645833333333 0.9893518518518519 0.015182291666666684 0.025814814814814915
4 0.32710208333333335 0.9218768518518519 0.017822916666666622 0.01994999999999994
4 0.2769346354166667 0.9242222222222223 0.0165026041666667 0.029333333333333288
0 0.4403091145833333 0.5440069444444444 0.06865052083333331 0.12556574074074073
0 0.3779296875 0.5651296296296295 0.06270937500000003 0.08801296296296295
0 0.4040036458333333 0.6625310185185186 0.07657187500000001 0.1396472222222222
0 0.31026927083333333 0.8989939814814816 0.11485729166666667 0.20184537037037042
0 0.23666848958333334 0.9582537037037038 0.08515260416666666 0.12321481481481482
