4 0.7987447916666668 0.3615259259259259 0.014520833333333271 0.011735185185185218
4 0.9947942708333334 0.3521375 0.011880208333333423 0.037552777777777796
2 1.0070052083333332 0.3679800925925926 0.05742708333333333 0.08331944444444446
1 0.8017135416666666 0.3621125 0.02310416666666673 0.04576759259259257
4 0.9571666666666666 0.8338638888888888 0.013197916666666741 0.019950000000000048
4 0.96871875 0.8632013888888889 0.016500000000000032 0.019949074074074036
0 0.9697083333333333 0.8461856481481481 0.05677083333333333 0.08683981481481486
4 0.3838705729166667 0.39731805555555555 0.011221354166666645 0.010562037037037073
4 0.37132864583333336 0.3937972222222223 0.007261458333333337 0.008214814814814828
4 0.2894763020833333 0.4994134259259259 0.009901562499999983 0.012908333333333362
4 0.2851856770833333 0.5134953703703704 0.011881770833333328 0.012909259259259266
4 0.26868333333333333 0.5123217592592593 0.006601041666666626 0.012908333333333362
4 0.3086192708333333 0.460100462962963 0.016502083333333317 0.014082407407407412
4 0.28320520833333335 0.5844930555555556 0.01320208333333331 0.014082407407407358
4 0.25482109375 0.5827328703703704 0.010561979166666664 0.01760277777777775
4 0.6739843750000001 0.392037037037037 0.010562499999999985 0.011735185185185218
4 0.6693619791666666 0.40025185185185186 0.00792187500000002 0.011735185185185166
4 0.6838854166666666 0.40259861111111117 0.009239583333333337 0.00938796296296292
4 0.8244869791666666 0.5663037037037036 0.018484375000000004 0.015255555555555555
4 0.7954427083333333 0.6020953703703703 0.01452083333333339 0.016429629629629655
0 0.8234973958333334 0.5445935185185186 0.04158854166666662 0.07275740740740749
0 0.37891979166666667 0.3896902777777778 0.02640416666666668 0.03989907407407408
0 0.3039984375 0.43839074074074075 0.04554687500000002 0.07862592592592588
0 0.268353125 0.5721708333333334 0.06535000000000002 0.11148425925925917
0 0.281225 0.5023472222222222 0.03960625000000002 0.05398148148148144
0 0.7984114583333333 0.5897736111111112 0.05742708333333333 0.11383055555555557
0 0.6772864583333332 0.39321064814814816 0.035645833333333245 0.04693981481481481
3 0.3412942708333333 0.11860925925925928 0.01320208333333331 0.023470370370370357
3 0.4191859375 0.11098148148148149 0.015842708333333337 0.026990740740740746
3 0.5574765625 0.1121550925925926 0.015182291666666714 0.024643518518518526
3 0.6168854166666667 0.05406601851851852 0.01782291666666668 0.02581722222222222
