1 0.8353776041666666 0.6273259259259258 0.06139062499999994 0.1302592592592592
0 0.6541822916666666 0.6865879629629631 0.1016562499999999 0.1994962962962963
0 0.43832890625 0.7822291666666668 0.13994114583333328 0.2593453703703705
0 0.28782604166666664 0.6648782407407408 0.09505416666666668 0.16546574074074072
0 0.38519088541666663 0.4677287037037038 0.07459114583333334 0.11617777777777781
2 0.24921015624999998 0.4847444444444445 0.15776406250000002 0.21123148148148155
4 0.25383098958333333 0.4002513888888889 0.03366510416666667 0.025817592592592628
4 0.25383098958333333 0.5105615740740741 0.02970468749999998 0.03051203703703712
4 0.17890963541666668 0.5398995370370371 0.010561979166666664 0.04928796296296296
4 0.23039739583333332 0.46010092592592594 0.014521874999999972 0.0657166666666666
4 0.2558111979166667 0.4683148148148148 0.012542187499999979 0.042246296296296275
4 0.2802348958333333 0.45834027777777786 0.012541666666666687 0.06688981481481486
4 0.32314140624999993 0.5422462962962963 0.00858177083333332 0.042246296296296275
4 0.46143229166666666 0.8579203703703704 0.023763541666666714 0.03051111111111111
4 0.3960825520833333 0.8250625000000001 0.02112343749999995 0.03989907407407408
4 0.29013645833333335 0.715338888888889 0.03894583333333337 0.02699074074074072
4 0.2469 0.6801337962962963 0.010561458333333343 0.029337962962962913
4 0.6568203125000001 0.7147527777777778 0.022442708333333408 0.03051111111111111
4 0.39509218749999997 0.4947189814814815 0.02178333333333337 0.024643518518518526
4 0.36571770833333334 0.4841578703703704 0.01320208333333331 0.024643518518518474
