1 0.05910161458333333 0.706537962962963 0.041586354166666666 0.07275740740740738
1 0.8109557291666667 0.45716666666666667 0.020463541666666647 0.04342037037037038
4 0.04424932291666666 0.7141657407407408 0.011881770833333334 0.02699074074074072
4 0.8126067708333333 0.4583407407407407 0.01320312500000007 0.015255555555555555
3 0.3247916666666667 0.10159324074074075 0.044886458333333344 0.06454314814814816
3 0.43172786458333334 0.14970694444444446 0.03960572916666667 0.059849074074074075
3 0.48651536458333333 0.2289189814814815 0.06996927083333333 0.11500462962962962
3 0.515559375 0.1766976851851852 0.05676666666666658 0.09505462962962966
3 0.5891614583333333 0.23243981481481482 0.042906250000000055 0.07745185185185183
0 0.08682578125 0.5422462962962963 0.04026614583333332 0.04694074074074077
0 0.14491458333333332 0.6683986111111111 0.056108333333333336 0.08566574074074075
0 0.24095911458333333 0.5715842592592593 0.029044270833333326 0.04694074074074077
0 0.24855026041666667 0.6343666666666666 0.05346822916666669 0.09270740740740743
0 0.740984375 0.5528078703703704 0.04158333333333329 0.07979907407407406
0 0.9248229166666666 0.5768648148148149 0.03432291666666659 0.05515555555555554
0 0.8914869791666667 0.8420787037037036 0.046869791666666674 0.08097222222222217
4 0.23534817708333336 0.6419944444444445 0.00858177083333335 0.018775925925925946
4 0.259771875 0.6443416666666667 0.011221875000000025 0.01408148148148156
4 0.1673578125 0.677787037037037 0.011221875000000025 0.026990740740740825
4 0.1584466145833333 0.6725060185185185 0.010561979166666693 0.01877685185185185
4 0.14854505208333332 0.6912824074074074 0.019802604166666644 0.018775925925925946
4 0.09144661458333332 0.5416592592592593 0.009901562499999997 0.015255555555555555
4 0.09870755208333334 0.5516342592592592 0.008581770833333335 0.018775925925925946
4 0.08121484375 0.5551546296296297 0.011881770833333328 0.011735185185185166
4 0.2340278645833333 0.5827324074074074 0.009901562500000013 0.012909259259259266
4 0.23765859375 0.5739314814814815 0.011881770833333328 0.011735185185185166
4 0.9248203125 0.5886 0.013203124999999953 0.017601851851851844
4 0.756828125 0.5610226851851852 0.008583333333333342 0.016428703703703647
4 0.735375 0.5633694444444446 0.010562499999999985 0.014081481481481454
4 0.9079895833333332 0.8508796296296297 0.00990624999999999 0.02112407407407404
4 0.8878567708333333 0.8573337962962962 0.01716145833333336 0.019949074074074036
2 0.9109583333333333 0.4624476851851852 0.05016666666666663 0.07510462962962963
3 0.9165703125 0.4336967592592593 0.015182291666666714 0.01056203703703702
4 0.9254817708333333 0.45481990740740746 0.006598958333333371 0.034032407407407456
4 0.9142604166666667 0.4518861111111111 0.005281250000000052 0.03051111111111111
4 0.9030390625 0.45012592592592593 0.009244791666666667 0.03168518518518516
