4 0.060421692708333335 0.41550740740740744 0.027063906250000005 0.016429629629629655
4 0.12049088541666667 0.4964796296296296 0.009901562500000013 0.0657166666666666
4 0.08451536458333334 0.4595138888888889 0.011881770833333328 0.0504611111111111
4 0.0633921875 0.45012592592592593 0.019803124999999994 0.05750185185185189
4 0.04259908854166666 0.4583402777777778 0.007261093750000006 0.04576759259259257
4 0.003653200520833333 0.5088013888888889 0.008581307291666666 0.06219537037037042
4 0.06603255208333333 0.49882638888888886 0.022443229166666672 0.01877685185185185
2 0.061741927083333335 0.47887685185185186 0.13532031249999998 0.16194444444444436
4 0.3294122395833334 0.48533101851851856 0.022443229166666672 0.01760277777777775
1 0.33601328125 0.4765296296296297 0.03960572916666667 0.09153333333333338
4 0.3026783854166667 0.3609388888888889 0.013861979166666672 0.012909259259259266
4 0.8050130208333334 0.38088888888888894 0.015182291666666714 0.015255555555555555
4 0.37594921875 0.7569986111111112 0.009901562499999983 0.021123148148148137
4 0.34789531249999994 0.7775351851851853 0.017162499999999997 0.022296296296296335
4 0.2581216145833333 0.717099537037037 0.023764062500000033 0.01877685185185185
4 0.25185078125 0.7411564814814815 0.016502604166666667 0.02464444444444443
0 0.31357005208333333 0.33394814814814816 0.0554484375 0.09505370370370372
0 0.26439244791666666 0.7153393518518518 0.07063072916666666 0.1020953703703704
0 0.8050130208333334 0.3644597222222222 0.054786458333333364 0.11383055555555552
0 0.3554861979166667 0.7476111111111112 0.06138906249999998 0.10796296296296298
