3 0.6393281250000001 0.04995870370370371 0.019145833333333327 0.029337777777777775
3 0.5878411458333335 0.04937199074074074 0.008578125000000015 0.01408212962962963
3 0.5188598958333334 0.0892714351851852 0.014519791666666629 0.028164537037037033
3 0.3663778645833333 0.058173287037037044 0.014522395833333293 0.017602685185185186
3 0.45318098958333336 0.1743509259259259 0.0178223958333333 0.034031481481481475
3 0.44261953125000003 0.18432546296296298 0.019143229166666664 0.03755277777777777
3 0.34888541666666667 0.015340194444444444 0.028384375000000024 0.035205351851851856
3 0.4033434895833333 0.014753430555555558 0.04356614583333336 0.03168480555555556
3 0.6026927083333333 0.007125611111111111 0.02112499999999997 0.018776185185185187
4 0.8720130208333332 0.3585921296296296 0.01716145833333336 0.01290833333333331
4 0.6257968750000001 0.4888518518518519 0.009239583333333337 0.015255555555555555
4 0.39443229166666666 0.6543166666666668 0.015182291666666655 0.017601851851851844
4 0.32116119791666664 0.6807208333333333 0.013861979166666672 0.016428703703703647
4 0.31489036458333336 0.696562962962963 0.011881770833333328 0.019950000000000048
4 0.3426143229166667 0.6948027777777778 0.019802604166666703 0.01877592592592584
1 0.022135989583333335 0.6795472222222223 0.04818729166666667 0.07979814814814806
1 0.8703619791666667 0.3597657407407408 0.025744791666666583 0.0504611111111111
0 0.38222031250000005 0.637300925925926 0.06733020833333334 0.12673888888888893
0 0.33502317708333335 0.6566638888888889 0.06799010416666663 0.12791296296296292
0 0.6165546874999999 0.4671416666666667 0.05413020833333337 0.1009222222222222
