4 0.9964453125000001 0.3720875 0.009901041666666662 0.028163888888888867
2 1.0063437499999999 0.38264907407407406 0.053468750000000044 0.08214629629629631
4 0.9581562499999999 0.38675601851851854 0.013864583333333395 0.01290833333333331
1 0.9647578125 0.3926236111111111 0.028380208333333337 0.05280833333333335
4 0.8152447916666666 0.48533101851851856 0.009239583333333337 0.010562037037037073
4 0.8383489583333333 0.4865046296296296 0.00791666666666669 0.012909259259259266
4 0.8607942708333333 0.5985750000000001 0.01716145833333336 0.011735185185185166
4 0.8812552083333335 0.6015087962962963 0.009239583333333337 0.010562037037036969
4 0.8581510416666667 0.6120703703703705 0.01584374999999992 0.012909259259259162
4 0.639328125 0.3885162037037037 0.01121874999999998 0.00938796296296292
4 0.6360286458333334 0.3967314814814815 0.008578125000000015 0.011735185185185218
4 0.6489010416666666 0.3955578703703704 0.0066041666666667 0.009387962962962973
4 0.20498359374999997 0.5668902777777779 0.012542187499999979 0.01642870370370375
4 0.21059453125 0.5797986111111111 0.00924114583333333 0.014082407407407464
4 0.19112135416666665 0.5809722222222223 0.011221874999999996 0.014081481481481454
4 0.26538281249999995 0.5305111111111112 0.010561458333333313 0.01642962962962955
4 0.0300571875 0.7716675925925927 0.012541875 0.01994999999999994
4 0.015865026041666667 0.7968981481481482 0.01848276041666667 0.018775925925925946
1 0.09441666666666666 0.6155907407407407 0.036965624999999995 0.06689074074074071
4 0.08088489583333333 0.6226319444444445 0.008581249999999999 0.019949074074074143
0 0.9601380208333333 0.8432518518518519 0.05610937500000001 0.08331851851851844
0 0.2673630208333333 0.5146689814814814 0.05280833333333333 0.09036018518518514
0 0.19937291666666665 0.5709972222222222 0.040926041666666656 0.05750185185185183
0 0.017515286458333335 0.7781222222222223 0.05478828125 0.08449259259259266
0 0.6406510416666666 0.39086342592592593 0.028385416666666666 0.03520462962962959
0 0.8254765625 0.47711666666666663 0.05082812500000008 0.08097222222222221
0 0.8664036458333333 0.5909467592592593 0.05346354166666659 0.08331944444444446
3 0.44856041666666663 0.11508842592592593 0.012541666666666628 0.02581759259259259
3 0.5974114583333333 0.13210462962962963 0.01452083333333339 0.019949999999999992
3 0.63371875 0.08281722222222222 0.01452083333333339 0.02229703703703705
