3 0.591140625 0.23713379629629633 0.016499999999999914 0.025817592592592576
3 0.6396588541666667 0.2958092592592593 0.023765625000000058 0.037551851851851836
3 0.5663880208333334 0.29170231481481484 0.0330052083333334 0.04811388888888886
3 0.41126458333333327 0.24417453703703706 0.02640416666666668 0.049287962962962985
4 0.7772916666666667 0.48181064814814817 0.012541666666666748 0.010562037037036969
1 0.77828125 0.48063703703703703 0.025083333333333374 0.04107222222222228
1 0.026426640624999997 0.6865879629629631 0.03432515625 0.05867592592592593
4 0.02114583333333333 0.6936296296296297 0.017162604166666665 0.011735185185185166
4 0.9390130208333334 0.4618611111111111 0.01122395833333331 0.010561111111111065
4 0.9499062500000001 0.4812236111111111 0.0066041666666667 0.03285833333333336
4 0.9383541666666666 0.48005046296296305 0.005937499999999929 0.02816388888888892
4 0.9268020833333334 0.4765296296296297 0.010562499999999985 0.030511111111111162
2 0.9357135416666666 0.49061203703703704 0.04686458333333334 0.08449259259259255
4 0.33799375 0.5698240740740742 0.006601041666666655 0.01056111111111117
4 0.3297424479166667 0.5803856481481482 0.009901562499999983 0.012908333333333362
4 0.8574921875 0.7212069444444444 0.010557291666666658 0.012908333333333362
4 0.8376901041666667 0.7100583333333335 0.013203124999999953 0.014081481481481454
4 0.8327369791666667 0.7212069444444444 0.011223958333333428 0.01760277777777775
4 0.218515625 0.6901083333333333 0.007920833333333318 0.011735185185185166
4 0.21224453125 0.6783736111111112 0.009901562499999983 0.014082407407407464
4 0.20069296875 0.6901087962962963 0.00924114583333333 0.014082407407407464
4 0.9264713541666666 0.6097231481481481 0.009901041666666662 0.012909259259259266
4 0.9202005208333333 0.5927074074074075 0.006598958333333253 0.014081481481481454
4 0.9119505208333334 0.6003351851851852 0.004619791666666729 0.015255555555555555
4 0.7753098958333332 0.5927074074074075 0.008578125000000015 0.011735185185185166
4 0.25647135416666667 0.8180212962962963 0.013862499999999993 0.016429629629629655
0 0.044909427083333335 0.5440064814814816 0.050167604166666664 0.07627777777777778
0 0.25086041666666664 0.8191944444444444 0.03960624999999999 0.0657166666666666
0 0.20696380208333331 0.6836541666666667 0.04026614583333335 0.05515462962962964
0 0.3307325520833333 0.5727578703703705 0.029044270833333326 0.04459351851851847
0 0.773 0.5809722222222223 0.03960416666666665 0.07275740740740749
0 0.8469322916666667 0.7053643518518519 0.05544791666666657 0.07745092592592587
0 0.9248229166666667 0.597987962962963 0.03564583333333336 0.05280740740740734
