4 0.5881692708333333 0.3016768518518519 0.02244270833333329 0.018775925925925894
1 0.5941119791666667 0.3081314814814815 0.03696354166666668 0.08097222222222221
4 0.7284427083333334 0.24065416666666667 0.020458333333333318 0.014082407407407438
4 0.74890625 0.2758597222222222 0.012541666666666748 0.06336944444444446
4 0.7264609375 0.27527268518518516 0.005942708333333376 0.0528083333333333
4 0.7053385416666667 0.27233888888888885 0.013864583333333276 0.06102222222222222
2 0.7258020833333333 0.2963958333333333 0.08646874999999998 0.13260648148148146
4 0.44129921875 0.5545685185185185 0.01782239583333336 0.019950000000000048
4 0.3888213541666667 0.5721708333333334 0.017162499999999997 0.02229722222222224
4 0.36439765625 0.5610222222222222 0.010561979166666664 0.018775925925925946
4 0.46473281250000004 0.6818939814814815 0.010561458333333343 0.02816388888888892
4 0.4274372395833333 0.7059509259259259 0.019143229166666664 0.022296296296296335
4 0.33634322916666665 0.8432518518518519 0.015182291666666714 0.02464444444444443
4 0.31026953125 0.8279962962962963 0.025083854166666697 0.019950000000000048
4 0.301028125 0.8538129629629629 0.015842708333333337 0.02699074074074072
4 0.4003731770833333 0.7798819444444445 0.01650260416666664 0.02933796296296302
4 0.35053541666666665 0.7869231481481481 0.017162499999999997 0.02699074074074072
0 0.32116119791666664 0.8244754629629629 0.07855156249999998 0.12087129629629624
0 0.37660937499999997 0.7622796296296296 0.10891666666666666 0.19362962962962965
0 0.4366786458333333 0.6502092592592593 0.0785520833333333 0.15490370370370377
0 0.4406390625 0.5328578703703704 0.07591145833333333 0.14082129629629628
0 0.3792497395833333 0.5475273148148149 0.05346822916666666 0.08801388888888885
