4 0.3848609375 0.48533101851851856 0.03036458333333331 0.02229722222222224
1 0.392121875 0.4706620370370371 0.05016770833333333 0.09622777777777783
4 0.012894598958333333 0.420787962962963 0.023103510416666664 0.08566666666666671
2 0.0066236979166666675 0.4559930555555555 0.0924140625 0.186587962962963
4 0.4076341145833333 0.5797986111111111 0.012542187500000008 0.021123148148148245
4 0.38948125 0.6038555555555556 0.017162499999999997 0.019950000000000048
4 0.15580625 0.7364620370370369 0.017162499999999997 0.02699074074074072
4 0.148875 0.7704939814814814 0.01782291666666665 0.02229722222222224
4 0.37429921875000005 0.7000833333333333 0.022443229166666672 0.02699074074074072
4 0.3205010416666667 0.6959763888888889 0.015182291666666655 0.025817592592592628
4 0.6347083333333332 0.43428333333333335 0.01782291666666668 0.014081481481481454
4 0.6053333333333333 0.4477787037037037 0.019802083333333324 0.019950000000000048
4 0.6000520833333333 0.5275777777777778 0.019802083333333324 0.019950000000000048
4 0.6333880208333333 0.5434199074074074 0.021786458333333297 0.023469444444444428
4 0.591140625 0.5475273148148149 0.017822916666666563 0.024643518518518422
4 0.6990677083333333 0.7153393518518519 0.02112499999999997 0.024643518518518526
4 0.6663932291666667 0.7018435185185186 0.01122395833333331 0.023470370370370332
4 0.6782760416666667 0.46303472222222225 0.012541666666666628 0.0176027777777778
4 0.65253125 0.4659680555555556 0.016500000000000032 0.02112314814814819
4 0.6888359375 0.3750212962962963 0.015182291666666714 0.019949999999999992
0 0.6931276041666665 0.6895217592592594 0.07393229166666669 0.11383055555555557
0 0.35416614583333333 0.6795472222222223 0.11419687500000002 0.2041907407407407
0 0.3917919270833333 0.587426851851852 0.05742864583333329 0.1044425925925926
0 0.6142447916666666 0.4078791666666667 0.0785520833333333 0.13730092592592597
0 0.13996380208333334 0.7435037037037038 0.07657135416666665 0.11617777777777777
0 0.6733229166666667 0.3597657407407408 0.08185416666666659 0.13964814814814816
0 0.6644140625 0.4454319444444445 0.060067708333333296 0.09036018518518518
0 0.6172161458333333 0.5164291666666667 0.0976927083333333 0.1220453703703704
