1 0.044249375 0.6683986111111111 0.04752729166666667 0.07862499999999997
1 0.9700390624999999 0.40201203703703703 0.029703124999999986 0.05280740740740745
4 0.9743307291666667 0.3990777777777778 0.01716145833333336 0.018775925925925894
4 0.027086718750000002 0.6742662037037037 0.011881770833333331 0.024643518518518526
3 0.34921536458333335 0.11743564814814815 0.022443229166666672 0.03520462962962965
3 0.63371875 0.06286736111111112 0.013197916666666741 0.02229675925925926
3 0.5861927083333334 0.08223027777777778 0.010562500000000105 0.01877611111111111
3 0.6802552083333333 0.12741064814814815 0.01121874999999998 0.017602777777777773
0 0.9202005208333333 0.4178541666666667 0.03696354166666668 0.056328703703703686
0 0.8525416666666668 0.5105615740740741 0.053468750000000044 0.09622870370370373
4 0.8713541666666667 0.5176027777777777 0.00923958333333322 0.016429629629629655
4 0.8485807291666667 0.5234703703703704 0.012546874999999957 0.016429629629629655
