4 0.5026885416666667 0.3574185185185185 0.024423958333333336 0.019950000000000048
4 0.5020283854166666 0.43663055555555563 0.023103645833333294 0.018775925925925894
4 0.5026885416666667 0.3949708333333333 0.011221874999999966 0.059849074074074075
4 0.4832153645833333 0.40025185185185186 0.011881770833333328 0.04928703703703705
4 0.5198513020833333 0.40259861111111117 0.009901562499999983 0.04928796296296301
4 0.5525260416666666 0.43017592592592596 0.0066041666666667 0.03872592592592594
4 0.450540625 0.4290023148148148 0.007261458333333337 0.041073148148148185
2 0.5020286458333333 0.4184407407407407 0.11683854166666663 0.1537296296296296
4 0.5333828125 0.5305111111111112 0.018484374999999945 0.023470370370370332
4 0.5726588541666667 0.5440064814814816 0.0257447916666667 0.01994999999999994
4 0.591140625 0.420787962962963 0.012541666666666628 0.022296296296296283
4 0.34162421875 0.43193657407407404 0.027064062499999982 0.02112314814814819
1 0.34525494791666667 0.43780416666666666 0.042246354166666694 0.09857499999999997
4 0.054150781249999995 0.959425925925926 0.0356453125 0.02229629629629623
4 0.053490807291666664 0.9887638888888889 0.025084010416666663 0.026990740740740825
4 0.6409791666666665 0.47476944444444447 0.013197916666666623 0.019949999999999992
4 0.6182057291666666 0.479463425925926 0.015182291666666596 0.019949074074074036
4 0.08022473958333333 0.9682314814814815 0.013861979166666672 0.028166666666666736
0 0.05679130208333333 0.9518023148148148 0.07261114583333335 0.10561759259259261
0 0.5733203125 0.40435925925925925 0.07195312499999992 0.12321851851851849
0 0.6274453124999999 0.4642078703703704 0.05610937500000001 0.07862500000000003
0 0.5574755208333334 0.5058675925925926 0.08383020833333331 0.13143333333333337
