4 0.34162421875 0.4994134259259259 0.029704687499999948 0.024643518518518526
1 0.3485552083333333 0.4806375000000001 0.050167708333333276 0.1020953703703704
4 0.3271018229166666 0.7347023148148147 0.013861979166666672 0.025817592592592524
4 0.29178671875 0.7528912037037037 0.019802604166666644 0.02933796296296302
4 0.07527395833333334 0.36915370370370376 0.014521875000000002 0.019949999999999992
4 0.02906703125 0.3656328703703704 0.017162604166666668 0.022297222222222187
4 0.42215624999999996 0.35096435185185193 0.01914270833333334 0.014082407407407412
4 0.42446666666666666 0.3703268518518518 0.02244375000000005 0.019949999999999992
4 0.5452630208333333 0.5422467592592594 0.027723958333333344 0.021123148148148137
4 0.5158906249999999 0.5211236111111112 0.012541666666666628 0.021123148148148137
4 0.50367890625 0.5369657407407408 0.011881770833333328 0.02229629629629623
4 0.7304244791666666 0.6431680555555556 0.015182291666666714 0.025817592592592628
4 0.7528671875 0.6730930555555557 0.020463541666666765 0.024643518518518526
4 0.7201901041666666 0.6619444444444444 0.01320312500000007 0.023470370370370332
4 0.574640625 0.4689023148148148 0.01782291666666668 0.01760277777777775
4 0.5541770833333333 0.45188611111111116 0.01782291666666668 0.014081481481481507
0 0.7452760416666666 0.6519694444444444 0.08053125000000005 0.11148333333333327
0 0.04887013020833333 0.35272453703703704 0.10165557291666666 0.1513824074074074
0 0.30894921875 0.7212064814814815 0.08185260416666662 0.13025925925925932
0 0.41225494791666667 0.33042777777777776 0.06799010416666663 0.1185240740740741
0 0.5677083333333334 0.4530597222222222 0.05809374999999998 0.07979907407407402
0 0.5376731770833333 0.5099750000000001 0.09439322916666668 0.12321851851851855
