3 0.4719940104166666 0.22070462962962964 0.05544843749999995 0.0962277777777778
3 0.5690286458333332 0.24710833333333335 0.025088541666666585 0.03168518518518521
4 0.818875 0.43839074074074075 0.013864583333333276 0.010561111111111117
4 0.9974322916666667 0.4166810185185185 0.0066041666666667 0.00938796296296292
4 0.9984244791666667 0.4366305555555556 0.004619791666666729 0.03051111111111111
4 0.9858828125 0.43369675925925927 0.009901041666666662 0.03637870370370369
2 0.9961119791666666 0.44953935185185184 0.05676562500000001 0.07510462962962958
1 0.8175546874999999 0.43897731481481483 0.020463541666666647 0.04459351851851852
4 0.29772760416666666 0.45481990740740746 0.010561458333333284 0.008213888888888923
4 0.3023484375 0.4624476851851852 0.010561458333333343 0.011734259259259208
4 0.2841955729166667 0.4606875 0.012542187500000008 0.01290833333333331
4 0.48486588541666664 0.5727574074074074 0.009901562499999983 0.011735185185185166
4 0.18716067708333334 0.6683986111111111 0.009901562499999983 0.012908333333333362
4 0.16768802083333334 0.6701587962962964 0.010561458333333343 0.014082407407407358
4 0.9172317708333333 0.529924537037037 0.008578125000000015 0.012908333333333362
4 0.928453125 0.5428328703703704 0.0112187500000001 0.012908333333333362
4 0.9102994791666666 0.5375523148148148 0.006598958333333253 0.014082407407407358
4 0.8436302083333334 0.8150875 0.011885416666666752 0.019949074074074036
4 0.8046848958333332 0.7857495370370371 0.011880208333333423 0.012908333333333362
0 0.9244921875000001 0.5316847222222222 0.03498437499999992 0.05632870370370363
0 0.821515625 0.7968981481481482 0.06403125000000003 0.08683888888888895
0 0.48420572916666665 0.5528078703703704 0.04686666666666669 0.09857500000000001
0 0.28980625 0.4436712962962963 0.04356666666666662 0.06571666666666671
0 0.17494895833333335 0.6590106481481482 0.04620729166666668 0.06454351851851851
