1 0.885546875 0.3826486111111111 0.02442708333333338 0.05163425925925925
1 0.007283750000000001 0.666638425925926 0.0435665625 0.07979907407407406
4 0.8888489583333334 0.3803018518518519 0.01782291666666668 0.018775925925925946
3 0.6373489583333334 0.10276666666666667 0.013864583333333276 0.019949999999999992
3 0.6492317708333334 0.1109814814814815 0.009901041666666662 0.019950000000000006
3 0.644609375 0.11508842592592593 0.012541666666666748 0.02112314814814815
3 0.6007135416666666 0.049371990740740744 0.011885416666666633 0.021123240740740748
3 0.40004296875 0.08575092592592592 0.015842187500000014 0.02347037037037037
3 0.39542239583333333 0.09689939814814816 0.007920833333333377 0.01760305555555555
3 0.3172005208333334 0.10746097222222223 0.02178333333333331 0.0387262037037037
3 0.5554973958333332 0.06756138888888889 0.009901041666666662 0.022296666666666673
3 0.45186093750000006 0.08751111111111111 0.012541666666666687 0.026990740740740746
0 0.27099375 0.578038425925926 0.062709375 0.1020953703703704
0 0.020155651041666667 0.5921208333333333 0.07327098958333332 0.10913611111111109
0 0.8251458333333334 0.49295925925925926 0.05016666666666675 0.09622777777777783
4 0.020155677083333334 0.6026824074074074 0.012541875000000001 0.022296296296296335
4 0.25251093750000003 0.6003351851851852 0.015182291666666684 0.01994999999999994
4 0.2812252604166667 0.6050291666666666 0.018482812500000043 0.02229722222222224
4 0.8225078124999999 0.5076277777777779 0.011880208333333305 0.015255555555555555
