3 0.6343802083333333 0.16672314814814815 0.01452083333333339 0.023470370370370384
3 0.6132552083333332 0.1866726851851852 0.009239583333333337 0.0164287037037037
3 0.5792604166666667 0.18725972222222223 0.01121874999999998 0.017602777777777773
3 0.4723239583333333 0.23713333333333333 0.01782291666666668 0.03051111111111111
3 0.37297890625 0.1790449074074074 0.011881770833333328 0.015256481481481485
4 0.8601328125 0.46186064814814815 0.01583854166666671 0.01290833333333331
1 0.8565026041666667 0.46538148148148145 0.02442187500000005 0.0504611111111111
4 0.033687734375 0.7165125 0.02640401041666667 0.017602777777777853
1 0.038968593749999995 0.7030171296296296 0.040926354166666665 0.0704101851851852
4 0.33106250000000004 0.7681467592592593 0.015182291666666655 0.017602777777777853
4 0.16075677083333334 0.6443416666666667 0.01782291666666665 0.011735185185185166
4 0.16273723958333336 0.657837037037037 0.012542187499999979 0.012909259259259162
4 0.8132656249999999 0.5856666666666667 0.010562499999999985 0.011735185185185166
4 0.7908229166666667 0.5797986111111111 0.014520833333333271 0.014082407407407464
4 0.9436328125000001 0.558675462962963 0.009901041666666662 0.014082407407407464
4 0.9571666666666666 0.5733444444444444 0.011885416666666752 0.012909259259259266
4 0.9360442708333333 0.5668898148148148 0.00792187500000002 0.011735185185185166
0 0.16075703125000002 0.6425814814814815 0.029704687500000007 0.062196296296296215
0 0.33007239583333337 0.7505444444444445 0.056768749999999986 0.11617777777777777
0 0.8030338541666665 0.568650462962963 0.044223958333333376 0.06454351851851851
0 0.9518854166666666 0.5627828703703703 0.03960416666666677 0.057502777777777736
