4 0.5323932291666666 0.34920416666666665 0.020463541666666647 0.0176027777777778
1 0.53008359375 0.3544847222222222 0.0316869791666667 0.07510462962962963
4 0.7852109375 0.2858342592592593 0.020463541666666647 0.012909259259259266
4 0.8033645833333334 0.3163458333333333 0.010562499999999985 0.05515462962962964
4 0.78421875 0.3175189814814815 0.005281249999999934 0.043419444444444476
4 0.7663984375 0.3134120370370371 0.01320312500000007 0.05398148148148149
2 0.7822421875000001 0.3345351851851852 0.07789062499999998 0.11500370370370366
4 0.50466875 0.5440069444444445 0.015182291666666655 0.01760277777777775
4 0.4716638020833333 0.5293375000000001 0.011221354166666645 0.021123148148148137
4 0.676296875 0.4724226851851852 0.012541666666666628 0.01760277777777775
4 0.69246875 0.4923722222222222 0.01452083333333339 0.01760185185185195
4 0.6654036458333333 0.4847444444444445 0.009244791666666667 0.018775925925925946
4 0.4205059895833333 0.6073763888888889 0.014522395833333352 0.022297222222222135
4 0.3848606770833333 0.6191111111111112 0.02112343750000001 0.02229629629629623
4 0.30531874999999997 0.5287509259259259 0.011221875000000025 0.015255555555555555
4 0.29376692708333335 0.5463537037037037 0.014522395833333352 0.017601851851851844
4 0.43502838541666666 0.5187763888888889 0.009241145833333301 0.016428703703703647
4 0.4445997395833333 0.529337962962963 0.007260937500000016 0.01877592592592584
0 0.42677708333333336 0.5252305555555556 0.04290625 0.07627777777777778
0 0.6865260416666668 0.4735958333333334 0.054124999999999916 0.07862500000000003
0 0.4950963541666667 0.5176027777777777 0.07260937499999998 0.13612777777777776
0 0.39707265625 0.5833189814814815 0.07195052083333332 0.12204537037037035
0 0.2927768229166666 0.5357921296296297 0.046867187500000004 0.07627870370370368
