3 0.4703434895833334 0.20955601851851854 0.04422656250000004 0.07627870370370374
3 0.42809739583333334 0.14559953703703704 0.03894583333333337 0.05163425925925925
4 0.8819166666666667 0.44484537037037036 0.01452083333333339 0.011735185185185166
4 0.9891822916666667 0.43897731481481483 0.012541666666666628 0.03285833333333336
2 1.0013932291666667 0.45599351851851855 0.05808854166666665 0.07627777777777778
1 0.880265625 0.44895231481481485 0.021781249999999967 0.048113888888888914
4 0.27099348958333336 0.5932939814814815 0.011221354166666675 0.012908333333333258
4 0.11421979166666668 0.5264041666666667 0.010561458333333329 0.012908333333333258
4 0.12115104166666667 0.5340319444444445 0.008581249999999999 0.014082407407407464
4 0.10233802083333333 0.5381388888888889 0.01320208333333334 0.01056111111111117
4 0.24326927083333333 0.5968148148148148 0.012541666666666687 0.01056111111111117
4 0.2482200520833333 0.6067893518518519 0.00924114583333333 0.014082407407407464
4 0.23138776041666667 0.6073763888888889 0.009901562499999983 0.012908333333333362
4 0.6380104166666667 0.8186078703703704 0.01782291666666668 0.012908333333333362
4 0.6406484375 0.8379708333333333 0.01122395833333331 0.01642870370370375
4 0.6205182291666667 0.8262361111111112 0.00792187500000002 0.016429629629629655
4 0.5789296875000001 0.8086333333333334 0.014526041666666718 0.016429629629629655
4 0.8162343750000001 0.6730925925925927 0.007260416666666695 0.015255555555555555
4 0.7987421875 0.6713324074074074 0.018484375000000004 0.01408148148148156
4 0.79709375 0.6854143518518518 0.019145833333333327 0.014082407407407358
0 0.8017135416666666 0.6648782407407408 0.042906250000000055 0.07393055555555558
0 0.6350390625000001 0.8180212962962963 0.04620312500000002 0.07745185185185188
0 0.5812395833333334 0.7869231481481481 0.058750000000000094 0.12321851851851844
0 0.2729739583333333 0.5815587962962963 0.04950729166666662 0.08566574074074075
0 0.23732838541666665 0.5985750000000001 0.03366510416666667 0.05867592592592593
0 0.10662890625 0.5252305555555556 0.040266145833333336 0.05280740740740745
0 1.0132760416666666 0.8438388888888889 0.0514895833333334 0.08449259259259255
