3 0.6083046875000001 0.14677314814814815 0.028380208333333337 0.037551851851851864
3 0.49542760416666665 0.1661365740740741 0.06403020833333338 0.11383055555555555
4 0.144584375 0.6202851851851852 0.017162499999999997 0.015255555555555555
1 0.14953515624999997 0.6091365740740742 0.03498489583333333 0.06336944444444441
4 0.4261169270833333 0.5850796296296297 0.011221354166666704 0.012909259259259266
4 0.4238065104166666 0.5715842592592593 0.00924114583333336 0.011735185185185166
4 0.4115947916666666 0.5809722222222223 0.009901041666666721 0.009388888888888877
4 0.40136328125000004 0.5340314814814815 0.014522395833333293 0.011735185185185166
4 0.40235338541666665 0.5234699074074075 0.013861979166666672 0.009387962962962973
4 0.3660479166666667 0.5674768518518519 0.011221875000000025 0.015255555555555661
4 0.3426143229166667 0.5657166666666666 0.013201562500000048 0.01173518518518527
4 0.30927942708333334 0.6097236111111111 0.009901562499999983 0.01760277777777775
4 0.3063088541666667 0.6308462962962964 0.014521874999999972 0.015255555555555555
4 0.2855158854166666 0.6290861111111111 0.009901562500000042 0.01408148148148156
4 0.8937994791666667 0.5528078703703704 0.013203124999999953 0.014082407407407358
4 0.8829036458333334 0.5416597222222223 0.009901041666666662 0.017602777777777853
4 0.3320526041666667 0.7658000000000001 0.017162499999999997 0.022296296296296335
4 0.30795911458333336 0.705951388888889 0.012542187500000008 0.012908333333333362
4 0.27462421875 0.7041907407407408 0.009241145833333301 0.016429629629629655
0 0.2940971354166667 0.6912824074074074 0.05742864583333332 0.10796296296296298
0 0.30036796875 0.6214583333333333 0.038285937500000006 0.06454259259259261
0 0.35383619791666665 0.559849074074074 0.0554484375 0.1009222222222222
0 0.40664401041666665 0.5076277777777779 0.04224635416666664 0.08566666666666671
0 0.4198460937499999 0.5797986111111111 0.03300468750000001 0.06336944444444452
0 0.896109375 0.5398995370370371 0.042906250000000055 0.06336944444444452
0 0.33007239583333337 0.7622796296296296 0.04620729166666664 0.07158333333333339
