4 0.4346981770833333 0.1409060185185185 0.020463020833333328 0.021123148148148165
1 0.4452598958333333 0.14735972222222224 0.04818749999999999 0.0903601851851852
4 0.8489114583333333 0.08516421296296296 0.025083333333333374 0.017603055555555563
4 0.8697031249999999 0.12095634259259261 0.01121874999999998 0.06571694444444445
4 0.8459401041666667 0.12095592592592595 0.008578125000000015 0.05867518518518519
4 0.8234973958333334 0.11860893518518517 0.019140625 0.06336916666666668
2 0.8436276041666666 0.14501305555555558 0.09373437500000001 0.1466887037037037
4 0.6116041666666667 0.7264875000000001 0.019145833333333327 0.025817592592592628
4 0.5561588541666667 0.7311814814814815 0.020463541666666647 0.03051111111111111
4 0.3997130208333334 0.7100583333333335 0.012541666666666687 0.02581666666666662
4 0.37132890625 0.7282476851851851 0.020463020833333328 0.02933796296296302
4 0.5254630208333333 0.41492037037037044 0.01584479166666662 0.019949999999999992
4 0.49839791666666666 0.40787962962962965 0.009241666666666681 0.019949999999999992
0 0.5868515625 0.7012574074074074 0.11749479166666663 0.21944629629629636
0 0.37990989583333334 0.7000837962962964 0.06931041666666668 0.12556574074074073
0 0.5165518229166667 0.39321064814814816 0.06403177083333335 0.09153425925925929
