3 0.5819010416666667 0.1080475 0.11287499999999995 0.1901087037037037
4 0.8726744791666666 0.3773680555555556 0.01716145833333336 0.01760277777777775
1 0.8786145833333333 0.37854166666666667 0.03696875000000001 0.05750185185185183
4 0.18254036458333334 0.401425 0.013861979166666672 0.016429629629629655
4 0.18815104166666666 0.4102263888888889 0.011882291666666649 0.01994907407407409
4 0.16537760416666666 0.41140000000000004 0.01782291666666665 0.017601851851851844
4 0.39377213541666667 0.5181898148148149 0.011221354166666704 0.015255555555555555
4 0.36439765625 0.5281643518518518 0.01320156249999999 0.01877685185185185
4 0.29574739583333337 0.5070407407407408 0.01320208333333337 0.011735185185185166
4 0.2927768229166666 0.5228837962962963 0.011221354166666645 0.017602777777777853
4 0.27363385416666663 0.5269907407407407 0.011221874999999966 0.018775925925925946
4 0.38354036458333335 0.41316018518518516 0.007921354166666639 0.011735185185185218
4 0.6878463541666666 0.40259861111111117 0.01583854166666659 0.011734259259259208
4 0.6878463541666666 0.4149203703703704 0.010557291666666658 0.012909259259259266
0 0.28551562499999994 0.5164291666666667 0.045546874999999994 0.06571574074074081
0 0.37726953125 0.5181893518518519 0.06667031249999997 0.10913611111111109
0 0.6881770833333333 0.40494583333333334 0.028385416666666666 0.04928796296296296
0 0.17329869791666666 0.3885166666666667 0.05742864583333335 0.07979814814814816
0 0.39245182291666664 0.40846620370370373 0.0349848958333333 0.056328703703703686
0 0.6284375 0.5035203703703705 0.07261458333333325 0.10796296296296294
