4 0.6307473958333334 0.29991666666666666 0.020463541666666647 0.019949999999999992
1 0.6409791666666665 0.3081310185185186 0.0448854166666667 0.0880138888888889
4 0.7558359375 0.2312662037037037 0.02244270833333329 0.01877685185185185
4 0.7772916666666667 0.26764490740740743 0.012541666666666748 0.06571574074074076
4 0.7545182291666667 0.2676453703703704 0.00792187500000002 0.05398148148148149
4 0.7333932291666667 0.2652976851851852 0.017161458333333237 0.06336944444444444
2 0.7528671875 0.28876805555555557 0.09043229166666661 0.1408212962962963
4 0.4604421875 0.5463537037037037 0.01782291666666668 0.02229629629629623
4 0.3964122395833333 0.5551550925925927 0.027064062499999982 0.016428703703703647
4 0.39707265625 0.579212037037037 0.019143229166666664 0.019950000000000048
4 0.48090520833333333 0.6901083333333333 0.015182291666666655 0.03051111111111111
4 0.44195937499999993 0.7129921296296297 0.01914270833333334 0.019949074074074036
4 0.34624505208333334 0.8543999999999999 0.0165026041666667 0.028164814814814823
4 0.3191807291666667 0.8385578703703703 0.02574375 0.019949074074074036
4 0.309609375 0.8661351851851852 0.017162499999999997 0.028164814814814823
4 0.4112645833333333 0.7904439814814814 0.017162499999999997 0.024643518518518526
4 0.36043697916666667 0.7968981481481482 0.019803124999999967 0.025816666666666724
0 0.4604421875 0.5164291666666667 0.07327083333333337 0.13378055555555557
0 0.39575234374999996 0.5528078703703704 0.04422656250000004 0.09388055555555552
0 0.45087083333333333 0.6554902777777778 0.08713333333333335 0.16311759259259262
0 0.38651119791666666 0.7710810185185185 0.11155677083333337 0.19949722222222221
0 0.33007265625 0.8367972222222222 0.07921197916666665 0.12673888888888882
