3 0.47760390624999993 0.17552449074074072 0.11287552083333327 0.1912825
4 0.9208619791666666 0.45716666666666667 0.014526041666666718 0.015255555555555555
1 0.9251510416666666 0.4589273148148148 0.03234374999999995 0.056328703703703686
4 0.9911614583333334 0.4219615740740741 0.016499999999999914 0.012908333333333362
4 0.9749895833333333 0.4378041666666667 0.013197916666666741 0.03989907407407408
4 0.9891822916666667 0.4430847222222222 0.008583333333333342 0.03637870370370369
2 0.9825807291666667 0.45658009259259263 0.05874479166666665 0.08918611111111113
4 0.42842734375 0.5880134259259259 0.011881770833333328 0.014082407407407358
4 0.10365833333333334 0.7065379629629629 0.010561458333333343 0.016429629629629655
4 0.11190963541666667 0.715925925925926 0.009901562500000013 0.018775925925925946
4 0.09276666666666668 0.7247273148148149 0.015182291666666669 0.01760277777777775
4 0.7614479166666667 0.5610226851851852 0.01121874999999998 0.014082407407407464
4 0.7796015625 0.5504611111111112 0.006598958333333371 0.01877592592592584
0 0.7617786458333333 0.5498745370370369 0.04356770833333338 0.08331944444444446
0 0.42875729166666665 0.5674768518518519 0.04818750000000005 0.11148333333333338
0 0.09507708333333334 0.7100583333333335 0.04752708333333334 0.06571666666666671
