4 0.14722500000000002 0.5492875 0.03300520833333335 0.023469444444444428
1 0.15481614583333334 0.5322717592592592 0.04950729166666667 0.1020953703703704
4 0.6274479166666667 0.4583402777777778 0.01121874999999998 0.02229722222222224
4 0.5888333333333333 0.46420787037037037 0.01452083333333339 0.02229722222222224
4 0.34921536458333335 0.4730092592592593 0.011881770833333328 0.018775925925925946
4 0.10662890624999999 0.3392291666666667 0.013861979166666672 0.01877685185185185
4 0.47760494791666663 0.5481138888888889 0.009901562499999983 0.023470370370370332
4 0.45384114583333335 0.5352050925925926 0.0270645833333333 0.014082407407407358
4 0.45120078124999996 0.558088425925926 0.0165026041666667 0.024643518518518526
4 0.41852578125 0.47300925925925924 0.014522395833333293 0.02112407407407404
4 0.3766096354166667 0.47066203703703713 0.013861979166666672 0.023470370370370384
0 0.1287421875 0.312825 0.07393124999999999 0.11852407407407405
0 0.36538776041666665 0.45129907407407405 0.054788020833333326 0.08801296296296295
0 0.4023533854166666 0.45540648148148155 0.08779322916666665 0.14551481481481482
0 0.459121875 0.5340314814814815 0.06534999999999999 0.09622777777777772
0 0.6046744791666666 0.4477787037037037 0.08449479166666668 0.14903518518518521
