3 0.6449401041666666 0.1502939814814815 0.01320312500000007 0.01877685185185185
3 0.5802499999999999 0.09161819444444445 0.011885416666666633 0.021122870370370365
3 0.5488932291666666 0.06873486111111113 0.00990104166666678 0.01290861111111111
3 0.5594583333333334 0.023554768518518517 0.008583333333333342 0.0187762037037037
3 0.5376718749999999 0.03705013888888889 0.007260416666666695 0.01290861111111111
3 0.4465802083333333 0.14501296296296298 0.01914270833333334 0.0340314814814815
3 0.45252083333333326 0.1984078703703704 0.01914270833333334 0.03520462962962962
3 0.39443229166666666 0.10041981481481482 0.011221874999999966 0.017602962962962966
3 0.43205781249999997 0.2899412037037037 0.016502083333333376 0.03285833333333336
3 0.31026953125 0.22539861111111112 0.007921354166666639 0.021123148148148137
4 0.9987526041666667 0.4507125 0.006598958333333371 0.0164287037037037
2 1.011296875 0.4542328703703704 0.05544791666666669 0.08683981481481486
4 0.8363697916666666 0.44895231481481485 0.014520833333333271 0.01290833333333331
1 0.8343906249999999 0.45305972222222224 0.025083333333333256 0.05163425925925925
4 0.09606692708333335 0.7047773148148149 0.009901562499999997 0.01760277777777775
4 0.1346828125 0.6836546296296296 0.010561458333333343 0.015255555555555555
4 0.12775208333333335 0.7036037037037037 0.02178333333333334 0.015255555555555555
4 0.2581216145833333 0.6232185185185186 0.011881770833333328 0.016429629629629655
4 0.23237760416666664 0.6196981481481482 0.009241666666666652 0.01642962962962955
4 0.21620546875000002 0.47535601851851855 0.013861979166666672 0.00938796296296292
4 0.21554505208333333 0.4841574074074074 0.009901562499999983 0.010561111111111065
4 0.8924765624999998 0.7030171296296297 0.01716145833333336 0.014082407407407464
4 0.8697057291666667 0.6906958333333334 0.015182291666666714 0.01760277777777775
4 0.8634348958333333 0.7030171296296296 0.01320312500000007 0.01642870370370375
4 0.5495572916666667 0.6044421296296296 0.012541666666666748 0.014082407407407464
4 0.8165677083333333 0.5862532407407408 0.010562499999999985 0.012908333333333362
4 0.8093046875 0.5698236111111111 0.00792187500000002 0.012908333333333362
4 0.9891822916666667 0.9347875000000001 0.012541666666666628 0.02464722222222225
4 0.9726796875 0.9553194444444446 0.020463541666666647 0.021120370370370425
0 0.9730078125000001 0.9347865740740742 0.05808854166666665 0.09505648148148153
0 0.8815859375 0.6842412037037038 0.06534895833333335 0.07745092592592587
0 0.8175572916666667 0.5739314814814815 0.0336666666666666 0.05398148148148144
0 0.5492265625 0.5856662037037037 0.04752604166666673 0.1056157407407408
0 0.24789010416666668 0.6085495370370371 0.054788541666666704 0.1020953703703704
0 0.21719557291666666 0.4724226851851852 0.025083854166666666 0.04811388888888886
0 0.11917057291666666 0.678373611111111 0.06534947916666667 0.09622870370370373
