4 0.08979609375 0.46831527777777776 0.029044270833333326 0.018776851851851798
1 0.09936744791666667 0.45481990740740746 0.050827604166666665 0.09036018518518518
4 0.6637526041666666 0.5481138888888889 0.005942708333333257 0.018775925925925946
4 0.6300885416666666 0.5633694444444445 0.01782291666666668 0.018775925925925946
4 0.572328125 0.47242222222222224 0.009239583333333337 0.019950000000000048
4 0.5277734374999999 0.44719166666666665 0.01122395833333331 0.011735185185185166
4 0.5347031250000001 0.47183564814814816 0.019802083333333383 0.02112314814814819
4 0.16801796875 0.6795472222222223 0.019143229166666664 0.023470370370370437
4 0.14689479166666666 0.6613574074074074 0.01782291666666668 0.015255555555555555
4 0.13501302083333333 0.6836541666666667 0.011221874999999996 0.01760277777777775
4 0.015865026041666667 0.28231342592592595 0.010561614583333333 0.0176027777777778
4 0.3742989583333333 0.6895222222222223 0.017162499999999997 0.019950000000000048
4 0.4191856770833333 0.6807203703703704 0.011881770833333387 0.023470370370370332
4 0.47760494791666663 0.7247268518518518 0.020463020833333328 0.015255555555555555
0 0.013884739583333335 0.2823138888888889 0.0514878125 0.08097222222222226
0 0.47133359375 0.7194467592592594 0.0554484375 0.09388055555555552
0 0.5462552083333333 0.43487037037037035 0.07327083333333337 0.13495370370370366
0 0.6363567708333332 0.5387259259259259 0.07393229166666669 0.1549037037037037
0 0.38849140624999995 0.6660518518518519 0.09835468750000001 0.1701592592592592
0 0.16042682291666666 0.6601842592592593 0.07657135416666667 0.10913703703703699
