3 0.4162153645833333 0.1244763888888889 0.05346822916666666 0.06336944444444444
3 0.4960872395833333 0.19195324074074077 0.07195052083333332 0.11383055555555557
3 0.4785947916666667 0.2318527777777778 0.05808854166666671 0.07627777777777778
4 0.8244869791666666 0.4642078703703704 0.01320312500000007 0.01290833333333331
1 0.8218463541666667 0.4647949074074074 0.021119791666666644 0.04459351851851847
4 0.0053034375 0.7053643518518519 0.013201979166666666 0.014082407407407464
1 0.0016728906250000008 0.6924555555555556 0.038945885416666666 0.06102222222222222
4 0.9598072916666666 0.4407375 0.013197916666666623 0.01056203703703702
4 0.9703697916666667 0.4606875 0.0066041666666667 0.03637870370370369
4 0.9578281249999999 0.46127407407407406 0.005281249999999934 0.028164814814814823
4 0.9459453124999999 0.45716712962962963 0.010557291666666658 0.03637870370370369
2 0.9545260416666667 0.4712490740740741 0.054125000000000034 0.07627777777777778
4 0.3442645833333334 0.7018439814814815 0.013862500000000052 0.014082407407407464
4 0.32017109374999997 0.69715 0.00924114583333336 0.018775925925925946
4 0.8419791666666666 0.7124050925925927 0.0072604166666665765 0.014082407407407358
4 0.8287786458333334 0.7024305555555556 0.009901041666666662 0.012909259259259266
4 0.8264687500000001 0.715925925925926 0.009239583333333337 0.014081481481481454
4 0.3871708333333333 0.5545680555555556 0.015182291666666655 0.012908333333333362
4 0.07824453125 0.5962277777777777 0.012542187500000008 0.016429629629629655
4 0.08385520833333333 0.6062027777777778 0.009241666666666667 0.012909259259259266
4 0.8637630208333335 0.6801342592592593 0.007265625000000024 0.015255555555555555
4 0.8396692708333333 0.6795472222222223 0.009244791666666667 0.014081481481481454
4 0.9089791666666667 0.8872583333333334 0.010562500000000105 0.023470370370370332
4 0.9027109375 0.9095550925925927 0.009901041666666662 0.01642870370370375
4 0.8763046875 0.8913657407407407 0.007265625000000024 0.017601851851851844
4 0.7822395833333333 0.5833194444444445 0.009239583333333337 0.011735185185185166
4 0.7660677083333333 0.579799074074074 0.013864583333333395 0.011735185185185166
4 0.7634270833333333 0.5897736111111112 0.013864583333333276 0.012908333333333362
0 0.33436328125 0.6877615740740741 0.05346822916666666 0.1032694444444444
0 0.3838705729166667 0.5375523148148148 0.037625520833333384 0.0704101851851852
0 0.7706901041666666 0.5739310185185186 0.044223958333333376 0.06336944444444452
0 0.8442890624999999 0.6701592592592592 0.05413020833333337 0.09622777777777783
0 0.8304270833333334 0.7082981481481482 0.03960416666666665 0.05046111111111116
0 0.8964401041666666 0.8931273148148149 0.052807291666666596 0.07980092592592587
0 0.0719734375 0.5997481481481483 0.036965624999999995 0.05398148148148155
