4 0.6208463541666667 0.29228888888888893 0.021786458333333415 0.018775925925925894
4 0.7578177083333333 0.22715879629629632 0.02376041666666661 0.015256481481481485
4 0.7792708333333334 0.2623638888888889 0.012541666666666628 0.06219629629629632
4 0.7564973958333333 0.26236388888888884 0.00792187500000002 0.0504611111111111
4 0.7337213541666666 0.26001712962962964 0.015182291666666596 0.062195370370370366
2 0.7515442708333333 0.2823138888888889 0.09571354166666665 0.14199444444444445
1 0.6304166666666667 0.2993296296296296 0.05016666666666663 0.0844925925925926
4 0.268353125 0.5727574074074074 0.013862500000000022 0.011735185185185166
4 0.2670328125 0.5974013888888889 0.025743750000000027 0.025817592592592628
4 0.22049609374999998 0.6044425925925926 0.01848281250000001 0.025816666666666724
4 0.5307421875 0.5404861111111111 0.01716145833333336 0.019950000000000048
4 0.5102796875 0.5269907407407407 0.010561458333333343 0.018775925925925946
4 0.45582135416666664 0.519362962962963 0.012541666666666687 0.022296296296296335
4 0.41291510416666666 0.5240569444444444 0.015182291666666655 0.024643518518518526
4 0.931421875 0.6466888888888889 0.019802083333333324 0.023470370370370332
4 0.902046875 0.6349537037037037 0.012541666666666628 0.023470370370370332
4 0.8832369791666667 0.686588425925926 0.013203124999999953 0.021123148148148137
4 0.8670651041666666 0.7106453703703705 0.0257447916666667 0.022296296296296335
0 0.42974765625 0.5064541666666666 0.09637447916666667 0.1560768518518518
0 0.5248028645833334 0.5187763888888889 0.04752968749999997 0.07979907407407406
0 0.24689973958333333 0.5616092592592593 0.09901510416666666 0.14903518518518527
0 0.923171875 0.6232185185185186 0.06535416666666667 0.09388148148148154
0 0.8650833333333333 0.6854148148148149 0.07987500000000007 0.12439259259259254
