4 0.3086192708333333 0.529337962962963 0.029704166666666688 0.023470370370370437
1 0.31489010416666663 0.5152560185185185 0.05016770833333333 0.09857500000000001
4 0.28617578125 0.5563287037037038 0.013861979166666672 0.016429629629629655
4 0.26076197916666666 0.5815587962962963 0.027723958333333344 0.02229722222222224
4 0.3000380208333333 0.5727578703703705 0.011221875000000025 0.021123148148148137
4 0.5333828125 0.4395643518518519 0.023765625000000058 0.01290833333333331
4 0.5343723958333333 0.4624476851851852 0.016505208333333302 0.018776851851851902
4 0.51391015625 0.44601851851851854 0.011221354166666704 0.018775925925925946
4 0.62315625 0.6044421296296295 0.011885416666666633 0.021123148148148137
4 0.5878411458333335 0.4882648148148149 0.01122395833333331 0.016429629629629655
4 0.5736484375 0.5052810185185185 0.01716145833333336 0.01760277777777775
4 0.6564921875 0.37854166666666667 0.013859374999999948 0.017601851851851844
4 0.6182057291666666 0.37560787037037036 0.01122395833333331 0.01877685185185185
4 0.6505520833333333 0.6918689814814815 0.028385416666666666 0.02229722222222224
4 0.6195260416666667 0.6648782407407409 0.013864583333333276 0.02229722222222224
4 0.6069843749999999 0.6824810185185186 0.012541666666666748 0.024643518518518422
4 0.5746380208333333 0.5422462962962963 0.01122395833333331 0.018775925925925946
4 0.5640755208333333 0.5733444444444444 0.020463541666666647 0.019950000000000048
4 0.5360234374999999 0.5621958333333333 0.009244791666666667 0.021123148148148137
4 0.49212682291666665 0.5756916666666667 0.01782239583333336 0.01994999999999994
4 0.46539296874999997 0.5668902777777779 0.011881770833333328 0.021123148148148137
0 0.48552578124999995 0.5528083333333333 0.061389062500000036 0.09622777777777772
0 0.6399895833333333 0.3638726851851852 0.08515625 0.13612685185185186
0 0.6432890625 0.6613574074074074 0.094390625 0.13495370370370371
0 0.5591276041666667 0.5498740740740741 0.0646927083333334 0.09270740740740743
0 0.26505260416666665 0.5316847222222223 0.0930739583333333 0.15255648148148152
0 0.6558333333333333 0.5921203703703704 0.09307291666666669 0.1701592592592592
0 0.5297533854166667 0.4401509259259259 0.0521494791666667 0.08918703703703704
0 0.5729895833333333 0.4818101851851852 0.054124999999999916 0.08097222222222226
