3 0.6852057291666666 0.224225 0.018484375000000004 0.03051111111111111
3 0.639328125 0.1526412037037037 0.012541666666666628 0.021123148148148137
3 0.5789296875000001 0.18432592592592595 0.010557291666666658 0.018775925925925946
3 0.46242239583333333 0.2066222222222222 0.024423958333333336 0.04928703703703703
4 0.8571614583333333 0.46772870370370373 0.016499999999999914 0.015255555555555555
1 0.8578229166666667 0.47007546296296293 0.028385416666666666 0.05046018518518515
4 0.23732838541666668 0.6331935185185186 0.007260937500000016 0.012909259259259266
4 0.20960416666666667 0.6408212962962964 0.012541666666666687 0.01408148148148156
4 0.3399739583333333 0.4859180555555556 0.007920833333333377 0.014082407407407358
4 0.3356833333333333 0.47711666666666674 0.011221874999999966 0.015255555555555555
4 0.3257817708333333 0.4865046296296296 0.011221875000000025 0.012909259259259266
4 0.9779609374999999 0.6889351851851852 0.015182291666666714 0.014081481481481454
4 0.9756510416666666 0.7053643518518519 0.01584375000000004 0.01877685185185185
4 0.450540625 0.5463537037037037 0.009901041666666662 0.010561111111111065
0 0.9839010416666667 0.6883481481481482 0.050822916666666745 0.08097222222222217
0 0.44856015625 0.5369657407407408 0.04422656249999998 0.07393148148148149
0 0.33304296875 0.479463425925926 0.03102447916666667 0.048113888888888914
0 0.21884557291666665 0.6279125000000001 0.05742864583333332 0.1009212962962963
