4 0.34723489583333333 0.25943055555555555 0.017162499999999997 0.023470370370370332
1 0.3591166666666667 0.26705833333333334 0.04752708333333331 0.08801296296296297
4 0.7363645833333334 0.19899444444444445 0.021781249999999967 0.015255555555555555
4 0.7564973958333333 0.2342 0.011880208333333423 0.0621962962962963
4 0.7353723958333334 0.23302638888888888 0.00792187500000002 0.05046018518518517
4 0.7145807291666666 0.2300925925925926 0.019140625 0.0633703703703704
2 0.7333958333333332 0.254149537037037 0.09109374999999993 0.13730092592592597
4 0.3105997395833333 0.6009217592592593 0.020463020833333328 0.025817592592592628
4 0.2640625 0.6150041666666667 0.021122916666666686 0.021123148148148137
4 0.5287630208333334 0.6056162037037036 0.01320312500000007 0.025817592592592524
4 0.5743098958333335 0.6155907407407407 0.01583854166666671 0.02699074074074072
4 0.45252109375 0.3010902777777778 0.020463020833333328 0.01760277777777775
4 0.45846171874999997 0.3163453703703704 0.0165026041666667 0.015255555555555555
4 0.4363486979166667 0.3104777777777778 0.011881770833333328 0.019949999999999992
4 0.22808697916666668 0.5287509259259259 0.01782291666666665 0.022296296296296335
4 0.23237760416666667 0.5070412037037036 0.017162499999999997 0.01642870370370375
4 0.19838281249999998 0.5310981481481482 0.015182291666666684 0.02229629629629623
4 0.40697395833333333 0.5023467592592593 0.01782291666666668 0.021123148148148137
4 0.37528906250000005 0.4847444444444445 0.008581249999999999 0.023470370370370332
4 0.6264557291666667 0.4442583333333333 0.01716145833333336 0.024644444444444486
4 0.6066536458333334 0.42020092592592595 0.01320312500000007 0.023470370370370384
4 0.5967526041666666 0.43721759259259263 0.011880208333333423 0.015255555555555555
0 0.6215078125 0.4237217592592593 0.06667187499999999 0.0868398148148148
0 0.5561567708333333 0.5921203703703704 0.08911354166666659 0.1772
0 0.5238109375 0.599161574074074 0.05610729166666661 0.1020953703703704
0 0.40598385416666666 0.48533101851851856 0.07525104166666666 0.1513824074074074
0 0.2874958333333333 0.5674768518518519 0.0930739583333333 0.15138333333333326
0 0.21818567708333333 0.5152555555555556 0.0640296875 0.09388148148148154
0 0.4488903645833333 0.3063708333333333 0.051488020833333314 0.06806388888888891
