4 0.20135286458333332 0.46420833333333333 0.025083854166666666 0.02699074074074072
1 0.21389505208333331 0.45481990740740746 0.05148802083333335 0.09740092592592596
4 0.08286510416666666 0.3803018518518519 0.017822916666666667 0.018775925925925946
4 0.05349075520833333 0.381475462962963 0.01584244791666667 0.01877685185185185
4 0.061411979166666665 0.3996648148148148 0.02640416666666666 0.015255555555555555
4 0.08583567708333334 0.4090527777777778 0.014522395833333339 0.019949999999999992
4 0.05745130208333333 0.4219615740740741 0.018482812500000004 0.02229722222222224
4 0.7835625 0.6103097222222222 0.019802083333333324 0.021123148148148245
4 0.7538567708333334 0.6279125000000001 0.010557291666666658 0.021123148148148137
4 0.7139192708333333 0.6009222222222222 0.01122395833333331 0.018775925925925946
4 0.7228333333333334 0.6314328703703704 0.01584374999999992 0.021123148148148137
4 0.5413046875 0.4178541666666667 0.013203124999999953 0.018776851851851902
4 0.50103828125 0.4172675925925926 0.011881770833333328 0.019950000000000048
4 0.553515625 0.5610226851851853 0.027062500000000017 0.021123148148148137
4 0.5251317708333333 0.538725925925926 0.013861458333333292 0.023470370370370437
4 0.5155598958333333 0.5539814814814814 0.011880208333333305 0.02581666666666662
0 0.7852109375 0.5868398148148148 0.049505208333333425 0.1009222222222222
0 0.7281119791666666 0.6138305555555554 0.06732812499999999 0.1009222222222222
0 0.5248026041666667 0.40494537037037037 0.087134375 0.13847407407407405
0 0.5502166666666668 0.5316847222222222 0.08251458333333339 0.11265648148148147
0 0.06999333333333334 0.40025185185185186 0.06601020833333333 0.1009222222222222
0 0.07560393229166666 0.36328611111111114 0.06138901041666666 0.0833185185185185
