4 0.6703541666666666 0.2013416666666667 0.023104166666666613 0.01995000000000002
1 0.6802552083333333 0.21131620370370371 0.04686458333333334 0.09388055555555552
4 0.7782812499999999 0.12799675925925927 0.02112499999999997 0.02112314814814815
4 0.7555078125 0.1608550925925926 0.01650520833333336 0.06336944444444446
4 0.7769609375 0.16437592592592595 0.007921874999999901 0.05398148148148147
4 0.7994036458333333 0.16378935185185184 0.011880208333333305 0.06454351851851854
2 0.7739895833333333 0.18432546296296295 0.09307291666666669 0.14551574074074072
4 0.6696953125 0.559849074074074 0.015182291666666714 0.023470370370370437
4 0.6224947916666667 0.5510476851851852 0.01452083333333339 0.02229722222222224
4 0.4531809895833333 0.677786574074074 0.013861979166666672 0.024643518518518526
4 0.42347656250000004 0.6895217592592594 0.017822916666666622 0.02229722222222224
4 0.4964177083333333 0.5457671296296296 0.010561458333333343 0.021123148148148137
4 0.52447109375 0.5516347222222222 0.019141145833333262 0.021123148148148137
0 0.4360184895833333 0.6648782407407409 0.07195052083333332 0.11383055555555557
0 0.6469192708333333 0.5346185185185185 0.09901562500000007 0.1748537037037037
0 0.5152302083333333 0.5305115740740741 0.06402916666666668 0.09857500000000001
