1 0.8376901041666667 0.4466055555555556 0.022442708333333408 0.045766666666666664
4 0.07494401041666665 0.6889351851851852 0.009901562499999997 0.023470370370370437
1 0.08748567708333332 0.6795472222222223 0.03762552083333333 0.06571666666666671
4 0.8403307291666666 0.4442583333333333 0.013203124999999953 0.012909259259259266
3 0.41258489583333335 0.23889398148148147 0.07525104166666666 0.15842314814814815
0 0.061081953125 0.6648782407407408 0.04026630208333333 0.06219537037037042
0 0.17428880208333333 0.6378870370370371 0.04884739583333335 0.08097222222222226
0 0.2782546875 0.5698240740740741 0.04158645833333333 0.08566666666666665
0 0.9634375 0.8103935185185186 0.042906250000000055 0.07393148148148149
0 0.8030338541666665 0.8978194444444445 0.06799479166666664 0.09387962962962962
0 0.7792682291666666 0.5410731481481481 0.04026562499999997 0.08449259259259266
0 0.9152500000000001 0.5463537037037037 0.037625000000000006 0.05515555555555554
4 0.27627447916666664 0.5821458333333334 0.011221875000000025 0.014082407407407358
4 0.18914140625 0.6455152777777778 0.009901562499999983 0.01877685185185185
4 0.052170546875 0.6783736111111112 0.011881822916666663 0.01877685185185185
4 0.17956979166666667 0.6642916666666666 0.019803125000000026 0.016429629629629655
4 0.9779609374999999 0.8191949074074073 0.008578125000000015 0.021123148148148137
4 0.9591458333333333 0.8297564814814815 0.01452083333333339 0.01877592592592584
4 0.7796015625 0.5528078703703704 0.013203124999999953 0.014082407407407358
4 0.7994036458333333 0.9242240740740741 0.026401041666666694 0.02464444444444443
4 0.9073281249999999 0.538725925925926 0.008583333333333342 0.016429629629629655
4 0.9152526041666665 0.5563287037037038 0.009901041666666662 0.016429629629629655
4 0.9000677083333334 0.5481138888888889 0.008583333333333224 0.018775925925925946
2 0.9604661458333333 0.45305925925925933 0.05413020833333325 0.07745185185185188
3 0.9640989583333334 0.4225481481481481 0.013864583333333395 0.011735185185185218
4 0.9495755208333333 0.4378037037037037 0.01122395833333331 0.035205555555555545
4 0.9627786458333333 0.44073796296296297 0.005942708333333376 0.03168518518518521
4 0.9753203125 0.4430847222222222 0.008578124999999895 0.03872499999999998
