3 0.4650627604166666 0.17845814814814817 0.11023697916666671 0.21123185185185187
4 0.9294427083333333 0.4554064814814815 0.013197916666666741 0.014081481481481454
1 0.9360442708333333 0.45892731481481486 0.02904687499999999 0.05163425925925925
4 0.9951223958333333 0.41961435185185186 0.011223958333333428 0.01290833333333331
4 0.9812604166666666 0.43663055555555563 0.013864583333333276 0.037551851851851836
4 0.9957812500000001 0.44015138888888894 0.0072604166666665765 0.03285833333333336
2 0.9878619791666666 0.45247268518518513 0.054786458333333364 0.0856657407407407
4 0.44030911458333327 0.5856662037037037 0.011881770833333328 0.014082407407407464
4 0.11983072916666666 0.697149537037037 0.015182291666666669 0.01642870370370375
4 0.12643151041666664 0.7065375 0.009901562499999997 0.021123148148148137
4 0.10563854166666665 0.7129921296296297 0.014521875000000002 0.01525648148148146
4 0.7746510416666667 0.5645430555555556 0.012541666666666628 0.016428703703703647
0 0.11058932291666666 0.7000837962962964 0.046867187500000004 0.07158425925925929
0 0.43898906249999997 0.5657166666666666 0.047527083333333366 0.11500370370370377
0 0.7739869791666666 0.5522212962962963 0.04554687500000002 0.08566666666666665
