3 0.44625 0.2359601851851852 0.015842708333333337 0.0258166666666667
4 0.9581588541666667 0.42841574074074074 0.015182291666666714 0.011735185185185218
1 0.9614583333333333 0.4307625 0.02310416666666673 0.04459351851851852
4 0.10695885416666666 0.7611060185185186 0.015842708333333337 0.012908333333333362
4 0.11455 0.775188425925926 0.011221874999999996 0.01760277777777775
4 0.3399739583333333 0.4325231481481482 0.010561458333333343 0.012909259259259266
4 0.8687135416666666 0.5422462962962963 0.00791666666666669 0.011735185185185166
4 0.8439609375000001 0.5422462962962963 0.009901041666666662 0.014081481481481454
4 0.6891666666666666 0.8543999999999999 0.010562499999999985 0.023470370370370437
4 0.7076510416666667 0.883737962962963 0.02112499999999997 0.018775925925925946
4 0.7360338541666667 0.8766967592592593 0.006598958333333371 0.01877685185185185
0 0.8522109374999999 0.5357921296296297 0.05148437500000007 0.08331944444444446
0 0.7076484375 0.8585074074074074 0.06469270833333335 0.09974814814814821
0 0.34030390625 0.4237222222222222 0.024423437500000016 0.042246296296296275
0 0.10101770833333333 0.7646268518518519 0.05412812499999999 0.07393148148148149
0 0.9697083333333334 0.8831509259259259 0.048843749999999984 0.08097222222222226
0 0.23435807291666666 0.43721712962962966 0.03828593749999998 0.05280833333333335
