4 0.9974348958333333 0.3732611111111111 0.00792187500000002 0.023470370370370384
2 1.00865625 0.3779546296296296 0.06072916666666674 0.08918703703703704
4 0.8409895833333333 0.3726740740740741 0.01452083333333339 0.012909259259259266
1 0.8403281249999999 0.3738476851851852 0.025083333333333374 0.0504601851851852
4 0.8126067708333333 0.48357083333333334 0.00792187500000002 0.014082407407407358
4 0.8353776041666667 0.4894384259259259 0.009901041666666662 0.014082407407407358
4 0.890828125 0.6009222222222222 0.013864583333333395 0.011735185185185166
4 0.8842265625000001 0.6108967592592592 0.013859374999999948 0.01525648148148146
4 0.9112890625 0.6120703703703705 0.013859375000000066 0.015255555555555555
4 0.6376796875 0.3885162037037037 0.00792187500000002 0.00938796296296292
4 0.6330572916666667 0.39438379629629633 0.006604166666666581 0.009387962962962973
4 0.6462604166666668 0.3984912037037037 0.009239583333333337 0.010562037037037073
4 0.20630390625 0.5686500000000001 0.013861979166666672 0.015255555555555555
4 0.21125442708333336 0.579212037037037 0.00924114583333333 0.012909259259259266
4 0.192771875 0.5809722222222223 0.010561458333333343 0.016429629629629655
4 0.013224635416666667 0.7675601851851852 0.011881770833333334 0.018775925925925946
4 0.024116276041666666 0.774601388888889 0.008581302083333334 0.023469444444444532
0 0.0026630468749999987 0.7693203703703704 0.054128177083333326 0.08097222222222226
0 0.07494401041666665 0.4143337962962963 0.0442265625 0.07275833333333334
0 0.19937291666666665 0.5704106481481481 0.040926041666666656 0.061023148148148125
0 0.6426302083333333 0.38910324074074076 0.032343750000000074 0.04341944444444442
0 0.90171875 0.6009222222222222 0.05940624999999997 0.07275740740740738
0 0.8271276041666666 0.47887685185185186 0.05017187499999996 0.08214629629629637
3 0.5693567708333334 0.11743541666666668 0.08119270833333327 0.13143287037037038
3 0.4343682291666667 0.07577587962962964 0.060729166666666674 0.09974824074074075
