3 0.6185364583333333 0.1373851851851852 0.017166666666666684 0.023470370370370384
3 0.9759817708333333 0.39438379629629633 0.015182291666666714 0.009387962962962973
4 0.9872031250000001 0.41668055555555555 0.007260416666666695 0.037551851851851836
4 0.973671875 0.41492083333333335 0.005281249999999934 0.029337962962962965
4 0.960796875 0.41140000000000004 0.012541666666666628 0.0340314814814815
2 0.971359375 0.42724212962962965 0.05479166666666657 0.07979907407407406
3 0.3333729166666667 0.19840787037037036 0.010561458333333343 0.01877685185185185
3 0.39443203125000004 0.19019305555555557 0.009901562500000042 0.0164287037037037
3 0.4337080729166667 0.1544009259259259 0.010561979166666664 0.015255555555555581
3 0.4564817708333333 0.20016805555555556 0.015182291666666655 0.03168425925925925
3 0.52150078125 0.15968194444444445 0.010560937499999963 0.023469444444444452
3 0.5634166666666667 0.16554953703703704 0.012541666666666628 0.01877685185185185
4 0.8782864583333333 0.41844120370370375 0.013864583333333276 0.01290833333333331
1 0.8746536458333334 0.4202013888888889 0.023765625000000058 0.04459351851851852
4 0.7838932291666667 0.5487004629629629 0.015182291666666714 0.012908333333333362
4 0.6277760416666667 0.5199495370370371 0.010562499999999985 0.014082407407407358
4 0.1587765625 0.6408212962962964 0.012541666666666687 0.011735185185185166
4 0.16438750000000002 0.6525564814814815 0.010561458333333313 0.014081481481481454
4 0.14425442708333333 0.6525564814814815 0.009901562499999983 0.014081481481481454
4 0.2884861979166667 0.4964796296296296 0.007921354166666698 0.011735185185185166
4 0.2802348958333333 0.5052810185185185 0.011221874999999966 0.012908333333333362
4 0.3967424479166667 0.6789601851851853 0.011881770833333328 0.015255555555555555
4 0.36802812500000004 0.676026388888889 0.007261458333333337 0.014082407407407358
4 0.17230859375 0.44601851851851854 0.00924114583333333 0.009388888888888877
4 0.17692942708333337 0.44953935185185184 0.007921354166666669 0.009387962962962973
0 0.16405729166666666 0.4378037037037037 0.04158645833333333 0.049287037037037004
0 0.7835625 0.5357921296296297 0.03960416666666665 0.057502777777777736
0 0.625796875 0.5117351851851852 0.04224999999999994 0.07979814814814812
0 0.28188541666666667 0.4982398148148148 0.03036458333333331 0.045766666666666664
0 0.15349583333333333 0.6402347222222223 0.04422708333333335 0.05984907407407413
0 0.3868411458333333 0.6584240740740741 0.060729166666666674 0.12439259259259254
