3 0.30036796875 0.08692435185185185 0.026403645833333298 0.03989944444444445
3 0.42017604166666667 0.08223023148148148 0.028384374999999965 0.04459324074074073
4 0.9037005208333333 0.39790462962962964 0.017161458333333237 0.011735185185185218
1 0.9030364583333332 0.4008384259259259 0.03036458333333331 0.062195370370370366
4 0.3333729166666667 0.6637046296296296 0.007920833333333318 0.015255555555555555
4 0.3063088541666667 0.6818939814814815 0.014521874999999972 0.014082407407407358
4 0.4106046875 0.4888518518518519 0.01320208333333331 0.008214814814814776
4 0.4115947916666666 0.5011731481481482 0.009901041666666721 0.01173518518518527
4 0.39905286458333333 0.49413240740740744 0.007260937500000016 0.011735185185185166
4 0.4033434895833333 0.4360439814814815 0.005280729166666671 0.012908333333333362
4 0.4172057291666667 0.4360435185185186 0.009241666666666681 0.010561111111111117
4 0.6317395833333334 0.5416597222222223 0.010562499999999985 0.012908333333333258
0 0.3099395833333334 0.6578375000000001 0.06270937499999996 0.13260648148148152
0 0.41489531249999995 0.42841574074074074 0.03630520833333334 0.05398148148148149
0 0.4082942708333333 0.48767824074074073 0.03102499999999999 0.05984907407407403
0 0.6205182291666667 0.5187759259259259 0.05808854166666665 0.1009222222222222
