1 0.14425442708333333 0.47653009259259255 0.046867187500000004 0.09388055555555552
4 0.6947786458333333 0.5921203703703704 0.016505208333333243 0.02229629629629623
4 0.6762942708333334 0.5680634259259258 0.013859374999999948 0.021123148148148137
4 0.6660625000000001 0.5868398148148148 0.010562499999999985 0.018775925925925946
4 0.50664921875 0.4659680555555556 0.012542187500000008 0.02112314814814819
4 0.46572291666666665 0.46714212962962964 0.012541666666666628 0.021123148148148085
4 0.49740781249999994 0.5974013888888889 0.02574375 0.021123148148148137
4 0.47265416666666665 0.5745180555555555 0.010561458333333343 0.019949074074074036
4 0.46242239583333333 0.5874263888888889 0.007261458333333337 0.02229722222222224
0 0.687515625 0.5733444444444444 0.06666666666666667 0.09270740740740743
0 0.48486536458333335 0.44953888888888893 0.08911302083333332 0.14551481481481487
0 0.4957567708333333 0.5651296296296295 0.07656979166666661 0.11852407407407405
0 0.5815703125 0.2694050925925926 0.04356770833333338 0.062195370370370366
0 0.52480234375 0.25180231481481485 0.04620781250000003 0.078625
