4 0.6195260416666667 0.31693240740740747 0.02573958333333337 0.018775925925925894
4 0.6182057291666666 0.3973175925925926 0.0257447916666667 0.019949999999999992
4 0.6185364583333334 0.3720875 0.011885416666666633 0.025817592592592576
4 0.6000546875 0.36035231481481483 0.011880208333333305 0.05163425925925925
4 0.6373489583333334 0.3638726851851852 0.00990624999999999 0.056328703703703686
4 0.6687057291666666 0.4225481481481481 0.00792187500000002 0.028164814814814823
2 0.6188645833333333 0.37971527777777775 0.11287500000000002 0.15373055555555562
4 0.29475729166666664 0.48533101851851856 0.015182291666666655 0.02229722222222224
4 0.33172265625 0.4841578703703704 0.011221354166666645 0.024643518518518474
4 0.45978203125 0.38968981481481485 0.024423437499999957 0.018775925925925946
1 0.46242239583333333 0.3949708333333333 0.037626041666666644 0.09270648148148147
4 0.5115997395833334 0.4454319444444445 0.014522395833333293 0.024643518518518526
4 0.5505468750000001 0.44836574074074076 0.010562499999999985 0.018775925925925946
4 0.0125645390625 0.5328583333333333 0.01716258854166667 0.023470370370370332
4 0.7525364583333333 0.43369675925925927 0.011885416666666633 0.02229722222222224
4 0.740984375 0.44953888888888893 0.01782291666666668 0.018775925925925946
0 0.47298411458333334 0.4278291666666667 0.07063072916666666 0.1020953703703704
4 0.16438723958333334 0.6361273148148148 0.01848281250000001 0.014082407407407358
4 0.16273723958333336 0.6590111111111111 0.016502604166666667 0.02699074074074072
4 0.13138255208333333 0.6795472222222223 0.014522395833333352 0.023470370370370437
0 0.7396640624999999 0.43134953703703705 0.05610937500000001 0.08331944444444446
0 0.3026783854166667 0.4665550925925926 0.09175364583333331 0.16311759259259256
0 0.15217578125 0.6502092592592593 0.07459114583333334 0.09622777777777772
4 0.20597369791666667 0.9077944444444445 0.00924114583333333 0.026990740740740825
4 0.18022968749999999 0.8989935185185186 0.034324999999999994 0.018775925925925946
4 0.1799 0.9306777777777778 0.02178333333333334 0.028162962962963015
0 0.17989973958333336 0.9013407407407407 0.0666703125 0.12439259259259254
0 0.011574401041666665 0.5164291666666667 0.05478828125 0.09622870370370373
0 0.5267828125 0.42430879629629636 0.08317395833333331 0.14434166666666662
