4 0.7574869791666666 0.4430847222222222 0.020463541666666647 0.02229722222222224
4 0.7241536458333333 0.4260685185185185 0.011880208333333305 0.023470370370370332
1 0.2284171875 0.4125736111111112 0.04356666666666665 0.09036018518518518
4 0.0218059375 0.5046939814814816 0.0145221875 0.08449351851851856
2 -0.0036078906250000004 0.49178518518518527 0.07195088541666667 0.15725
4 0.6069843749999999 0.5451800925925926 0.019145833333333327 0.02229722222222224
4 0.5696901041666667 0.5269907407407408 0.00792187500000002 0.02112407407407404
4 0.4231463541666667 0.5533949074074075 0.010561458333333343 0.02229722222222224
4 0.39146171874999997 0.5487004629629629 0.027724479166666663 0.01760277777777775
4 0.38750104166666666 0.5704106481481481 0.027723958333333344 0.021123148148148245
4 0.4561513020833334 0.5821458333333334 0.025083854166666638 0.01877685185185185
4 0.45417135416666665 0.6044425925925926 0.017162499999999997 0.023470370370370332
0 0.3960825520833333 0.5228837962962963 0.08185260416666669 0.14434166666666667
0 0.4561513020833334 0.5768648148148149 0.0554484375 0.09974814814814821
0 0.5980729166666667 0.5146689814814814 0.08448958333333334 0.1560768518518519
0 0.7541875 0.4272421296296297 0.0785520833333333 0.14551574074074072
