3 0.33205260416666665 0.14794722222222223 0.01320208333333337 0.023470370370370357
3 0.3297424479166667 0.18843287037037038 0.009901562499999983 0.024643518518518526
3 0.3941020833333333 0.1837388888888889 0.009241666666666681 0.017601851851851872
3 0.42578697916666663 0.16730972222222223 0.014521874999999972 0.01994907407407409
3 0.5442760416666667 0.1544009259259259 0.012541666666666628 0.022296296296296307
3 0.5502135416666667 0.12858425925925926 0.007260416666666695 0.015255555555555555
3 0.5947708333333334 0.13093101851851854 0.01452083333333339 0.019949074074074064
3 0.6459296875 0.1948875 0.013859374999999948 0.021123148148148137
4 0.7885104166666667 0.43721712962962966 0.013864583333333276 0.012908333333333362
1 0.7937916666666667 0.4436717592592593 0.032343750000000074 0.05163425925925925
4 0.9862109375 0.43369675925925927 0.01320312500000007 0.03403240740740741
4 0.9990833333333333 0.43956388888888887 0.005937500000000047 0.02699074074074072
2 0.9938046875 0.4483652777777778 0.05610937500000001 0.08683981481481486
4 0.2980575520833333 0.6314333333333334 0.009901562499999983 0.016429629629629655
4 0.27099348958333336 0.6314333333333334 0.009901562499999983 0.016429629629629655
4 0.13963359375 0.6936291666666667 0.009901562499999983 0.016428703703703647
4 0.13336276041666667 0.6836546296296296 0.01056197916666668 0.015255555555555555
4 0.11818046874999999 0.6977365740740741 0.011881770833333328 0.012908333333333258
4 0.79709375 0.5533949074074075 0.008583333333333342 0.012908333333333258
4 0.7706901041666666 0.5533944444444444 0.009901041666666662 0.015255555555555555
0 0.12412161458333332 0.6830675925925925 0.048847395833333335 0.06337037037037031
0 0.2822151041666666 0.617937962962963 0.0587489583333333 0.10678888888888889
0 0.7822421875 0.540486111111111 0.052807291666666596 0.08331851851851856
