1 0.07230338541666666 0.7147523148148148 0.040266145833333336 0.07275833333333329
1 0.8030338541666667 0.4741828703703703 0.021786458333333297 0.04928796296296291
4 0.05811145833333333 0.7217935185185186 0.010561458333333329 0.023470370370370332
4 0.8043541666666667 0.47066203703703713 0.012541666666666748 0.011735185185185218
3 0.39872291666666665 0.19606064814814814 0.014521875000000031 0.025817592592592604
3 0.4261169270833333 0.19606111111111113 0.01782239583333336 0.035205555555555545
3 0.37925000000000003 0.1984078703703704 0.012541666666666687 0.025817592592592604
3 0.5538463541666666 0.16554953703703704 0.01583854166666659 0.025817592592592604
3 0.6106145833333334 0.12799722222222223 0.01584374999999992 0.02347037037037037
0 0.20597369791666667 0.6378875 0.05280781250000001 0.09036018518518514
0 0.2954171875 0.6343666666666666 0.056108333333333364 0.1044425925925926
0 0.11653020833333333 0.6437550925925926 0.03234479166666665 0.05280833333333335
0 0.7640885416666666 0.568650462962963 0.04686458333333334 0.08331944444444446
0 0.8799348958333333 0.5668902777777778 0.039609374999999974 0.05632870370370374
4 0.2924466145833333 0.6502092592592593 0.011881770833333328 0.01642962962962955
4 0.3139 0.6425814814814815 0.007261458333333337 0.01760185185185195
4 0.2099341145833333 0.656663425925926 0.01848281250000001 0.01760277777777775
0 0.10002760416666666 0.5545680555555557 0.03894583333333334 0.05280833333333335
4 0.10464843750000001 0.5551550925925927 0.009901041666666676 0.016428703703703647
4 0.11322968750000001 0.5639560185185185 0.008581249999999999 0.01760277777777775
4 0.094746875 0.5668902777777779 0.011221875000000011 0.01642870370370375
4 0.872015625 0.5592625 0.010562499999999985 0.01760277777777775
4 0.8673932291666666 0.5686500000000001 0.009244791666666667 0.015255555555555555
4 0.8838958333333333 0.5733444444444444 0.010562499999999985 0.015255555555555555
4 0.11719036458333332 0.6566638888888888 0.012542187499999994 0.015255555555555555
4 0.760125 0.578625 0.012541666666666628 0.016429629629629655
4 0.7805885416666667 0.5756912037037037 0.007260416666666695 0.01760277777777775
2 0.9409947916666667 0.4777032407407407 0.05479166666666669 0.07510462962962963
3 0.94759375 0.4471921296296296 0.01782291666666668 0.014082407407407412
4 0.9571666666666667 0.4689023148148148 0.009239583333333337 0.03637870370370369
4 0.9446249999999999 0.46890185185185185 0.00791666666666669 0.03168518518518521
4 0.9334036458333334 0.4630342592592593 0.010557291666666658 0.03168518518518521
