1 0.18650078125 0.36035231481481483 0.04422656249999998 0.08449351851851856
4 0.7670598958333333 0.2124898148148148 0.006598958333333253 0.018775925925925918
4 0.7456041666666666 0.2066226851851852 0.021781249999999967 0.014082407407407412
4 0.743625 0.22187824074074075 0.020458333333333436 0.0164287037037037
4 0.5934505208333334 0.4143337962962963 0.01716145833333336 0.021123148148148137
4 0.37957994791666666 0.5228833333333333 0.014522395833333352 0.022296296296296335
4 0.40730416666666663 0.5287509259259259 0.017162499999999997 0.01994999999999994
4 0.6670546875 0.8279962962962963 0.03498437499999992 0.02229629629629623
4 0.6927994791666667 0.8379708333333333 0.009901041666666662 0.021123148148148137
4 0.6647421874999999 0.8608541666666667 0.02376562499999994 0.024643518518518526
4 0.5274421875 0.5176023148148149 0.019803125000000026 0.021123148148148137
4 0.7040182291666668 0.4659680555555556 0.021786458333333415 0.016428703703703647
4 0.7079817708333334 0.48767824074074073 0.015182291666666714 0.022297222222222135
4 0.6819062499999999 0.479463425925926 0.010562500000000105 0.019949074074074036
4 0.31885078125000005 0.559849074074074 0.015842187500000014 0.023470370370370437
4 0.2713234375 0.5563287037037038 0.01320208333333334 0.016429629629629655
0 0.7462630208333332 0.18139166666666667 0.05082812499999995 0.11148333333333332
0 0.5954322916666667 0.3926236111111111 0.062052083333333265 0.1396472222222222
0 0.698078125 0.46479444444444445 0.061385416666666616 0.08918703703703704
0 0.5271135416666667 0.4935453703703704 0.04818958333333327 0.09270740740740743
0 0.6693619791666666 0.8285828703703704 0.0633697916666667 0.12673981481481483
0 0.39311197916666674 0.510561574074074 0.06402916666666668 0.09857499999999997
0 0.3036684895833333 0.5375523148148148 0.10165572916666668 0.1736787037037037
