4 0.4155552083333333 0.30578425925925923 0.02178333333333337 0.022296296296296283
1 0.4264471354166667 0.30871759259259257 0.04884739583333335 0.0844925925925926
4 0.7858697916666666 0.2377203703703704 0.021781249999999967 0.017601851851851844
4 0.7644192708333333 0.2717523148148148 0.018484375000000004 0.06454351851851851
4 0.807984375 0.27351250000000005 0.011885416666666633 0.06102314814814818
4 0.7848828124999999 0.27351250000000005 0.00792187500000002 0.05867499999999998
2 0.7848802083333334 0.2946356481481482 0.0897708333333334 0.14082129629629628
4 0.3317229166666666 0.6202851851851852 0.015182291666666655 0.02699074074074072
4 0.29178671875 0.6414078703703704 0.026403645833333298 0.024643518518518526
4 0.6304192708333333 0.6525564814814815 0.013203124999999953 0.023470370370370332
4 0.5845390625 0.6478625 0.015182291666666714 0.025817592592592628
4 0.49443723958333335 0.3480305555555556 0.007921354166666639 0.019949999999999992
4 0.47430416666666664 0.3480300925925926 0.015182291666666655 0.01760277777777775
4 0.4977377604166667 0.5275777777777778 0.00924114583333336 0.019950000000000048
4 0.46440286458333335 0.5422467592592594 0.01650260416666664 0.021123148148148137
4 0.5449348958333333 0.6525564814814815 0.009901041666666662 0.02581666666666662
4 0.80534375 0.4618611111111111 0.017166666666666684 0.022296296296296335
4 0.7809192708333333 0.45188564814814813 0.00792187500000002 0.021123148148148137
0 0.8010546875000001 0.44015092592592586 0.06139062500000006 0.09857407407407406
0 0.5591276041666667 0.637300925925926 0.05413020833333337 0.09622777777777783
0 0.6132552083333334 0.6326064814814816 0.09241666666666669 0.17837407407407407
0 0.4663830729166667 0.5228833333333334 0.07459114583333334 0.14668888888888892
0 0.3013580729166667 0.5938810185185185 0.08779322916666665 0.15725092592592596
0 0.47694479166666665 0.34098935185185186 0.049507291666666654 0.0668898148148148
