3 0.6941171875 0.19840787037037036 0.008578125000000015 0.0164287037037037
3 0.6479114583333333 0.13093101851851854 0.01121874999999998 0.019949074074074064
3 0.6007135416666666 0.12741064814814815 0.00791666666666669 0.01056203703703702
3 0.4858559895833333 0.12799722222222226 0.00924114583333336 0.01642962962962963
3 0.42809739583333334 0.21659722222222225 0.011221875000000025 0.01995000000000002
3 0.4063140625 0.17845833333333336 0.008581249999999999 0.01642962962962963
3 0.6040156250000001 0.15498796296296297 0.010562499999999985 0.01642962962962963
4 0.8291067708333333 0.420787962962963 0.013203124999999953 0.012909259259259266
1 0.8333984375 0.42313518518518517 0.021786458333333297 0.045766666666666664
4 0.31885078125000005 0.4325231481481482 0.011881770833333328 0.010561111111111065
4 0.32017109374999997 0.44191111111111114 0.014522395833333293 0.010561111111111117
4 0.30498854166666667 0.4360439814814815 0.006601041666666655 0.012908333333333362
4 0.10167786458333333 0.8103935185185186 0.011881770833333328 0.019950000000000048
4 0.11190937499999999 0.8209550925925926 0.008581250000000014 0.01760277777777775
4 0.08682552083333332 0.8315166666666667 0.015182291666666669 0.017601851851851844
4 0.8598046874999999 0.5463537037037037 0.009901041666666662 0.012909259259259266
4 0.8357109375 0.5422462962962963 0.00792187500000002 0.014081481481481454
0 0.8472604166666666 0.5375523148148148 0.05214583333333327 0.08214537037037035
0 0.31621041666666666 0.4190277777777778 0.034324999999999994 0.06571666666666666
0 0.09078619791666667 0.814500462962963 0.053468229166666666 0.07510462962962958
