1 0.057451249999999995 0.705951388888889 0.03960583333333333 0.0715842592592592
1 0.7987447916666666 0.4630342592592593 0.019802083333333324 0.04342037037037038
4 0.045899479166666673 0.7147527777777778 0.012541666666666666 0.023470370370370332
4 0.8010520833333333 0.4589273148148148 0.012541666666666628 0.014082407407407412
3 0.36802812500000004 0.15616157407407408 0.052147916666666676 0.07041018518518517
3 0.417865625 0.1849125 0.03036458333333331 0.059849074074074075
3 0.48387578125 0.1984078703703704 0.06600989583333329 0.10092129629629633
3 0.5779401041666666 0.26001712962962964 0.06534895833333335 0.045767592592592624
0 0.888515625 0.8925402777777778 0.0514895833333334 0.08097499999999998
0 0.9244921875000001 0.5803851851851852 0.04291145833333339 0.05750185185185183
0 0.7403229166666667 0.5545680555555557 0.04818749999999999 0.07627870370370368
0 0.24392942708333334 0.5692370370370371 0.04026614583333332 0.08449259259259266
0 0.16009687499999997 0.6701592592592592 0.06138958333333333 0.08449259259259266
4 0.24722994791666666 0.5821458333333334 0.012542187499999979 0.014082407407407358
4 0.17296875 0.6801337962962963 0.010561458333333313 0.01760277777777775
4 0.18055989583333332 0.6906953703703704 0.011221874999999996 0.019950000000000048
4 0.15679609375 0.6942157407407407 0.020463020833333328 0.01994999999999994
4 0.10068776041666666 0.5316847222222222 0.009901562499999997 0.014082407407407358
4 0.08946614583333333 0.5434199074074074 0.012541666666666658 0.016428703703703647
0 0.09540703125 0.5334449074074075 0.03630572916666666 0.05280833333333324
4 0.1072890625 0.5398995370370371 0.008581249999999999 0.014082407407407464
4 0.9287838541666665 0.5932944444444445 0.01320312500000007 0.015255555555555555
4 0.9175624999999998 0.578038425925926 0.010562499999999985 0.01525648148148146
4 0.9106302083333334 0.5886 0.008583333333333342 0.017601851851851844
4 0.735703125 0.5645430555555556 0.012541666666666628 0.016428703703703647
4 0.7561666666666667 0.5639564814814816 0.007260416666666695 0.015255555555555555
4 0.8716848958333333 0.8984069444444445 0.013859375000000066 0.024643518518518526
4 0.8967682291666667 0.9136625 0.015182291666666596 0.02229722222222224
2 0.9132708333333334 0.4653814814814815 0.04686458333333334 0.07627777777777778
3 0.9162395833333332 0.43663055555555563 0.014520833333333271 0.014081481481481507
4 0.9261432291666666 0.45716666666666667 0.006598958333333371 0.03403148148148145
4 0.9142604166666667 0.4565800925925926 0.0066041666666667 0.030512037037037067
4 0.9017187500000001 0.4530592592592593 0.00791666666666669 0.03051111111111111
