4 0.0072837443489583336 0.6431680555555556 0.014522198802083334 0.014082407407407358
1 0.007943828125000002 0.6308467592592593 0.03432515625 0.05984907407407413
4 0.8617838541666667 0.4225481481481481 0.013859375000000066 0.011735185185185218
4 0.9951223958333334 0.4202013888888889 0.009901041666666662 0.0328583333333333
2 1.0070026041666666 0.431349537037037 0.05610937500000001 0.07862500000000003
1 0.8607942708333333 0.42548240740740745 0.018484375000000004 0.045766666666666664
4 0.12082083333333334 0.6695722222222222 0.009241666666666667 0.012909259259259266
4 0.11520989583333334 0.686587962962963 0.012541666666666658 0.01642962962962955
4 0.09606718750000001 0.6854148148148149 0.007261458333333322 0.016429629629629655
4 0.22610677083333333 0.6302597222222222 0.008581249999999999 0.014082407407407358
4 0.2086140625 0.638474537037037 0.010561458333333343 0.014082407407407464
4 0.49047656249999994 0.7493708333333334 0.009241666666666681 0.019949074074074036
4 0.4627526041666667 0.7599324074074074 0.009241666666666622 0.019950000000000048
4 0.8393385416666667 0.7546518518518519 0.016499999999999914 0.01642962962962955
4 0.818875 0.737049074074074 0.008583333333333342 0.014081481481481454
4 0.8112864583333333 0.745263888888889 0.009239583333333337 0.023470370370370332
0 0.8353802083333333 0.7393962962962963 0.05742708333333333 0.08214629629629637
0 0.46836328125 0.7429166666666667 0.0640296875 0.12204444444444444
0 0.21917578125 0.6255657407407409 0.038285937500000006 0.05867592592592593
0 0.11289973958333334 0.6783736111111112 0.042246354166666666 0.0657157407407407
0 0.19904270833333335 0.4589273148148148 0.044227083333333334 0.07510462962962963
