4 0.259771875 0.5293375000000001 0.008581249999999999 0.014082407407407358
4 0.2518505208333333 0.5416597222222223 0.011221875000000025 0.012908333333333258
4 0.4941072916666666 0.5217101851851851 0.005940625000000033 0.015255555555555555
4 0.4706736979166667 0.5269907407407408 0.011881770833333328 0.016429629629629655
4 0.6607812499999999 0.4272421296296297 0.009239583333333337 0.014082407407407412
4 0.6759635416666666 0.4295893518518519 0.009239583333333337 0.011734259259259262
4 0.8360390625 0.5211231481481482 0.008578125000000015 0.01408148148148156
4 0.8512213541666667 0.5363787037037037 0.01650520833333336 0.01408148148148156
4 0.5875130208333333 0.5709972222222222 0.011880208333333423 0.015255555555555555
0 0.8485807291666667 0.5211231481481482 0.046869791666666674 0.06337037037037042
0 0.12907213541666668 0.43076296296296296 0.04290677083333335 0.07979814814814816
0 0.6670546875 0.4219615740740741 0.03498437499999992 0.043419444444444476
0 0.5868515625 0.5528083333333332 0.05148437500000007 0.10796296296296298
0 0.474634375 0.5117351851851852 0.054128124999999964 0.10092222222222226
0 0.251190625 0.5346185185185185 0.03762604166666668 0.05750185185185183
3 0.5139091145833333 0.08281722222222222 0.08515052083333335 0.1419951851851852
