4 0.5102794270833333 0.6795467592592592 0.011881770833333328 0.021123148148148137
4 0.4568114583333333 0.6807208333333333 0.017162499999999997 0.02816388888888881
4 0.4366786458333333 0.4730092592592593 0.015182291666666714 0.018775925925925946
4 0.43568854166666665 0.5 0.019803125000000026 0.023470370370370332
4 0.39146171875 0.5052810185185185 0.018482812499999984 0.024643518518518526
4 0.4868463541666666 0.4947194444444445 0.008581249999999999 0.019950000000000048
4 0.5092893229166666 0.5070412037037036 0.01650260416666664 0.021123148148148137
4 0.7291015625 0.4237217592592593 0.01650520833333336 0.0164287037037037
4 0.7109479166666667 0.40611898148148157 0.010562499999999985 0.0164287037037037
4 0.7010494791666666 0.42313518518518517 0.01320312500000007 0.019949999999999992
4 0.3894815104166666 0.39086388888888896 0.007921354166666639 0.023470370370370384
4 0.42677708333333336 0.3990782407407408 0.012541666666666687 0.0164287037037037
4 0.5914713541666666 0.45481944444444444 0.00792187500000002 0.015255555555555555
4 0.5752994791666667 0.4782898148148148 0.015182291666666714 0.015255555555555607
0 0.7205208333333334 0.4061194444444445 0.05742708333333333 0.0844925925925926
0 0.577609375 0.4577537037037037 0.05677083333333333 0.07979814814814816
0 0.502028125 0.490025 0.0547875 0.09740185185185182
0 0.47727421875000003 0.6619444444444446 0.10429531249999997 0.1994962962962963
0 0.416215625 0.4647944444444444 0.08647291666666668 0.14316851851851853
0 0.41489531249999995 0.3791287037037037 0.08251250000000004 0.1384740740740741
