3 0.6281093749999999 0.14031898148148148 0.01782291666666668 0.024643518518518526
3 0.5802499999999999 0.13797222222222222 0.00791666666666669 0.015255555555555555
3 0.5627578124999999 0.18784629629629632 0.01122395833333331 0.01642962962962963
3 0.5281041666666667 0.19664722222222225 0.01452083333333339 0.026990740740740746
3 0.5521953125 0.244174537037037 0.019140625 0.025817592592592576
3 0.3815604166666667 0.19606064814814814 0.01320208333333331 0.0164287037037037
3 0.33931406249999996 0.20838287037037037 0.01320208333333337 0.024643518518518502
4 0.9947942708333334 0.4419115740740741 0.01320312500000007 0.03637870370370369
2 1.0040364583333332 0.4577537037037037 0.05544791666666669 0.07979814814814816
4 0.8396692708333333 0.44836574074074076 0.01583854166666659 0.011735185185185166
1 0.837359375 0.45305972222222224 0.02442708333333338 0.05163425925925925
4 0.15085546875 0.6701587962962964 0.013861979166666672 0.01642870370370375
4 0.15712630208333334 0.6836546296296296 0.010561979166666664 0.015255555555555555
4 0.13666328125000002 0.6848277777777778 0.013201562500000005 0.015255555555555555
4 0.7561666666666668 0.8473592592592594 0.021781249999999967 0.018775925925925946
4 0.7393333333333333 0.8244759259259259 0.009239583333333337 0.019950000000000048
4 0.6723333333333333 0.6824810185185186 0.012541666666666748 0.017602777777777853
4 0.6997291666666666 0.6754398148148147 0.006604166666666581 0.015255555555555555
4 0.7928020833333334 0.6437550925925926 0.017166666666666684 0.012908333333333362
4 0.7908203125 0.656663425925926 0.011880208333333305 0.012908333333333362
0 0.008603932291666668 0.5046939814814815 0.05016755208333334 0.07979907407407402
0 0.754515625 0.824475462962963 0.05940624999999997 0.08331944444444446
0 0.7908229166666667 0.6437550925925926 0.03168749999999996 0.05750277777777784
0 0.6782734375 0.6683986111111111 0.05610937500000001 0.10678981481481489
0 0.14359427083333334 0.6742662037037037 0.046866666666666654 0.06454351851851851
