3 0.4403091145833333 0.19136666666666666 0.026403645833333298 0.05867592592592591
3 0.4931171875 0.1796314814814815 0.021122916666666686 0.035205555555555545
4 0.917890625 0.4565800925925926 0.013864583333333395 0.009387962962962973
1 0.9185520833333333 0.4577537037037037 0.0270624999999999 0.04928703703703705
4 0.9977630208333332 0.4542328703703704 0.009901041666666662 0.028163888888888867
2 1.0053541666666665 0.4595138888888889 0.05016666666666675 0.07862592592592588
4 0.8815833333333333 0.7012574074074074 0.012541666666666748 0.015255555555555555
4 0.859140625 0.6901087962962963 0.012541666666666628 0.014082407407407464
4 0.85353125 0.7036041666666666 0.013197916666666741 0.019949074074074036
4 0.1914515625 0.6683990740740742 0.007920833333333318 0.015255555555555555
4 0.1828703125 0.6848277777777778 0.010561458333333343 0.012909259259259266
4 0.8317473958333332 0.5774518518518519 0.00792187500000002 0.011735185185185166
4 0.8073255208333333 0.5733444444444444 0.00792187500000002 0.012909259259259266
4 0.2369984375 0.8291694444444444 0.015842708333333337 0.015255555555555555
0 0.23171770833333336 0.8227152777777779 0.040926041666666683 0.06336944444444441
0 0.18022994791666666 0.6725060185185184 0.03960572916666667 0.058675000000000026
0 0.8175572916666667 0.5663032407407408 0.053468749999999926 0.08801388888888885
0 0.8687135416666667 0.686588425925926 0.05677083333333333 0.07979907407407406
