3 0.42017604166666667 0.26236388888888884 0.03102500000000005 0.0504611111111111
3 0.5766197916666668 0.31399861111111116 0.0270624999999999 0.059849074074074075
3 0.6132552083333334 0.25532314814814816 0.019802083333333324 0.019949999999999992
4 0.7538567708333334 0.4665546296296297 0.009244791666666667 0.015255555555555503
4 0.006623640182291667 0.6918689814814815 0.013201990468750001 0.01525648148148146
1 0.006953671875000001 0.6830675925925925 0.03630546875 0.06102222222222222
1 0.7607864583333334 0.47300925925925924 0.028385416666666666 0.044592592592592566
4 0.9426458333333334 0.45892731481481486 0.010562499999999985 0.009387962962962973
4 0.9538671875 0.47887685185185186 0.00792187500000002 0.03051111111111111
4 0.9419843750000001 0.47711620370370367 0.005281250000000052 0.024643518518518474
4 0.9304322916666666 0.4730092592592593 0.01121874999999998 0.028164814814814768
2 0.9403359375000001 0.48239722222222226 0.05082812499999995 0.08214629629629626
4 0.3568065104166667 0.5557416666666667 0.005941145833333354 0.010561111111111065
4 0.34921536458333335 0.5663032407407408 0.00924114583333336 0.010562037037037073
4 0.7307526041666667 0.7681472222222223 0.01320312500000007 0.012909259259259266
4 0.7112812499999999 0.7552384259259259 0.012541666666666748 0.019949074074074036
4 0.7010494791666666 0.7616930555555557 0.011880208333333423 0.021123148148148137
4 0.21818567708333336 0.686587962962963 0.009901562500000013 0.011735185185185166
4 0.20069296875 0.6842412037037038 0.00924114583333333 0.014082407407407464
4 0.9393463541666667 0.6062027777777779 0.01320312500000007 0.01056111111111117
4 0.9396744791666668 0.619111574074074 0.01122395833333331 0.012908333333333362
4 0.7766302083333334 0.5921208333333333 0.008583333333333224 0.012908333333333362
4 0.2551513020833333 0.8168476851851852 0.013861979166666642 0.014082407407407358
0 0.9380260416666667 0.6067898148148149 0.03564583333333336 0.05398148148148144
0 0.7766302083333334 0.5809722222222223 0.04290624999999994 0.07275740740740749
0 0.7205208333333334 0.7511314814814815 0.05479166666666669 0.07745185185185188
0 0.20927421875000002 0.6754398148148147 0.03828593749999998 0.05750185185185183
0 0.35119557291666664 0.5580888888888889 0.027724479166666663 0.05046111111111116
0 0.24855026041666667 0.8150875 0.03762552083333333 0.06219537037037042
