1 0.08286510416666666 0.7106449074074074 0.037626041666666665 0.0668898148148148
1 0.8343906249999999 0.47418287037037044 0.019802083333333324 0.046939814814814865
4 0.07032317708333333 0.7194462962962963 0.011221354166666668 0.023470370370370437
4 0.8353776041666666 0.4730092592592593 0.015182291666666714 0.016429629629629603
3 0.3719888020833333 0.27409907407407413 0.0165026041666667 0.019949999999999992
3 0.41423515625 0.24182731481481481 0.011221354166666704 0.021123148148148137
3 0.4376684895833333 0.22246481481481484 0.011881770833333328 0.019949999999999992
3 0.5805781250000001 0.20427546296296298 0.012541666666666628 0.01877685185185185
3 0.5389947916666666 0.22129120370370373 0.0112187500000001 0.02229722222222221
3 0.45120078124999996 0.29287546296296296 0.0165026041666667 0.02229722222222224
0 0.029727039062500002 0.8262361111111112 0.05148758854166667 0.06571666666666671
0 0.17527916666666665 0.6818939814814815 0.06006875 0.08683981481481486
0 0.28320546875 0.578038425925926 0.046206770833333355 0.08801388888888885
0 0.7571588541666666 0.5674768518518519 0.04356770833333326 0.08097222222222226
0 0.8812552083333333 0.5692370370370371 0.043562499999999935 0.05398148148148155
0 0.9598072916666666 0.5938805555555556 0.04225000000000006 0.05398148148148155
0 0.7713489583333333 0.9207050925925926 0.06666666666666667 0.08801574074074087
4 0.29145651041666665 0.5868398148148148 0.009901562499999983 0.014081481481481454
4 0.27033359375000005 0.5833189814814815 0.009901562500000013 0.014082407407407464
4 0.18848098958333334 0.7082981481481482 0.01782239583333333 0.02229629629629623
4 0.16372734374999998 0.7047777777777777 0.01320156249999999 0.019950000000000048
4 0.184190625 0.6948023148148149 0.017162499999999997 0.021123148148148137
4 0.374959375 0.9165986111111112 0.01320208333333331 0.02582129629629635
4 0.36538776041666665 0.9471064814814815 0.01782239583333336 0.025824074074074062
0 0.36868828124999997 0.9253990740740742 0.04950781249999997 0.0786277777777779
4 0.38816119791666664 0.922461574074074 0.009241145833333301 0.023465740740740704
4 0.014214791666666667 0.8397314814814815 0.013862083333333334 0.019950000000000048
4 0.9548567708333332 0.6044425925925926 0.01122395833333331 0.018775925925925946
4 0.9730104166666665 0.6073763888888889 0.010562499999999985 0.01760277777777775
4 0.7614479166666667 0.579212037037037 0.01121874999999998 0.015255555555555555
4 0.7522083333333334 0.9189430555555556 0.012541666666666628 0.025817592592592524
4 0.7706901041666666 0.944763888888889 0.019140625 0.023472222222222245
4 0.7961041666666666 0.9359611111111111 0.009239583333333337 0.03168888888888893
4 0.8763072916666667 0.5768652777777779 0.012541666666666628 0.01760277777777775
4 0.8951197916666667 0.578038425925926 0.010562499999999985 0.017602777777777853
2 0.9297734375 0.48005046296296305 0.05082812500000008 0.07510462962962958
3 0.9340625 0.45129953703703707 0.01584374999999992 0.012908333333333362
4 0.9205338541666668 0.46714166666666673 0.009901041666666662 0.030511111111111162
4 0.9317552083333334 0.4724226851851852 0.007260416666666695 0.03168425925925925
4 0.9439635416666666 0.4706620370370371 0.010562499999999985 0.0352055555555556
