1 0.9631067708333333 0.37854166666666667 0.022442708333333408 0.05515555555555554
1 0.020485726562499997 0.6607708333333333 0.042246359375 0.08683981481481474
4 0.9627786458333334 0.37854166666666667 0.01650520833333336 0.017601851851851844
3 0.4323877604166667 0.0716687037037037 0.014522395833333293 0.025817222222222228
3 0.5650677083333332 0.061693842592592585 0.011885416666666633 0.01994972222222222
3 0.609625 0.03998388888888889 0.013864583333333276 0.02112314814814815
3 0.6452708333333333 0.1285837962962963 0.013864583333333395 0.022297222222222225
3 0.6601223958333333 0.10159296296296297 0.013203124999999953 0.019949259259259253
3 0.4165455729166666 0.06814814814814815 0.011881770833333328 0.018776111111111105
3 0.3257817708333333 0.09865939814814817 0.02178333333333331 0.03520527777777777
0 0.03830838541666667 0.5299245370370371 0.0607290625 0.09036018518518524
0 0.8304270833333334 0.49295925925925926 0.05148958333333328 0.09622777777777783
0 0.11587005208333333 0.5498745370370369 0.05742864583333332 0.1020953703703704
4 0.052170546875 0.5363791666666667 0.011881822916666663 0.021123148148148137
4 0.019825625000000003 0.5393125 0.014522187500000002 0.01760277777777775
4 0.13534296875 0.5657166666666666 0.014522395833333339 0.02581666666666662
4 0.09771744791666667 0.5575018518518519 0.010561979166666664 0.018775925925925946
4 0.10497864583333333 0.5733444444444444 0.019803124999999994 0.019950000000000048
4 0.8300989583333332 0.5029337962962963 0.01121874999999998 0.015256481481481565
