4 0.6205182291666667 0.47711620370370367 0.013203124999999953 0.017602777777777853
4 0.6122656249999999 0.4911986111111111 0.007260416666666695 0.02229722222222224
4 0.6366875000000001 0.5 0.013864583333333276 0.021124074074074146
4 0.5759583333333332 0.4031851851851852 0.007260416666666695 0.022296296296296335
4 0.5459244791666666 0.38616944444444445 0.009244791666666667 0.018775925925925946
4 0.5541744791666666 0.4090532407407408 0.015182291666666596 0.0176027777777778
4 0.4452598958333333 0.45012592592592593 0.016502083333333317 0.019949999999999992
4 0.41291510416666666 0.431349537037037 0.008581249999999999 0.01994907407407409
4 0.42578697916666663 0.5962277777777778 0.009241666666666681 0.018775925925925946
4 0.3980625 0.5903601851851852 0.006601041666666655 0.01877592592592584
4 0.17923984375 0.43897731481481483 0.02706406250000001 0.021123148148148137
1 0.1861708333333333 0.4260689814814815 0.04356666666666665 0.0868398148148148
4 0.8574921875 0.24300138888888892 0.01980729166666677 0.0164287037037037
4 0.4040036458333333 0.796311574074074 0.010561458333333343 0.02933796296296302
4 0.4970776041666667 0.538725925925926 0.01320208333333331 0.023470370370370437
4 0.5370130208333334 0.5346185185185185 0.013859374999999948 0.022296296296296335
4 0.4815653645833333 0.618524537037037 0.025744270833333378 0.021123148148148137
4 0.4594520833333333 0.5950541666666667 0.010561458333333343 0.021123148148148245
0 0.42875729166666665 0.7804689814814816 0.06138958333333336 0.10326944444444451
0 0.8561718749999999 0.21483657407407408 0.06072916666666674 0.09857500000000001
0 0.6337161458333334 0.48357083333333334 0.05280729166666672 0.0868398148148148
0 0.42083619791666665 0.578625 0.058748437500000014 0.09153333333333333
0 0.48420572916666665 0.5856662037037037 0.0719510416666667 0.11500462962962957
0 0.5178697916666666 0.5111481481481481 0.08779166666666664 0.15138333333333337
0 0.5568177083333333 0.3926236111111111 0.04951041666666664 0.07627870370370368
0 0.4403091145833333 0.4225481481481481 0.07525156249999997 0.13143333333333337
