1 0.033357630208333336 0.6906953703703704 0.04686703125 0.07862592592592588
1 0.893796875 0.42313518518518517 0.023760416666666728 0.05750185185185183
4 0.017515286458333335 0.6971495370370371 0.009901510416666667 0.025817592592592628
4 0.8970989583333333 0.420787962962963 0.01584375000000004 0.015255555555555555
3 0.46341249999999995 0.11802222222222222 0.023763541666666714 0.03872592592592593
3 0.493446875 0.12271620370370372 0.015182291666666714 0.03168425925925925
0 0.9908307291666666 0.8426648148148148 0.052807291666666596 0.08449259259259255
0 0.9578281250000001 0.9195305555555556 0.0858125 0.1067907407407407
0 0.12313124999999998 0.6519694444444444 0.06931041666666667 0.09974814814814811
0 0.28617578125 0.5897736111111112 0.05346822916666669 0.1020953703703704
0 0.8109531249999999 0.5281643518518518 0.053468749999999926 0.09153425925925923
4 0.26934322916666664 0.5985750000000001 0.007920833333333347 0.018775925925925946
4 0.29508697916666665 0.6062027777777779 0.01320208333333331 0.015255555555555555
4 0.13765338541666666 0.6642912037037038 0.013861979166666656 0.021123148148148137
4 0.1459046875 0.676026388888889 0.01320208333333331 0.025817592592592524
4 0.11851041666666666 0.6836546296296296 0.02178333333333334 0.019950000000000048
4 0.8069947916666667 0.538725925925926 0.012541666666666628 0.014081481481481454
4 0.8304270833333334 0.5352055555555555 0.009239583333333337 0.01877592592592584
4 0.9839010416666667 0.8561601851851852 0.020458333333333318 0.02699074074074072
