4 0.3254518229166667 0.5416597222222223 0.022443229166666672 0.019949074074074036
1 0.33007239583333337 0.5310981481481482 0.03828541666666668 0.09505370370370372
2 -0.008228593750000002 0.5475268518518518 0.061389270833333336 0.11148333333333327
4 0.17395885416666665 0.5058675925925926 0.011221874999999996 0.01408148148148156
4 0.6323984374999999 0.6502092592592593 0.018484375000000004 0.018775925925925946
4 0.6076432291666668 0.6337800925925927 0.01122395833333331 0.021123148148148137
4 0.598734375 0.6449287037037037 0.009239583333333337 0.022296296296296335
4 0.7056692708333333 0.3098912037037037 0.013203124999999953 0.009387962962962973
4 0.69246875 0.3175189814814815 0.009239583333333337 0.01760277777777775
4 0.7079791666666666 0.32280000000000003 0.012541666666666628 0.011735185185185218
4 0.5020283854166666 0.558675462962963 0.013861979166666672 0.016428703703703647
4 0.46704296874999995 0.5469407407407408 0.009901562499999983 0.023470370370370332
4 0.3974026041666666 0.5839060185185185 0.009241666666666681 0.019949074074074036
4 0.37825963541666663 0.5715842592592593 0.015842187500000014 0.014081481481481454
4 0.3746291666666667 0.5915337962962963 0.012541666666666628 0.016428703703703647
0 0.49146640625 0.5369657407407408 0.07062968749999995 0.13025925925925927
0 0.6274479166666665 0.6290861111111111 0.07722916666666665 0.10796296296296289
0 0.7026979166666666 0.30695787037037037 0.03894791666666665 0.059849074074074075
0 0.42875729166666665 0.5516347222222222 0.06799062500000001 0.12204537037037035
0 0.3818901041666667 0.5668902777777778 0.05610833333333331 0.08683981481481486
0 0.34624479166666666 0.5275777777777778 0.07855208333333336 0.13495370370370371
0 0.1792395833333333 0.4882648148148149 0.04818749999999999 0.08214629629629626
4 0.37231875000000003 0.540486111111111 0.009241666666666681 0.015255555555555555
