3 0.6551718750000001 0.2083824074074074 0.012541666666666628 0.015255555555555555
3 0.6297578125 0.21190324074074077 0.010557291666666658 0.017602777777777773
3 0.617546875 0.15322777777777777 0.013864583333333276 0.019949999999999992
3 0.5663880208333333 0.17552453703703705 0.010557291666666658 0.017602777777777773
3 0.5224911458333333 0.1637888888888889 0.008580208333333297 0.015255555555555555
3 0.43700859374999995 0.17141712962962966 0.00924114583333336 0.014082407407407412
3 0.42413671875 0.19723425925925925 0.009901562499999983 0.014081481481481481
3 0.9944609375 0.4096398148148148 0.015182291666666714 0.011735185185185166
4 0.9934713541666668 0.4301763888888889 0.006598958333333253 0.029337962962962965
4 0.9799427083333333 0.4260685185185185 0.012541666666666628 0.0352055555555556
2 0.9881927083333333 0.4401513888888889 0.05148958333333328 0.07510462962962958
4 0.88059375 0.4325231481481482 0.01452083333333339 0.012909259259259266
1 0.8769635416666667 0.43428333333333335 0.02310416666666673 0.042246296296296275
4 0.7918125 0.5533949074074075 0.005937500000000047 0.012908333333333258
4 0.7720078125000001 0.5522212962962963 0.015182291666666596 0.012909259259259266
4 0.21059453125 0.5481138888888889 0.00924114583333333 0.011735185185185166
4 0.19838255208333333 0.5422467592592594 0.013861979166666672 0.009387962962962973
4 0.1957421875 0.5528083333333333 0.009901041666666662 0.011735185185185166
4 0.18188020833333335 0.6590106481481482 0.011221874999999996 0.01525648148148146
4 0.16240729166666668 0.6572500000000001 0.010561458333333343 0.011735185185185166
0 0.5861927083333334 0.5005870370370371 0.03564583333333336 0.06219629629629632
0 0.08121484375 0.47242222222222224 0.042246354166666666 0.0692370370370371
0 0.775640625 0.5416597222222223 0.04488541666666658 0.06454351851851851
0 0.20267317708333332 0.5422462962962963 0.038285937500000006 0.05398148148148144
0 0.17362890625 0.647275462962963 0.03960572916666667 0.06219537037037042
