4 0.52513203125 0.3450967592592593 0.024423437500000016 0.0164287037037037
4 0.5419661458333334 0.3926236111111111 0.00792187500000002 0.04811388888888886
4 0.5056591145833333 0.3902768518518519 0.011881770833333387 0.0504611111111111
4 0.5238114583333333 0.39614444444444447 0.011220833333333324 0.0340314814814815
4 0.5736484374999999 0.4477787037037037 0.006598958333333371 0.03168518518518521
2 0.5218325520833333 0.4055324074074074 0.11419947916666662 0.15138333333333331
4 0.5175401041666666 0.5152555555555556 0.013201041666666668 0.028164814814814716
4 0.36571770833333334 0.41961435185185186 0.027723958333333344 0.02229722222222224
1 0.36736822916666667 0.4295893518518519 0.04158645833333333 0.09622870370370368
4 0.51918984375 0.4765296296296297 0.008578645833333336 0.018775925925925998
4 0.5578072916666666 0.4882648148148149 0.01584375000000004 0.018775925925925946
4 0.07956484375 0.944763888888889 0.03366510416666667 0.023472222222222245
4 0.07791432291666667 0.9740972222222224 0.022443229166666655 0.028157407407407485
4 0.4488903645833333 0.4559935185185185 0.011881770833333328 0.019949999999999992
4 0.4238065104166666 0.4583402777777778 0.015842187500000014 0.019949074074074036
4 0.6739843750000001 0.4765296296296297 0.010562499999999985 0.018775925925925998
4 0.6479088541666668 0.47418287037037044 0.015182291666666596 0.01642870370370375
4 0.10530859375 0.9529722222222223 0.013861979166666672 0.025814814814814915
0 0.079564609375 0.9435865740740741 0.06931036458333333 0.11969722222222225
0 0.6555 0.4612745370370371 0.05544791666666669 0.08683981481481486
0 0.5485651041666666 0.4730092592592593 0.07789062499999998 0.1408203703703704
0 0.4894854166666667 0.49061203703703704 0.07326874999999997 0.1337796296296296
0 0.4805752604166667 0.3873430555555556 0.07261093749999994 0.13612685185185186
0 0.433378125 0.44073750000000006 0.05346770833333334 0.07158425925925929
