1 1.0030442708333331 0.3726740740740741 0.027067708333333346 0.05750185185185183
3 0.39905286458333333 0.1385587962962963 0.01650260416666664 0.03520462962962962
3 0.41885572916666663 0.18725972222222223 0.02178333333333331 0.04107314814814813
3 0.40730416666666663 0.06990842592592593 0.01320208333333331 0.019949629629629623
3 0.5082992187500001 0.07225541666666668 0.018482812499999984 0.036378796296296305
3 0.2993778645833334 0.19723425925925928 0.013861979166666672 0.023470370370370384
3 0.6396588541666667 0.028835555555555555 0.021119791666666762 0.03403185185185185
3 0.6205156249999999 0.03822361111111111 0.011885416666666633 0.019949629629629626
3 0.6561614583333333 0.20720925925925926 0.017166666666666684 0.022296296296296283
0 0.32446145833333334 0.7124055555555555 0.07195104166666665 0.1384740740740741
0 0.19475208333333333 0.5897736111111112 0.062048958333333314 0.10913611111111109
0 0.2495403645833333 0.49589259259259255 0.03828593749999998 0.06219629629629627
0 0.29046666666666665 0.3750212962962963 0.03036458333333331 0.05280740740740739
0 0.612265625 0.4847444444444445 0.05742708333333333 0.10092222222222226
4 0.3297424479166667 0.7294212962962964 0.01650260416666664 0.022296296296296335
4 0.2033333333333333 0.6238050925925926 0.025083333333333346 0.024643518518518526
4 0.17131848958333334 0.6108962962962964 0.009901562500000013 0.02699074074074072
4 0.2594416666666667 0.4923722222222222 0.010561458333333343 0.01760185185185195
4 0.2498703125 0.5070407407407408 0.013862500000000022 0.018775925925925946
4 0.29772760416666666 0.38616944444444445 0.01320208333333337 0.014081481481481454
4 0.6218385416666665 0.5046939814814815 0.010562499999999985 0.01877685185185185
