4 0.49245677083333333 0.3568319444444445 0.023763541666666714 0.02112314814814819
4 0.49146692708333334 0.43721712962962966 0.024423437500000016 0.01760277777777775
4 0.5099497395833333 0.40377222222222225 0.007260937499999957 0.04928703703703705
4 0.5432838541666667 0.43721759259259263 0.006598958333333371 0.02699074074074072
4 0.4934471354166667 0.39966481481481486 0.011221354166666704 0.05280740740740739
4 0.47529427083333337 0.4008384259259259 0.009241666666666681 0.048113888888888914
4 0.4406393229166667 0.4325231481481482 0.007260937500000016 0.0340314814814815
2 0.4917979166666666 0.41785416666666664 0.11353958333333332 0.15490277777777775
4 0.5630885416666667 0.5440064814814816 0.021125000000000088 0.01994999999999994
4 0.5231507812499999 0.5305115740740742 0.016500520833333296 0.021123148148148137
4 0.6056640625 0.43721712962962966 0.015182291666666714 0.019949074074074036
4 0.33139270833333334 0.4325231481481482 0.02640416666666662 0.022296296296296335
1 0.33502317708333335 0.4407379629629629 0.040266145833333294 0.09974814814814816
4 0.6630937499999999 0.5621962962962963 0.0112187500000001 0.023470370370370332
4 0.7053385416666667 0.5815587962962963 0.013864583333333276 0.02229722222222224
4 0.6172161458333333 0.4812236111111111 0.01716145833333336 0.02112314814814819
4 0.042598958333333325 0.960601851851852 0.03630520833333333 0.02229629629629623
4 0.043259296875 0.9905277777777778 0.021783489583333333 0.0234629629629631
4 0.07131328125 0.9699953703703704 0.011881770833333334 0.026990740740740825
0 0.046229687500000005 0.9506287037037038 0.07393125 0.10796481481481479
0 0.5964218750000001 0.40905277777777777 0.06403124999999991 0.11852407407407405
0 0.6188671874999999 0.46303472222222225 0.04554687500000002 0.08331944444444452
0 0.5482361979166667 0.5041069444444445 0.08119427083333329 0.1373009259259259
0 0.6901562499999999 0.5545680555555556 0.09439583333333333 0.16781203703703707
