3 0.36835833333333334 0.21072962962962963 0.010561458333333284 0.015255555555555555
3 0.41225494791666667 0.24828194444444446 0.011221354166666704 0.012908333333333362
3 0.4535111979166667 0.24300092592592595 0.011881770833333328 0.023470370370370384
3 0.5465833333333333 0.21659722222222225 0.010562499999999985 0.017601851851851872
3 0.6145755208333334 0.1984078703703704 0.014526041666666718 0.023469444444444452
3 0.5957630208333332 0.21894398148148148 0.009901041666666662 0.017602777777777773
4 0.8241588541666667 0.47476944444444447 0.015182291666666714 0.012909259259259266
1 0.8218463541666667 0.47887685185185186 0.02244270833333329 0.04928703703703705
4 0.9832421875 0.4536462962962963 0.015182291666666714 0.010561111111111117
4 0.9947942708333334 0.47476944444444447 0.007921874999999901 0.0340314814814815
4 0.9809296875 0.4718356481481482 0.006598958333333371 0.02816388888888892
4 0.96871875 0.47007546296296293 0.01121874999999998 0.03403240740740741
2 0.97928125 0.48533101851851856 0.053468749999999926 0.07862500000000003
4 0.33172265625 0.6772 0.011221354166666645 0.016429629629629655
4 0.30597864583333334 0.6754398148148147 0.008581249999999999 0.015255555555555555
4 0.15844635416666666 0.7124055555555556 0.006601041666666655 0.011735185185185166
4 0.14260416666666664 0.7229671296296296 0.011882291666666678 0.014082407407407358
4 0.7261302083333334 0.5745180555555556 0.010562499999999985 0.012908333333333362
4 0.7063281250000001 0.578625462962963 0.010562499999999985 0.014082407407407358
4 0.9023802083333334 0.5657166666666666 0.009239583333333337 0.01173518518518527
4 0.9132708333333334 0.578038425925926 0.01121874999999998 0.012908333333333258
4 0.8954479166666667 0.5733444444444444 0.007260416666666695 0.012909259259259266
0 0.14689479166666666 0.705951388888889 0.03762604166666666 0.05984907407407403
0 0.32248125 0.6672250000000001 0.05478854166666664 0.09974814814814811
0 0.7149114583333334 0.5633699074074073 0.03960416666666677 0.05632870370370363
0 0.9083203124999999 0.5663037037037036 0.03432812500000004 0.050461111111111054
