3 0.36538776041666665 0.05289250000000001 0.023103645833333353 0.04459333333333334
3 0.23633828125 0.07870962962962963 0.019802604166666644 0.028164074074074084
3 0.5363515625 0.09279194444444444 0.020463541666666706 0.03989944444444444
3 0.5531848958333333 0.09865939814814816 0.013203124999999953 0.023470092592592598
3 0.5802499999999999 0.014753430555555558 0.025083333333333374 0.03168480555555556
3 0.5317325520833334 0.19312685185185186 0.025743229166666735 0.0504611111111111
3 0.5521953125000001 0.012993148148148148 0.013859374999999948 0.023470185185185184
3 0.9637682291666666 0.342162962962963 0.018484375000000004 0.010561111111111065
4 0.8997369791666666 0.38264907407407406 0.01320312500000007 0.014081481481481507
4 0.97696875 0.3662199074074074 0.010562499999999985 0.03989907407407408
4 0.9601380208333334 0.36621990740740745 0.005942708333333376 0.03285833333333336
4 0.9469374999999999 0.3615259259259259 0.012541666666666748 0.037551851851851836
2 0.9561770833333334 0.3773680555555556 0.06403124999999991 0.09036018518518518
1 0.9040286458333334 0.3885162037037037 0.028380208333333337 0.0516342592592593
4 0.30597864583333334 0.40377175925925923 0.008581249999999999 0.00938796296296292
4 0.309609375 0.41374675925925924 0.006601041666666655 0.010562037037037073
4 0.29574739583333337 0.4119865740740741 0.010561458333333343 0.009387962962962973
4 0.38519088541666663 0.5123222222222222 0.012542187500000008 0.015255555555555555
4 0.11785026041666667 0.5463537037037036 0.013861979166666672 0.015255555555555555
4 0.8017135416666666 0.9036875000000001 0.00990624999999999 0.021123148148148137
4 0.8281197916666666 0.6132435185185187 0.012541666666666628 0.015255555555555555
4 0.8763046875 0.6114833333333334 0.008578125000000015 0.016429629629629655
0 0.8944583333333334 0.5979884259259259 0.054124999999999916 0.07862499999999997
0 0.8168958333333334 0.8984074074074074 0.05610416666666668 0.08566666666666665
0 0.8277890625 0.6009217592592593 0.05808854166666665 0.11031018518518518
0 0.38321067708333334 0.4894384259259259 0.05082760416666664 0.11500462962962968
0 0.30168828125 0.40259861111111117 0.03300468750000001 0.04693981481481481
0 0.11487994791666667 0.538725925925926 0.040926562499999986 0.05867592592592593
