4 0.8343880208333334 0.18725925925925926 0.021119791666666644 0.015255555555555555
1 0.8287786458333334 0.1907800925925926 0.038942708333333444 0.09036018518518518
4 0.37627942708333334 0.8667217592592592 0.02112343750000001 0.024643518518518526
4 0.6290989583333333 0.43487037037037035 0.009239583333333337 0.019949999999999992
4 0.5921328124999999 0.4360439814814815 0.022442708333333408 0.01760277777777775
4 0.5766197916666668 0.4143337962962963 0.012541666666666748 0.023469444444444428
4 0.1650473958333333 0.3656328703703704 0.01320208333333334 0.0176027777777778
4 0.5254630208333333 0.5052810185185185 0.010563541666666627 0.024643518518518526
4 0.50235859375 0.4947189814814815 0.02112343750000001 0.01760277777777775
4 0.4977377604166667 0.5146689814814814 0.01716302083333338 0.01760277777777775
4 0.641640625 0.5463537037037036 0.019802083333333324 0.015255555555555555
4 0.6449401041666666 0.5698236111111111 0.014526041666666718 0.01760277777777775
4 0.6142447916666666 0.5627828703703703 0.013864583333333395 0.02229722222222224
0 0.50796875 0.5005865740740741 0.057427083333333385 0.10209537037037035
0 0.3063088541666667 0.36445925925925926 0.06468958333333337 0.11148333333333332
0 0.2584518229166667 0.3720875 0.06799010416666669 0.11500462962962962
0 0.17263880208333332 0.3550717592592592 0.06006927083333332 0.10209537037037035
0 0.5957630208333333 0.4137472222222222 0.07591145833333333 0.11148333333333332
0 0.6327291666666668 0.5469402777777779 0.06931250000000008 0.09857500000000001
0 0.37363906249999995 0.8285833333333333 0.12277812500000002 0.23470370370370372
