4 0.5469166666666666 0.558088425925926 0.01782291666666668 0.01760277777777775
4 0.5680390625 0.5797986111111111 0.01650520833333336 0.01877685185185185
4 0.5389947916666668 0.5751046296296297 0.012541666666666687 0.01877592592592584
4 0.5852005208333333 0.4782902777777778 0.019140625 0.01760277777777775
4 0.5908125000000001 0.4964796296296296 0.014520833333333271 0.018775925925925946
4 0.5653984375000001 0.49589259259259266 0.013859374999999948 0.01994999999999994
4 0.5264526041666666 0.6654648148148148 0.017823958333333383 0.025816666666666724
4 0.47760468749999996 0.6625314814814816 0.015182291666666655 0.026990740740740825
4 0.22016588541666662 0.46010092592592594 0.016502604166666667 0.018775925925925946
4 0.19607213541666665 0.45716712962962963 0.00924114583333333 0.01760277777777775
4 0.1501953125 0.4524726851851852 0.029704166666666688 0.019949074074074036
1 0.15712630208333334 0.43956435185185183 0.04884739583333335 0.09505462962962963
4 0.7498958333333333 0.23302638888888888 0.02112499999999997 0.010562037037037047
4 0.7700286458333333 0.23948055555555559 0.009901041666666662 0.016429629629629655
4 0.7452734375000001 0.24652175925925932 0.018484375000000004 0.0164287037037037
4 0.48618593750000005 0.4964796296296296 0.012541666666666687 0.018775925925925946
4 0.4452598958333333 0.4982398148148148 0.013862499999999993 0.022296296296296335
0 0.21587526041666666 0.4442583333333333 0.05280781249999998 0.088012962962963
0 0.7551770833333333 0.21366342592592594 0.05677083333333333 0.10561574074074075
0 0.50664921875 0.6414078703703703 0.10231614583333333 0.1748527777777778
0 0.5591276041666667 0.5592620370370371 0.06204687499999994 0.09270740740740743
0 0.4630825520833333 0.4782898148148148 0.08515260416666669 0.15842407407407405
0 0.5759609375 0.48181064814814817 0.060067708333333296 0.0833194444444444
