3 0.027416796875 0.4237217592592593 0.024423697916666667 0.01877685185185185
1 0.2581216145833333 0.42841574074074074 0.040926562500000034 0.07745185185185183
4 0.05679122395833334 0.4647949074074074 0.019802968750000004 0.0704101851851852
4 0.028736979166666666 0.46420787037037037 0.005940937500000003 0.06219537037037031
4 0.0033231484375 0.45716712962962963 0.007921203125 0.05515462962962964
2 0.03467776041666667 0.49530601851851846 0.11287677083333335 0.1760268518518519
4 0.6376796875 0.5123217592592593 0.006598958333333371 0.01760277777777775
4 0.6076432291666667 0.5199495370370371 0.013859375000000066 0.01642870370370375
4 0.3082893229166667 0.6009217592592593 0.022443229166666672 0.016428703703703647
4 0.807984375 0.38616944444444445 0.0066041666666667 0.016429629629629655
4 0.7941223958333334 0.3785416666666667 0.014526041666666718 0.010561111111111117
4 0.7901614583333334 0.39262407407407407 0.010562499999999985 0.015255555555555555
4 0.8502317708333332 0.4295893518518519 0.011880208333333305 0.011734259259259262
4 0.8502291666666667 0.44601851851851854 0.010562499999999985 0.014081481481481454
4 0.8258072916666668 0.4454314814814815 0.009239583333333337 0.015255555555555555
4 0.3812302083333333 0.6020953703703704 0.013862499999999993 0.018775925925925946
4 0.41687552083333335 0.589187037037037 0.005940625000000033 0.018775925925925946
4 0.4528510416666666 0.6015087962962963 0.007920833333333318 0.019949074074074143
4 0.4277671875 0.6167643518518519 0.01320208333333331 0.012908333333333362
0 0.7961041666666666 0.3803018518518519 0.040927083333333295 0.07041111111111109
0 0.8393385416666667 0.43369675925925927 0.05214583333333327 0.0668898148148148
0 0.6119348958333333 0.5035203703703705 0.06997395833333328 0.13612777777777782
0 0.43073750000000005 0.597987962962963 0.05610833333333331 0.08097222222222226
0 0.3709984375 0.5833194444444444 0.07789166666666662 0.15020925925925926
0 0.3082890625 0.5575018518518519 0.06733020833333334 0.12439259259259264
