3 0.6277760416666667 0.13445138888888888 0.014520833333333271 0.02229722222222221
3 0.5726588541666667 0.1303439814814815 0.007265625000000024 0.0164287037037037
3 0.5789296875000001 0.1637888888888889 0.010557291666666658 0.015255555555555555
3 0.5231513020833333 0.22598518518518518 0.012541145833333366 0.019949999999999992
3 0.5122598958333333 0.2201175925925926 0.01320208333333331 0.031685185185185184
3 0.4475700520833333 0.16730972222222223 0.011881770833333328 0.024643518518518526
3 0.43700859374999995 0.17493750000000002 0.00924114583333336 0.0164287037037037
3 0.400703125 0.15205416666666668 0.010561458333333343 0.015256481481481485
4 0.7858723958333333 0.4272421296296297 0.011223958333333428 0.014082407407407412
4 0.990171875 0.4325231481481482 0.011885416666666633 0.0340314814814815
2 1.0000729166666666 0.44601851851851854 0.05677083333333333 0.07745185185185188
1 0.7924713541666667 0.431349537037037 0.0257447916666667 0.048113888888888914
4 0.31588020833333336 0.6003351851851852 0.012541666666666628 0.015255555555555555
4 0.2921166666666667 0.5962277777777777 0.008581249999999999 0.014081481481481454
4 0.11422005208333334 0.5187759259259259 0.011881770833333341 0.011735185185185166
4 0.12115104166666667 0.5258171296296296 0.008581249999999999 0.014082407407407358
4 0.10233802083333333 0.5305111111111112 0.01320208333333334 0.011735185185185166
4 0.259771875 0.607962962962963 0.015182291666666655 0.011735185185185166
4 0.26472265625 0.619111574074074 0.010561979166666693 0.012908333333333362
4 0.2482200520833333 0.617350925925926 0.00924114583333333 0.014081481481481454
4 0.6178776041666666 0.814500925925926 0.018484375000000004 0.014081481481481454
4 0.6168854166666667 0.8321032407407407 0.013864583333333395 0.01642870370370375
4 0.5729895833333333 0.7986587962962963 0.013197916666666623 0.01760277777777775
4 0.8284479166666666 0.5698236111111111 0.011885416666666633 0.012908333333333362
4 0.8102942708333333 0.5627828703703703 0.013859374999999948 0.012908333333333258
4 0.8069947916666665 0.5733444444444444 0.013864583333333395 0.015255555555555555
0 0.8175546874999999 0.5557416666666667 0.04950520833333331 0.06454259259259261
0 0.6168854166666667 0.8109805555555555 0.034989583333333366 0.07745185185185188
0 0.5736484375 0.7798819444444445 0.05676562500000001 0.12087129629629635
0 0.3049888020833333 0.5886 0.051488020833333314 0.1044425925925926
0 0.2551513020833333 0.6091365740740742 0.03762552083333333 0.06336944444444441
0 0.10662864583333333 0.5170157407407407 0.03894583333333334 0.05280740740740745
