4 0.5993932291666667 0.7100583333333335 0.021119791666666644 0.02581666666666662
4 0.6211770833333333 0.4507125 0.02112499999999997 0.014082407407407412
4 0.6241458333333334 0.46831527777777776 0.013864583333333395 0.018776851851851798
4 0.6000520833333333 0.46362129629629634 0.009239583333333337 0.018775925925925946
4 0.244259375 0.6091365740740742 0.023763541666666655 0.01642870370370375
4 0.26802291666666667 0.6284995370370371 0.01320208333333334 0.024643518518518526
4 0.2376583333333333 0.627912962962963 0.017162499999999997 0.023470370370370437
4 0.23864869791666668 0.5874263888888889 0.011221354166666675 0.019949074074074036
4 0.26670286458333337 0.5927074074074075 0.015842187500000014 0.014081481481481454
4 0.34261432291666666 0.519362962962963 0.010561979166666664 0.02933703703703701
1 0.3607671875 0.5117351851851852 0.04950729166666671 0.09153333333333333
4 0.6046744791666666 0.1896064814814815 0.014526041666666718 0.010561111111111117
4 0.609625 0.20192824074074076 0.013864583333333276 0.0164287037037037
4 0.5842109375 0.19664722222222222 0.01583854166666671 0.015255555555555555
4 0.16570755208333332 0.7047773148148149 0.022443229166666672 0.024643518518518526
4 0.47232395833333335 0.4559935185185185 0.011221874999999966 0.019949999999999992
4 0.43304791666666664 0.4618611111111111 0.014521875000000031 0.019950000000000048
0 0.2558111979166667 0.5657162037037038 0.06138906250000001 0.09857499999999991
0 0.5941119791666667 0.17141712962962963 0.0594114583333333 0.09153425925925926
0 0.1416140625 0.6848277777777778 0.07723125 0.10913703703703709
0 0.2515205729166667 0.6126574074074075 0.06469010416666669 0.09622777777777783
0 0.5964218750000001 0.6801337962962963 0.0891145833333334 0.1725064814814815
0 0.44889062499999993 0.440150925925926 0.08449270833333333 0.1525555555555556
0 0.6132552083333334 0.45247314814814815 0.05940624999999997 0.08097222222222217
