4 0.9588151041666666 0.3668064814814815 0.015182291666666714 0.012909259259259266
1 0.9644296874999999 0.3685666666666667 0.027723958333333344 0.05398148148148149
4 0.98753125 0.8350370370370371 0.017166666666666684 0.019950000000000048
4 0.9842317708333332 0.864375 0.01716145833333336 0.019950000000000048
0 0.9697083333333334 0.8414916666666666 0.06733333333333331 0.09388148148148143
4 0.3746291666666667 0.3879296296296296 0.007261458333333337 0.010561111111111065
4 0.2624122395833333 0.49061203703703704 0.009901562499999983 0.011735185185185166
4 0.25383098958333333 0.5041074074074073 0.012542187500000008 0.015255555555555555
4 0.053160703125 0.5363787037037037 0.016502552083333333 0.01642962962962955
4 0.06075182291666667 0.5463537037037037 0.014522395833333339 0.019950000000000048
4 0.032697578124999994 0.5487004629629629 0.01914286458333333 0.012908333333333362
4 0.18122005208333333 0.5533949074074075 0.012542187500000008 0.017602777777777853
4 0.15250546874999998 0.5516342592592592 0.011881770833333328 0.01642962962962955
4 0.837359375 0.5035208333333333 0.01121874999999998 0.014082407407407464
4 0.8192083333333334 0.49882638888888897 0.010562499999999985 0.014082407407407358
4 0.9419843750000001 0.5839060185185185 0.013197916666666623 0.01525648148148146
0 0.9393437499999999 0.5657166666666666 0.05677083333333333 0.1032685185185186
0 0.38288046875 0.3844092592592593 0.027724479166666663 0.041072222222222225
0 0.04292908854166667 0.5222967592592593 0.06468973958333334 0.10092129629629625
0 0.16636770833333334 0.5416592592592593 0.06204895833333334 0.11148333333333327
0 0.25515104166666663 0.4947194444444445 0.03498541666666668 0.05750185185185183
0 0.8281171875000001 0.49061203703703704 0.041588541666666735 0.06102222222222222
3 0.3861809895833333 0.07870990740740741 0.018482812499999984 0.030511666666666673
3 0.35350598958333335 0.08164351851851852 0.01650260416666664 0.019949629629629637
3 0.5947708333333334 0.09396523148148149 0.01452083333333339 0.028163981481481488
3 0.6234869791666666 0.03998388888888889 0.015182291666666714 0.02816425925925926
