3 0.46968333333333334 0.21894398148148148 0.05874895833333333 0.09505462962962963
3 0.41720546875 0.14853333333333332 0.015842187500000014 0.0340314814814815
3 0.5710078125 0.2476953703703704 0.023765625000000058 0.030511111111111138
4 0.0676828125 0.6877615740740741 0.013862499999999993 0.01877685185185185
1 0.07956458333333334 0.6795472222222223 0.038945833333333325 0.0680629629629629
4 0.8756458333333333 0.4442583333333333 0.013864583333333276 0.010561111111111117
4 0.9964427083333334 0.42137453703703703 0.01121874999999998 0.009387962962962973
4 0.9964427083333334 0.4419115740740741 0.005937499999999929 0.029337962962962965
4 0.9832421874999999 0.4401509259259259 0.009901041666666662 0.0352055555555556
2 0.9931432291666666 0.4542328703703704 0.057432291666666656 0.07979907407407406
1 0.8733333333333333 0.4471921296296296 0.02112499999999997 0.04459351851851852
4 0.29574739583333337 0.4595138888888889 0.010561458333333343 0.008214814814814828
4 0.30003776041666663 0.4683148148148148 0.009901562499999983 0.011735185185185166
4 0.2822151041666667 0.4665550925925926 0.011221874999999966 0.010562037037037073
4 0.48255546875 0.5774513888888889 0.011881770833333328 0.014082407407407358
4 0.25581145833333335 0.47066203703703713 0.008581249999999999 0.011735185185185218
4 0.24359947916666666 0.4659685185185185 0.006601041666666655 0.011735185185185218
4 0.18518072916666667 0.6707453703703704 0.011221874999999996 0.015255555555555555
4 0.17956979166666667 0.6584240740740741 0.014521874999999972 0.011735185185185166
4 0.1657078125 0.6707458333333334 0.010561458333333343 0.012908333333333362
4 0.914921875 0.5357916666666667 0.009239583333333337 0.015255555555555555
4 0.9264713541666666 0.5487004629629629 0.01122395833333331 0.012908333333333362
4 0.9076588541666666 0.5428333333333334 0.00792187500000002 0.010561111111111065
4 0.8221770833333333 0.8168476851851852 0.016500000000000032 0.01642870370370375
4 0.8020442708333333 0.7945509259259259 0.009244791666666667 0.018775925925925946
4 0.794453125 0.803938888888889 0.0072604166666665765 0.023470370370370332
0 0.9221796875 0.5363787037037037 0.03828645833333333 0.05398148148148144
0 0.8188776041666666 0.7968981481481482 0.05610937499999989 0.08449259259259255
0 0.48222552083333337 0.558675462962963 0.04290625 0.1056157407407408
0 0.2878263020833334 0.4483652777777778 0.04224635416666664 0.06806388888888891
0 0.251190625 0.46186111111111106 0.028384375000000024 0.043420370370370324
0 0.17593932291666667 0.65725 0.04422656250000001 0.06571666666666671
