4 0.8416484375000001 0.381475462962963 0.01320312500000007 0.011734259259259262
1 0.8406588541666666 0.38323564814814814 0.0257447916666667 0.04576759259259257
4 0.8363697916666666 0.49706620370370375 0.010562499999999985 0.012908333333333362
4 0.8139244791666668 0.4917856481481482 0.007921874999999901 0.014082407407407358
4 0.9360442708333333 0.6032685185185185 0.011880208333333305 0.011735185185185166
4 0.9149192708333334 0.5979884259259259 0.017161458333333237 0.012908333333333362
4 0.9126093750000001 0.6091365740740742 0.016500000000000032 0.01642870370370375
4 0.6267864583333334 0.39790462962962964 0.005937500000000047 0.00938888888888893
4 0.6340494791666667 0.4072930555555556 0.00990104166666678 0.009387962962962973
4 0.9145911458333332 0.8221287037037037 0.013859374999999948 0.010561111111111065
4 0.9129401041666667 0.8491194444444444 0.0145260416666666 0.022296296296296335
4 0.20531354166666665 0.5815592592592593 0.009241666666666681 0.015255555555555555
4 0.21158463541666667 0.5897731481481481 0.005941145833333354 0.015255555555555555
4 0.19376197916666668 0.5950546296296296 0.012541666666666658 0.011735185185185166
0 0.9175625 0.8420782407407408 0.0514895833333334 0.08566574074074075
0 0.07263354166666666 0.41844120370370375 0.046206874999999994 0.07627870370370374
0 0.19706223958333335 0.5850796296296297 0.04026614583333332 0.06219629629629632
0 0.6330598958333333 0.3973175925925926 0.027723958333333344 0.03872592592592594
0 0.8300963541666666 0.48533101851851856 0.05082812499999995 0.07862500000000003
0 0.9208619791666667 0.5938805555555556 0.05148437499999995 0.07745185185185188
3 0.5752994791666667 0.12388969444444445 0.13664062500000002 0.2569983888888889
3 0.48354583333333334 0.11450175925925926 0.1128770833333333 0.20771129629629628
