3 0.4769447916666667 0.2289189814814815 0.05874895833333333 0.08918611111111109
4 0.8967682291666667 0.43663055555555563 0.01650520833333336 0.014081481481481507
1 0.8970963541666668 0.4360435185185186 0.02244270833333329 0.045766666666666664
4 0.9862109375 0.4143337962962963 0.01583854166666671 0.014082407407407412
4 0.9710286458333334 0.430762962962963 0.013203124999999953 0.037551851851851836
4 0.9842317708333332 0.43487037037037035 0.00792187500000002 0.03168518518518516
4 0.9977630208333332 0.4336962962962963 0.007265625000000024 0.038725925925925886
2 0.9782890625 0.44484537037037036 0.04884895833333332 0.08449259259259255
4 0.20300338541666665 0.6513828703703705 0.012542187500000008 0.01642870370370375
4 0.20894401041666666 0.6660518518518519 0.013861979166666672 0.019950000000000048
4 0.18320026041666668 0.6666384259259259 0.016502604166666667 0.01642870370370375
4 0.22115598958333335 0.5938805555555555 0.014522395833333323 0.018775925925925946
4 0.4766145833333333 0.4606875 0.007920833333333318 0.01290833333333331
4 0.47001354166666665 0.46948842592592593 0.009241666666666681 0.014082407407407464
4 0.7990729166666667 0.5457671296296296 0.012541666666666628 0.016428703703703647
4 0.7796015625 0.5369657407407408 0.006598958333333371 0.015255555555555555
4 0.9050208333333333 0.5246439814814815 0.009239583333333337 0.014082407407407464
4 0.8997395833333334 0.5310981481481482 0.00923958333333322 0.015255555555555555
4 0.9159114583333333 0.5387259259259259 0.01121874999999998 0.011735185185185166
4 0.9076614583333333 0.863787962962963 0.010562499999999985 0.018775925925925946
4 0.9083203124999999 0.8901921296296297 0.01320312500000007 0.019949074074074036
0 0.9129401041666667 0.8790439814814816 0.05017187499999996 0.08683981481481474
0 0.20564375000000001 0.588012962962963 0.056108333333333336 0.09622777777777783
0 0.1964020833333333 0.6396481481481481 0.05874895833333333 0.09622777777777783
0 0.47133359374999995 0.4630342592592593 0.029044270833333326 0.04342037037037038
0 0.7957708333333334 0.5340319444444445 0.04290624999999994 0.07979907407407406
0 0.9122812499999999 0.5299245370370371 0.03960416666666665 0.05280833333333335
