4 0.37957994791666666 0.3984912037037037 0.023764062499999974 0.019949074074074036
1 0.37363906249999995 0.40846620370370373 0.04092604166666671 0.09857500000000001
4 0.6654010416666667 0.31047777777777774 0.025083333333333374 0.015255555555555555
4 0.7168906249999999 0.3990782407407408 0.00791666666666669 0.07510462962962963
4 0.6828958333333334 0.3574185185185185 0.008583333333333342 0.05280740740740745
4 0.6637552083333332 0.3503773148148149 0.012541666666666748 0.062195370370370366
4 0.6462604166666668 0.3568314814814815 0.010562499999999985 0.05398148148148149
4 0.6099531250000001 0.3803018518518519 0.005281250000000052 0.04694074074074077
4 0.6634218749999999 0.3937972222222223 0.025083333333333256 0.019949999999999992
2 0.6644140625 0.37619444444444444 0.11551562499999998 0.1584240740740741
4 0.3399739583333333 0.43487037037037035 0.01848229166666672 0.019949999999999992
4 0.30102812500000004 0.42665555555555557 0.010561458333333343 0.017601851851851844
4 0.3564765625 0.5140819444444444 0.010561458333333284 0.025817592592592524
4 0.3399739583333333 0.5363791666666667 0.01848229166666672 0.021123148148148137
4 0.5155614583333333 0.7476106481481481 0.030366666666666653 0.01642870370370375
4 0.5191916666666667 0.7722546296296297 0.03234583333333335 0.023470370370370332
4 0.4785947916666667 0.7540652777777778 0.014521874999999972 0.029337962962962913
0 0.34129427083333336 0.5176023148148148 0.05412812500000002 0.09857500000000001
0 0.33139270833333334 0.4172675925925926 0.07789166666666662 0.13025925925925927
0 0.5056596354166667 0.7194467592592594 0.09505572916666657 0.16429166666666672
