3 0.5891614583333333 0.014753435185185184 0.021781249999999967 0.03403183333333333
3 0.5723307291666666 0.018860722222222223 0.011880208333333305 0.025817259259259255
3 0.9726796875 0.34275000000000005 0.020463541666666647 0.011735185185185166
3 0.5568151041666667 0.09513865740740741 0.020463541666666647 0.032857870370370364
3 0.5333828125 0.0892714814814815 0.023765625000000058 0.03989962962962963
3 0.5238122395833333 0.20955601851851854 0.023104687500000054 0.03168425925925925
3 0.2825450520833333 0.06404083333333332 0.018482812499999984 0.024643703703703706
3 0.37429921875000005 0.05113226851851852 0.022443229166666672 0.045766944444444436
4 0.9027083333333332 0.38323564814814814 0.016500000000000032 0.012908333333333362
4 0.9858802083333333 0.36680648148148143 0.008583333333333342 0.03872592592592594
4 0.9693776041666666 0.3656328703703704 0.005942708333333376 0.03168425925925925
4 0.9551875 0.3621125 0.01452083333333339 0.041073148148148185
2 0.96640625 0.3791282407407407 0.06072916666666662 0.09153425925925929
1 0.9093098958333333 0.3879296296296296 0.03366145833333339 0.05515555555555554
4 0.30894947916666665 0.4031851851851852 0.01320208333333331 0.008214814814814776
4 0.3086192708333333 0.4143333333333334 0.012541666666666687 0.011735185185185218
4 0.383540625 0.5123217592592593 0.01320208333333331 0.012908333333333362
4 0.14920520833333337 0.5410726851851853 0.01320208333333334 0.014082407407407358
4 0.7746484374999999 0.9318532407407407 0.01122395833333331 0.021126851851851754
4 0.7390052083333333 0.8966467592592593 0.012541666666666748 0.014082407407407358
4 0.7442838541666668 0.9289171296296297 0.020463541666666647 0.022295370370370327
4 0.7934609374999999 0.5850796296296297 0.013203124999999953 0.015255555555555555
4 0.2851856770833333 0.5070407407407408 0.011881770833333328 0.011735185185185166
4 0.27132369791666666 0.49589259259259266 0.014522395833333352 0.01056111111111117
4 0.26670286458333337 0.509387962962963 0.011881770833333328 0.01642962962962955
4 0.8637630208333333 0.6056162037037036 0.017817708333333352 0.009387962962962973
4 0.8667317708333333 0.6232185185185186 0.017161458333333237 0.016429629629629655
4 0.8393385416666667 0.6067893518518519 0.013864583333333276 0.016428703703703647
0 0.8545208333333334 0.599161574074074 0.06270833333333338 0.08331944444444446
0 0.27693437499999995 0.4982398148148149 0.03894583333333331 0.055155555555555597
0 0.7525364583333333 0.9107310185185186 0.06864583333333331 0.09153796296296296
0 0.7924713541666667 0.5709972222222223 0.054786458333333364 0.1044425925925926
0 0.3825502604166666 0.49178518518518516 0.05346822916666666 0.10796296296296298
0 0.3076291666666666 0.40318564814814817 0.02640416666666668 0.05280833333333335
0 0.1501953125 0.5281643518518518 0.03234479166666665 0.058675000000000026
