1 0.17692942708333334 0.401425 0.04620677083333333 0.08918703703703704
4 0.7548463541666666 0.22011805555555558 0.008578125000000015 0.017602777777777773
4 0.7314114583333333 0.21425046296296293 0.019802083333333324 0.012908333333333336
4 0.7287708333333334 0.2300925925925926 0.019802083333333324 0.016429629629629655
4 0.5736484374999999 0.42313472222222226 0.011880208333333305 0.01760277777777775
4 0.5356953124999999 0.4243083333333334 0.015182291666666596 0.019949999999999992
4 0.4155552083333333 0.5516347222222222 0.008581249999999999 0.021123148148148137
4 0.3921216145833333 0.5651296296296295 0.018482812499999984 0.02699074074074072
4 0.6977473958333335 0.9001671296296296 0.02244270833333329 0.02816388888888892
4 0.5188611979166667 0.5334449074074075 0.01716302083333338 0.01760277777777775
4 0.5023583333333334 0.5082143518518518 0.010561458333333343 0.021123148148148137
4 0.49245703125 0.5252305555555556 0.010561979166666664 0.022296296296296335
4 0.698078125 0.49706620370370375 0.01782291666666668 0.019949074074074143
4 0.6720052083333333 0.4865046296296296 0.010562500000000105 0.022296296296296335
4 0.32413151041666666 0.5041074074074073 0.014522395833333352 0.01994999999999994
4 0.27858489583333335 0.5052805555555555 0.01320208333333337 0.019950000000000048
0 0.7353723958333334 0.18901990740740743 0.0594114583333333 0.11031018518518518
0 0.5587976562500001 0.40729305555555556 0.08515468750000003 0.14082129629629625
0 0.6888359375 0.4759430555555556 0.0640260416666667 0.08801388888888895
0 0.7056692708333333 0.8690703703703704 0.07128645833333327 0.1373037037037037
0 0.5145713541666667 0.5117347222222223 0.06271145833333336 0.08683981481481486
0 0.39905286458333333 0.5416597222222223 0.054788020833333326 0.09974907407407402
0 0.3030083333333333 0.4870912037037037 0.09769479166666667 0.157250925925926
