1 0.07197343750000001 0.717099537037037 0.04092604166666667 0.0704101851851852
1 0.8324088541666667 0.4735962962962963 0.021119791666666644 0.045766666666666664
4 0.05811145833333333 0.7241407407407408 0.009241666666666667 0.023470370370370332
4 0.8350494791666667 0.4706620370370371 0.01320312500000007 0.016429629629629655
3 0.4119247395833333 0.2717523148148148 0.07525156249999997 0.16781203703703704
0 0.16504765624999998 0.6654652777777778 0.058089062500000004 0.08683981481481486
0 0.2891463541666666 0.6214583333333333 0.05280833333333333 0.09036111111111114
0 0.765078125 0.5668902777777779 0.03828125 0.08214537037037035
0 0.9261432291666667 0.5997481481481483 0.042244791666666615 0.05398148148148155
0 0.9578281249999999 0.745263888888889 0.03960416666666665 0.07275740740740738
0 0.7769583333333333 0.9312657407407408 0.07129166666666673 0.09270925925925924
0 0.010254192708333332 0.795137962962963 0.038945885416666666 0.069237037037037
4 0.2845255208333333 0.6314328703703704 0.010561458333333343 0.014082407407407464
4 0.3063088541666667 0.626738888888889 0.009241666666666681 0.018775925925925946
4 0.15943645833333334 0.6936291666666667 0.015182291666666655 0.016428703703703647
4 0.17626927083333332 0.6748532407407407 0.01320208333333334 0.016428703703703647
4 0.18485052083333334 0.6889351851851852 0.01320208333333334 0.02112407407407404
4 0.0099241328125 0.7957245370370372 0.018482776041666666 0.01877685185185185
4 0.011904434895833333 0.8127407407407408 0.01716258854166667 0.019950000000000048
4 0.9565052083333333 0.7616925925925927 0.01584375000000004 0.018775925925925946
4 0.9733385416666667 0.7523050925925925 0.008583333333333342 0.021123148148148137
4 0.7660677083333333 0.5809722222222223 0.012541666666666748 0.014081481481481454
4 0.7578177083333333 0.9271592592592592 0.011885416666666752 0.030514814814814727
4 0.7716796875 0.9576666666666667 0.022442708333333408 0.02581481481481481
4 0.8040234374999999 0.9482777777777777 0.011880208333333423 0.025814814814814707
4 0.9182213541666667 0.5950541666666667 0.011880208333333423 0.021123148148148245
4 0.9304322916666666 0.6108967592592593 0.012541666666666628 0.01760277777777775
2 0.9442942708333334 0.47887638888888895 0.05082812499999995 0.07510462962962969
3 0.9492473958333334 0.4477787037037037 0.013203124999999953 0.012909259259259266
4 0.9353854166666666 0.46479444444444445 0.009239583333333337 0.0352055555555556
4 0.9475963541666667 0.46714166666666673 0.005942708333333257 0.030511111111111162
4 0.9601354166666667 0.4706620370370371 0.007260416666666695 0.0352055555555556
