1 0.22478645833333333 0.40670555555555554 0.04158645833333333 0.08097222222222221
4 0.015204947916666666 0.5058675925925926 0.015842395833333335 0.08918703703703709
2 -0.006578359375 0.5070412037037036 0.06600994791666667 0.15490277777777775
4 0.6386692708333332 0.5398990740740741 0.013859374999999948 0.023470370370370332
4 0.5937838541666667 0.5451800925925926 0.015182291666666714 0.024643518518518526
4 0.23798854166666666 0.3210398148148148 0.012541666666666658 0.019949999999999992
4 0.20927421875000002 0.2893550925925926 0.011881770833333357 0.0176027777777778
4 0.21257473958333334 0.31165185185185185 0.017163020833333348 0.019950000000000048
4 0.5007083333333333 0.5240569444444445 0.012541666666666628 0.02229722222222224
4 0.476284375 0.5897736111111112 0.011221875000000025 0.024643518518518526
4 0.45186067708333333 0.579212037037037 0.027064062499999982 0.019950000000000048
4 0.44922057291666667 0.6032689814814814 0.0165026041666667 0.023469444444444428
4 0.6789348958333332 0.4430847222222222 0.008578125000000015 0.02229722222222224
4 0.6409791666666667 0.45892685185185184 0.018479166666666675 0.023470370370370384
0 0.21950572916666666 0.3022634259259259 0.05214791666666665 0.07627870370370368
0 0.47265390625 0.4888518518518519 0.07525156249999997 0.12791296296296298
0 0.45450104166666666 0.5768648148148148 0.05874895833333333 0.09505370370370372
0 0.6489010416666667 0.4360435185185186 0.07525000000000001 0.14199444444444448
0 0.6165546874999999 0.5246435185185185 0.09373437500000001 0.16663888888888892
