3 0.61490625 0.19723425925925928 0.013864583333333395 0.023470370370370384
3 0.5954322916666667 0.2171837962962963 0.009239583333333337 0.014082407407407412
3 0.5551666666666667 0.2154236111111111 0.010562499999999985 0.01290833333333331
3 0.44690989583333335 0.24300138888888892 0.01320208333333331 0.025817592592592576
3 0.36736796875 0.21366342592592594 0.009901562499999983 0.01877685185185185
4 0.8297682291666666 0.47535601851851855 0.013203124999999953 0.014082407407407464
1 0.82646875 0.4765296296296297 0.02112499999999997 0.04694074074074077
4 0.9829114583333334 0.4524726851851852 0.01452083333333339 0.010562037037037073
4 0.9954531249999999 0.4735962962962963 0.006604166666666581 0.038725925925925886
4 0.9806015625000001 0.47535601851851855 0.005942708333333376 0.028163888888888867
4 0.96871875 0.46890185185185185 0.01121874999999998 0.03403148148148155
2 0.9779609374999999 0.4847444444444445 0.05610937500000001 0.07979814814814816
4 0.29706744791666667 0.6783736111111112 0.011881770833333328 0.016428703703703647
4 0.15613619791666666 0.7129921296296297 0.005941145833333354 0.01525648148148146
4 0.14062369791666668 0.7276611111111112 0.011881770833333328 0.016429629629629655
4 0.7558385416666666 0.5616092592592593 0.01584375000000004 0.012909259259259266
4 0.9023802083333334 0.5651300925925926 0.009239583333333337 0.012908333333333362
4 0.9132708333333334 0.578038425925926 0.012541666666666628 0.012908333333333258
4 0.8961067708333333 0.5727574074074074 0.005942708333333376 0.011735185185185166
0 0.14425442708333333 0.7088851851851852 0.034984895833333314 0.05398148148148144
0 0.29640729166666663 0.6619444444444444 0.044886458333333344 0.1032685185185185
0 0.9083203124999999 0.5680638888888889 0.03432812500000004 0.04694074074074077
0 0.7551770833333333 0.5498740740740741 0.03960416666666665 0.05515555555555554
