3 0.400703125 0.027075277777777778 0.023763541666666655 0.03285833333333334
3 0.3696783854166667 0.10746083333333335 0.027724479166666663 0.034032037037037034
3 0.32446145833333334 0.07225546296296297 0.019142708333333282 0.024643703703703706
3 0.2561411458333333 0.06756138888888889 0.017162499999999997 0.026990740740740746
3 0.29079661458333333 0.1544013888888889 0.02706406250000004 0.048113888888888914
3 0.061741875 0.08223027777777778 0.02442354166666667 0.02581722222222222
4 0.8172265624999999 0.34157592592592595 0.018484375000000004 0.011735185185185166
4 0.7010494791666666 0.3791282407407407 0.01716145833333336 0.014082407407407412
1 0.6974166666666667 0.38088888888888894 0.027062500000000017 0.045766666666666664
4 0.8307578124999999 0.3656328703703704 0.008578125000000015 0.04341944444444442
4 0.8165651041666667 0.36680694444444445 0.00792187500000002 0.03637870370370369
4 0.8033645833333334 0.3621125 0.011885416666666633 0.03872499999999998
2 0.8142552083333333 0.3773680555555556 0.058749999999999976 0.0880138888888889
4 0.57496875 0.6924555555555557 0.01452083333333339 0.016429629629629655
4 0.5485651041666666 0.6748527777777779 0.007921874999999901 0.018775925925925946
4 0.7363645833333333 0.6032689814814816 0.008583333333333342 0.014082407407407358
4 0.7432942708333333 0.6232185185185186 0.009244791666666667 0.014081481481481454
4 0.44657994791666666 0.5416597222222223 0.01650260416666664 0.017602777777777853
4 0.0086039453125 0.5551550925925927 0.013202005208333334 0.014082407407407464
4 0.8099661458333335 0.8585074074074074 0.018484375000000004 0.017601851851851844
4 0.6135833333333333 0.5322712962962963 0.01782291666666668 0.015255555555555555
0 0.4442697916666667 0.5181893518518519 0.05016770833333333 0.08566574074074075
0 0.5723307291666666 0.6713324074074074 0.05808854166666677 0.12204444444444444
4 0.5875104166666667 0.5316847222222223 0.010562499999999985 0.01877685185185185
0 0.6050052083333334 0.519362962962963 0.058749999999999976 0.06689074074074071
0 0.8086432291666666 0.8379708333333334 0.047526041666666664 0.09153425925925923
0 0.7446145833333334 0.6108967592592593 0.03564583333333336 0.06219537037037042
0 -0.0026177604166666662 0.559849074074074 0.048847395833333335 0.06337037037037031
