1 0.8139244791666668 0.6308462962962964 0.05676562500000001 0.11852407407407405
0 0.6040130208333333 0.7311814814814814 0.12542187499999996 0.15725000000000006
0 0.7380130208333334 0.7000833333333333 0.08317187499999991 0.11852407407407405
0 0.9297734375 0.5357921296296296 0.07195312500000005 0.1044416666666667
0 0.9000677083333334 0.243587962962963 0.06666666666666667 0.09974814814814816
2 0.25086041666666664 0.49882638888888897 0.1557833333333333 0.206537962962963
4 0.25152057291666663 0.4166810185185185 0.031684895833333324 0.02112314814814819
4 0.25251067708333336 0.5228833333333333 0.03366510416666667 0.03168518518518511
4 0.18088984375 0.5316847222222222 0.011881770833333328 0.08449351851851856
4 0.2284171875 0.4706625 0.01320208333333334 0.05632870370370363
4 0.25482109374999995 0.4647944444444445 0.01848281250000001 0.07275740740740744
4 0.27891484375 0.4777032407407407 0.0165026041666667 0.06806388888888885
4 0.32116119791666664 0.5305111111111112 0.009901562499999983 0.08214629629629637
4 0.947265625 0.5310976851851852 0.019802083333333324 0.024643518518518526
4 0.9386848958333334 0.5569152777777777 0.02244270833333329 0.02229722222222224
4 0.9037005208333333 0.5557416666666667 0.017161458333333237 0.02464444444444443
4 0.914921875 0.23889398148148147 0.01584374999999992 0.0176027777777778
4 0.9050182291666666 0.25884351851851856 0.017161458333333237 0.019949999999999992
4 0.8763046875 0.25825694444444447 0.013859374999999948 0.025817592592592576
4 0.5822291666666667 0.7487842592592592 0.03036458333333331 0.028164814814814823
4 0.6287682291666667 0.7693208333333333 0.02442187500000005 0.029337962962962913
4 0.5710078125 0.7722541666666667 0.027723958333333344 0.02816388888888892
4 0.7231614583333333 0.6942157407407407 0.02310416666666673 0.02699074074074072
4 0.7122682291666665 0.7176861111111111 0.01716145833333336 0.02464444444444443
4 0.7508854166666665 0.7229671296296296 0.019145833333333327 0.025817592592592524
