3 0.5043388020833334 0.2048625 0.019802604166666644 0.03637870370370369
3 0.5637473958333333 0.24476157407407406 0.01583854166666659 0.02229722222222221
3 0.40961458333333334 0.11274166666666667 0.01782291666666668 0.035205555555555545
4 0.79478125 0.4325231481481482 0.009239583333333337 0.012909259259259266
1 0.802703125 0.43721712962962966 0.03036458333333331 0.05280833333333335
4 0.893796875 0.7464370370370371 0.014520833333333271 0.016429629629629655
4 0.8693723958333333 0.7311814814814815 0.011880208333333305 0.018775925925925946
4 0.8621119791666667 0.7470240740740741 0.01320312500000007 0.01994999999999994
4 0.14491458333333332 0.6842412037037038 0.008581249999999999 0.016428703703703647
4 0.13831354166666668 0.69715 0.008581249999999999 0.018775925925925946
4 0.15778645833333335 0.6942162037037037 0.011882291666666678 0.012908333333333362
4 0.8386796874999999 0.5674768518518519 0.005942708333333376 0.015255555555555661
4 0.8172265625 0.5704106481481481 0.009244791666666667 0.014082407407407464
4 0.21389479166666667 0.8450124999999999 0.017162499999999997 0.021123148148148137
0 0.20729401041666667 0.8391444444444446 0.04884739583333335 0.06571666666666671
0 0.15250572916666666 0.6842407407407408 0.04488645833333332 0.0657166666666666
0 0.8205286458333333 0.5610222222222222 0.052807291666666596 0.08918703703703704
0 0.8815859375 0.7276611111111112 0.06930729166666676 0.08214629629629626
