1 0.07725442708333333 0.4190277777777778 0.04488697916666666 0.07979814814814816
4 0.7475859375 0.33453472222222225 0.011223958333333428 0.014082407407407412
4 0.7320729166666666 0.34744351851851857 0.02112499999999997 0.018775925925925894
4 0.7624375000000001 0.7869236111111112 0.010562499999999985 0.024643518518518422
4 0.7324010416666666 0.795137962962963 0.02310416666666673 0.02464444444444443
4 0.7456067708333334 0.5956412037037038 0.020463541666666647 0.01760277777777775
4 0.7528671875 0.6167643518518519 0.013859374999999948 0.022297222222222135
4 0.7238229166666666 0.6103097222222222 0.012541666666666628 0.021123148148148245
4 0.40565390625 0.4102263888888889 0.011221354166666704 0.0176027777777778
4 0.37033854166666663 0.4102263888888889 0.011882291666666649 0.0176027777777778
4 0.44988046875000004 0.5252305555555556 0.012542187500000008 0.019950000000000048
4 0.4214963541666667 0.5017601851851853 0.011221875000000025 0.015255555555555555
4 0.4254567708333333 0.5246435185185185 0.015182291666666655 0.018775925925925946
4 0.008933978723958331 0.38323564814814814 0.017822667552083334 0.01760277777777775
4 0.5931223958333334 0.2635375 0.01650520833333336 0.012908333333333362
4 0.5713385416666666 0.2670578703703704 0.012541666666666628 0.0176027777777778
0 -0.0022877083333333343 0.3738476851851852 0.07063062499999999 0.118525
0 0.38552083333333337 0.4008384259259259 0.08053229166666664 0.1208712962962963
0 0.5852005208333333 0.24300092592592595 0.054786458333333364 0.0844925925925926
0 0.7294348958333332 0.33277500000000004 0.05808854166666665 0.08097222222222221
0 0.4346981770833333 0.5105615740740741 0.06138906249999998 0.08449351851851856
0 0.7380130208333333 0.5968148148148148 0.06732812499999999 0.09270740740740732
0 0.7419765624999999 0.7716675925925925 0.07393229166666669 0.1044425925925926
