4 0.05514104166666667 0.29756944444444444 0.032345 0.019950000000000048
4 0.12709166666666666 0.3984916666666667 0.011221874999999996 0.08097222222222221
4 0.083525 0.34920416666666665 0.015182291666666669 0.059849074074074075
4 0.05844140625 0.3415763888888889 0.020463020833333335 0.06806388888888885
4 0.03203747395833333 0.3486175925925926 0.007261093750000003 0.05398148148148144
4 0.06240197916666667 0.3990777777777778 0.023103333333333344 0.018775925925925894
2 0.05382080729166666 0.3750212962962963 0.16700526041666666 0.20067037037037036
4 0.37627942708333334 0.392037037037037 0.027724479166666663 0.021124074074074094
1 0.38222031250000005 0.3849962962962963 0.04488645833333328 0.10796296296296298
4 0.7281119791666666 0.31927916666666667 0.011880208333333423 0.021123148148148137
4 0.7660677083333333 0.3263208333333334 0.016500000000000032 0.02112314814814819
4 0.6564921875 0.36328611111111114 0.0257447916666667 0.015255555555555555
4 0.6746432291666666 0.3738476851851852 0.00792187500000002 0.02229722222222224
4 0.652859375 0.3844092592592593 0.01584375000000004 0.019949999999999992
4 0.29013645833333335 0.6689856481481482 0.02970416666666663 0.025817592592592628
4 0.2822151041666667 0.6989097222222223 0.01914270833333334 0.029337962962962913
4 0.45879192708333333 0.5968148148148148 0.029044270833333326 0.01994999999999994
4 0.45483125 0.6196981481481482 0.03036458333333337 0.025816666666666724
0 0.29871770833333333 0.6742666666666667 0.08251249999999999 0.12321851851851855
0 0.46968359375 0.5833189814814815 0.09439427083333332 0.1337805555555555
0 0.6561614583333333 0.36093888888888886 0.054125000000000034 0.08097222222222221
0 0.7558359375 0.30930416666666666 0.08845312499999997 0.14434166666666667
