3 0.6254661458333333 0.1796314814814815 0.015182291666666714 0.023470370370370357
3 0.6086354166666667 0.20251481481481484 0.010562499999999985 0.015255555555555555
3 0.5716692708333333 0.2036888888888889 0.013203124999999953 0.026990740740740746
3 0.45153072916666664 0.23243981481481485 0.017162499999999997 0.030511111111111138
3 0.4102747395833333 0.22774583333333334 0.0165026041666667 0.028163888888888867
3 0.3927817708333333 0.19840787037037036 0.010561458333333343 0.014082407407407412
3 0.5891614583333333 0.17787175925925924 0.008583333333333342 0.017602777777777773
4 0.82415625 0.4583407407407407 0.013864583333333395 0.015255555555555555
1 0.8225052083333333 0.45834027777777775 0.019802083333333324 0.04341944444444442
4 0.9548567708333333 0.43721759259259263 0.013859375000000066 0.015255555555555555
4 0.9409947916666667 0.4530597222222222 0.013864583333333276 0.03285833333333336
4 0.952875 0.45599351851851855 0.007260416666666695 0.03168518518518521
4 0.9644296874999999 0.4583407407407407 0.00792187500000002 0.038725925925925886
2 0.9505651041666666 0.46596851851851856 0.05413020833333337 0.07745185185185188
4 0.20366328125 0.6584240740740741 0.012542187500000008 0.016429629629629655
4 0.209934375 0.6683986111111111 0.010561458333333343 0.01760277777777775
4 0.18947135416666666 0.6736796296296297 0.019803124999999994 0.016429629629629655
4 0.3584567708333334 0.6683990740740742 0.009241666666666681 0.015255555555555555
4 0.333703125 0.6713324074074074 0.012541666666666687 0.018775925925925946
4 0.47331406249999997 0.48239722222222226 0.007920833333333318 0.014081481481481454
4 0.46671302083333327 0.4923722222222222 0.009241666666666681 0.012909259259259162
4 0.13831354166666668 0.5352050925925926 0.011221874999999996 0.014082407407407358
4 0.14359453125 0.5434199074074074 0.009901562499999983 0.014082407407407464
4 0.12808177083333333 0.5457671296296296 0.01320208333333334 0.014082407407407464
4 0.7703593750000001 0.559849074074074 0.009239583333333337 0.014081481481481454
4 0.789171875 0.5569152777777777 0.007260416666666695 0.01525648148148146
4 0.9182213541666666 0.5457671296296296 0.010557291666666658 0.014082407407407464
4 0.9188828125 0.558675462962963 0.011880208333333423 0.016428703703703647
4 0.8997395833333334 0.5663037037037036 0.010562500000000105 0.015255555555555555
4 0.9112890625000001 0.578625462962963 0.01122395833333331 0.014082407407407358
4 0.8944557291666667 0.5733444444444444 0.00792187500000002 0.012909259259259266
0 0.91525 0.5469407407407408 0.0336666666666666 0.05398148148148144
0 0.9079895833333333 0.5698236111111111 0.03894791666666665 0.05280833333333335
0 0.7753072916666668 0.5516342592592594 0.04290624999999994 0.07745185185185188
0 0.4700135416666667 0.4847444444444445 0.027723958333333344 0.04694074074074071
0 0.3449247395833333 0.6578375000000001 0.05742864583333329 0.1020953703703704
0 0.19310182291666667 0.647275462962963 0.05874843749999998 0.08331944444444435
0 0.13270260416666665 0.5334449074074075 0.03828541666666667 0.04811388888888886
