4 0.17131848958333334 0.5140819444444444 0.0323453125 0.025817592592592524
1 0.17758932291666665 0.4964796296296296 0.04884739583333335 0.10092222222222226
4 0.5647369791666667 0.44132453703703706 0.008578125000000015 0.021123148148148137
4 0.5304114583333334 0.4559935185185185 0.016500000000000032 0.019949999999999992
4 0.29112656249999996 0.45129953703703707 0.01320208333333331 0.01760277777777775
4 0.28056484375 0.47653009259259255 0.025083854166666638 0.021123148148148137
4 0.24062890625 0.47476944444444447 0.009901562499999983 0.02464444444444443
4 0.4145653645833333 0.4976532407407408 0.011881770833333328 0.021123148148148137
4 0.3809002604166667 0.4741828703703703 0.011881770833333328 0.014082407407407412
4 0.3861807291666667 0.49941296296296295 0.017162499999999997 0.019950000000000048
4 0.21224479166666665 0.2694050925925926 0.01914270833333334 0.02229722222222224
4 0.18353046875 0.2717523148148148 0.014522395833333323 0.02229722222222224
4 0.4977380208333333 0.657837037037037 0.03036458333333337 0.01994999999999994
4 0.4716640625 0.6349537037037037 0.015182291666666655 0.025816666666666724
4 0.6013723958333334 0.41726712962962964 0.011880208333333305 0.0176027777777778
4 0.5756302083333333 0.41668055555555555 0.010562499999999985 0.016429629629629655
4 0.6482421875 0.6525564814814815 0.013203124999999953 0.023470370370370332
4 0.6079739583333333 0.6202847222222223 0.01452083333333339 0.019949074074074036
4 0.6162265625 0.6543166666666668 0.019140625 0.02464444444444443
4 0.5330520833333333 0.579212037037037 0.012541666666666687 0.02464444444444443
4 0.48255546875 0.5745180555555555 0.015842187500000014 0.02229722222222224
0 0.20201302083333333 0.253562962962963 0.06336979166666667 0.07745185185185188
0 0.26934322916666664 0.43721759259259263 0.07789166666666665 0.13495370370370377
0 0.39443203125000004 0.4829842592592592 0.0640296875 0.09270740740740738
0 0.4960888020833334 0.6419949074074074 0.07987447916666668 0.10561574074074069
0 0.50895859375 0.5533949074074075 0.10561406249999994 0.16311759259259256
0 0.5360244791666666 0.43193657407407404 0.07525312500000006 0.15255648148148146
0 0.5921302083333333 0.40142546296296294 0.05544791666666657 0.0868398148148148
0 0.6224973958333334 0.6373009259259259 0.07393229166666669 0.1032685185185185
