3 0.6102864583333333 0.16730972222222223 0.058750000000000094 0.09505462962962963
4 0.89346875 0.42665555555555557 0.013864583333333276 0.010561111111111117
1 0.8898385416666666 0.43134953703703705 0.025083333333333256 0.05280833333333335
4 0.9934713541666667 0.42313472222222226 0.011880208333333305 0.03637870370370369
2 1.0004036458333334 0.43017592592592596 0.05082812499999995 0.09270740740740743
4 0.27594427083333334 0.6320199074074074 0.006601041666666655 0.015256481481481565
4 0.2511903645833333 0.6419949074074074 0.009901562500000013 0.014082407407407358
4 0.15316588541666665 0.6543166666666668 0.007921354166666669 0.012909259259259266
4 0.1614171875 0.6660518518518519 0.008581249999999999 0.012909259259259266
4 0.14128411458333331 0.6730925925925927 0.011881770833333357 0.015255555555555555
4 0.7852109375 0.5381388888888889 0.009901041666666662 0.015255555555555555
4 0.8093046875 0.5369652777777778 0.00792187500000002 0.012908333333333362
0 0.7918125 0.5275773148148148 0.04818749999999999 0.08331944444444435
0 0.25911171875 0.6255657407407408 0.05346822916666663 0.1032685185185185
0 0.14359427083333334 0.6590106481481481 0.04158645833333335 0.0668898148148148
