3 0.4792557291666667 0.16261578703703705 0.09241562499999999 0.1701591666666667
3 0.6353697916666666 0.13973240740740742 0.01782291666666668 0.025816666666666672
3 0.6297578125 0.2300925925925926 0.01583854166666659 0.025816666666666648
3 0.5713385416666666 0.16437592592592595 0.016499999999999914 0.025816666666666672
3 0.3865109375 0.20075462962962964 0.015182291666666714 0.023470370370370384
4 0.9060104166666666 0.4454319444444445 0.013864583333333276 0.01290833333333331
1 0.90996875 0.4477787037037037 0.028385416666666666 0.05046111111111116
4 0.9921510416666667 0.4225481481481481 0.01584375000000004 0.011735185185185218
4 0.9898411458333333 0.4424981481481482 0.008578125000000015 0.03051111111111111
4 0.9779609374999999 0.4395643518518519 0.013859374999999948 0.036378703703703746
2 0.9868697916666667 0.4536462962962963 0.05544791666666669 0.08566666666666665
4 0.2766044270833333 0.4630342592592593 0.011881770833333328 0.010561111111111065
4 0.2802348958333333 0.4694888888888889 0.011221874999999966 0.016429629629629603
4 0.2624122395833333 0.46948842592592593 0.013861979166666672 0.014082407407407464
4 0.32875234375 0.5440069444444445 0.00924114583333336 0.012908333333333362
4 0.30597890625 0.5457671296296296 0.009901562499999983 0.016428703703703647
4 0.15910677083333333 0.6824810185185186 0.009241666666666681 0.017602777777777853
4 0.14029375000000002 0.6877615740740741 0.011221874999999996 0.014082407407407358
4 0.13633333333333333 0.6719194444444445 0.008581249999999999 0.015255555555555555
4 0.7931328125 0.5551550925925927 0.009901041666666662 0.014082407407407464
4 0.7693697916666666 0.5516342592592592 0.008583333333333342 0.01642962962962955
0 0.2696734375 0.4518861111111111 0.042906249999999965 0.06337037037037031
0 0.31588020833333336 0.5393125 0.04818749999999999 0.08566574074074075
0 0.14524453125 0.6736796296296297 0.043566145833333327 0.06571666666666671
0 0.7832317708333333 0.5428328703703704 0.052151041666666606 0.08331944444444435
0 1.0083255208333335 0.7646263888888889 0.052151041666666606 0.08331944444444446
