4 0.52876328125 0.332187962962963 0.023765104166666676 0.018775925925925894
1 0.52513203125 0.3415763888888889 0.03498593749999994 0.09388055555555558
4 0.7733281249999999 0.2611902777777778 0.02310416666666673 0.0176027777777778
4 0.7512161458333333 0.29228888888888893 0.019807291666666654 0.06102222222222222
4 0.7723385416666666 0.29639583333333336 0.009239583333333337 0.05280833333333335
4 0.7937916666666667 0.2969824074074074 0.012541666666666628 0.06102222222222222
2 0.7693671875 0.3163458333333333 0.09043229166666672 0.1373009259259259
4 0.31588046875 0.6496226851851852 0.020463020833333328 0.024643518518518526
4 0.2706635416666667 0.6631180555555556 0.022443750000000023 0.021123148148148137
4 0.5716692708333333 0.6695722222222221 0.01583854166666659 0.022296296296296335
4 0.6185364583333334 0.6754398148148149 0.014520833333333271 0.02464444444444443
4 0.450540625 0.3679800925925926 0.013862499999999993 0.019949074074074036
4 0.42809713541666666 0.3697402777777778 0.013861979166666672 0.021123148148148137
4 0.24491953125 0.597987962962963 0.018482812499999984 0.019950000000000048
4 0.24788984374999998 0.6214583333333333 0.020463020833333356 0.02464444444444443
4 0.459121875 0.5645430555555556 0.01782291666666668 0.023469444444444428
4 0.4218263020833333 0.5539814814814814 0.007921354166666639 0.023470370370370437
4 0.5406432291666667 0.6543166666666668 0.026401041666666694 0.017601851851851844
4 0.5380052083333333 0.6772 0.01584375000000004 0.023470370370370332
4 0.7423046874999999 0.3902768518518519 0.009901041666666662 0.012909259259259266
4 0.7564973958333333 0.4096398148148148 0.01320312500000007 0.014081481481481454
0 0.5987317708333334 0.6519694444444444 0.104296875 0.18189444444444447
0 0.44327942708333334 0.36387268518518523 0.05082760416666664 0.0704101851851852
0 0.45417109375000003 0.5434199074074073 0.07921197916666665 0.15021018518518517
0 0.2528408854166667 0.5962277777777777 0.05148802083333335 0.08918703703703704
0 0.29343671875 0.6138305555555554 0.09439427083333338 0.15020925925925926
0 0.5416330729166667 0.6543166666666668 0.05478593749999998 0.09036111111111114
0 0.7574869791666666 0.3926236111111111 0.049505208333333425 0.07627870370370368
