3 0.4320580729166667 0.05054550925925926 0.020463020833333328 0.044593425925925925
3 0.6083046875 0.09220518518518518 0.020463541666666647 0.041072962962962964
3 0.6228255208333333 0.10276666666666667 0.013859375000000066 0.026990740740740746
3 0.6284375 0.20838287037037037 0.023760416666666728 0.03637870370370372
4 0.8320781250000001 0.37795462962962967 0.016500000000000032 0.011735185185185218
4 0.9984244791666667 0.37795509259259263 0.005942708333333376 0.021123148148148137
2 1.0096458333333334 0.37795509259259263 0.058750000000000094 0.09153425925925929
1 0.8294374999999999 0.381475 0.028385416666666666 0.05398148148148144
4 0.34261432291666666 0.4119865740740741 0.010561979166666664 0.009387962962962973
4 0.4297473958333333 0.5088009259259261 0.01320208333333331 0.015255555555555555
4 0.9865416666666667 0.914249537037037 0.00990624999999999 0.021123148148148245
4 0.96046875 0.9183550925925926 0.021125000000000088 0.024641666666666614
4 0.8974270833333333 0.6050291666666666 0.013864583333333276 0.01525648148148146
4 0.6102838541666666 0.41316018518518516 0.01122395833333331 0.011735185185185218
4 0.9479244791666666 0.6320199074074074 0.02244270833333329 0.015256481481481565
0 0.9479270833333333 0.6138305555555555 0.05677083333333333 0.07979814814814816
0 0.6083046875000001 0.40377175925925923 0.027067708333333346 0.04459351851851852
0 0.9650885416666667 0.8960592592592593 0.06072916666666662 0.09740000000000001
0 0.8987473958333333 0.5903606481481483 0.06139062499999994 0.10561574074074069
0 0.42842734375 0.4823976851851852 0.04752760416666669 0.11735092592592596
0 0.3449247395833333 0.401425 0.027064062499999982 0.04928703703703705
