3 0.29475703125 0.1502939814814815 0.023103645833333353 0.014082407407407412
4 0.31720052083333333 0.1849125 0.013862499999999993 0.062195370370370366
4 0.29475703124999997 0.18725925925925926 0.005941145833333295 0.0504611111111111
4 0.2729739583333333 0.1849125 0.015182291666666625 0.062195370370370366
2 0.29376692708333335 0.204275 0.0924140625 0.13847407407407405
4 0.7241510416666666 0.4847439814814815 0.014520833333333271 0.021123148148148137
4 0.6317395833333334 0.5715842592592593 0.01452083333333339 0.018775925925925946
4 0.6964270833333334 0.6437550925925926 0.019802083333333324 0.02229722222222224
4 0.6482421875 0.6554902777777778 0.022442708333333408 0.024643518518518526
0 0.7347135416666667 0.46362129629629634 0.048843749999999984 0.07979814814814816
0 0.6469192708333333 0.5533949074074075 0.06469270833333335 0.09505462962962963
0 0.6729947916666668 0.6196981481481482 0.1023124999999999 0.12439259259259264
