3 0.50928984375 0.10217986111111112 0.07723281250000001 0.15490324074074074
3 0.5040078124999999 0.1925402777777778 0.060067708333333296 0.0868398148148148
4 0.9221822916666668 0.41609398148148147 0.01584374999999992 0.01290833333333331
1 0.9195416666666666 0.41609398148148147 0.02904166666666666 0.048113888888888914
4 0.0168551875 0.6666384259259259 0.024423687500000003 0.014082407407407358
1 0.022135973958333333 0.6537296296296297 0.03894586458333334 0.0657166666666666
4 0.8060026041666667 0.5275777777777779 0.01320312500000007 0.015255555555555555
4 0.8819166666666667 0.6730925925925927 0.01584375000000004 0.015255555555555555
4 0.8588125 0.6625314814814816 0.014520833333333271 0.015255555555555555
4 0.8532005208333333 0.6748527777777779 0.015182291666666714 0.018775925925925946
4 0.6505494791666666 0.4424981481481482 0.005942708333333376 0.011735185185185218
4 0.6409791666666665 0.43310972222222227 0.010562499999999985 0.00938796296296292
4 0.6370182291666667 0.44191111111111114 0.009244791666666667 0.012909259259259266
4 0.33106276041666666 0.568650462962963 0.009901562499999983 0.010562037037037073
4 0.32677187500000004 0.5827324074074074 0.010561458333333343 0.012909259259259266
4 0.31026953125 0.5844925925925926 0.007921354166666639 0.01173518518518527
4 0.16966822916666668 0.6355402777777778 0.007920833333333347 0.012908333333333362
4 0.15910651041666668 0.6525564814814815 0.014522395833333323 0.014081481481481454
0 0.16042682291666666 0.6390611111111112 0.03960572916666667 0.06219629629629632
0 0.8050130208333334 0.5164291666666667 0.0455468749999999 0.08214537037037035
0 0.8697031249999999 0.6601842592592593 0.06270833333333325 0.07862592592592588
0 0.644609375 0.4348703703703704 0.032343750000000074 0.04342037037037038
0 0.32083125 0.5733439814814815 0.040926041666666656 0.05984907407407403
0 0.0805546875 0.4471921296296297 0.050167708333333325 0.08918611111111113
