1 0.35515625000000006 0.5246435185185185 0.05412812500000002 0.10092222222222232
4 0.33469322916666666 0.5264041666666667 0.010561458333333343 0.031684259259259204
0 0.6832265625 0.31986574074074076 0.07393229166666669 0.13495370370370371
0 0.5792604166666667 0.5891865740740742 0.0825104166666667 0.18306759259259256
0 0.42347656250000004 0.6284990740740741 0.09439375 0.1701592592592592
0 0.2637325520833333 0.5903601851851852 0.07063072916666668 0.11969814814814815
4 0.5772786458333333 0.6249791666666666 0.020463541666666647 0.024643518518518526
4 0.6142447916666666 0.6015083333333333 0.008583333333333342 0.02699074074074072
4 0.4561513020833334 0.6507962962962962 0.018482812499999984 0.0340314814814815
4 0.42875729166666665 0.6807208333333333 0.03234479166666665 0.02816388888888881
4 0.25284088541666666 0.5915337962962963 0.018482812499999984 0.025817592592592628
4 0.24029895833333334 0.6085495370370371 0.014521875000000002 0.02933796296296302
4 0.6891666666666667 0.3380555555555556 0.017166666666666684 0.021124074074074094
4 0.6578125 0.3239736111111111 0.01121874999999998 0.025817592592592628
4 0.6756354166666666 0.7282476851851852 0.01782291666666668 0.024643518518518526
4 0.6475807291666666 0.7082981481481482 0.010557291666666658 0.02229629629629623
0 0.6743151041666666 0.7018439814814816 0.06667187499999999 0.11265648148148147
