0 0.30663906249999995 0.5222967592592593 0.09967499999999996 0.17133240740740746
0 0.28980651041666666 0.6472754629629629 0.10297552083333332 0.1748527777777778
0 0.7871927083333332 0.7100583333333335 0.07459375000000001 0.11969814814814815
0 0.6465911458333333 0.2547365740740741 0.06534895833333335 0.09857500000000001
4 0.28320520833333335 0.5487004629629629 0.019803124999999967 0.024643518518518526
4 0.3307325520833333 0.5533944444444444 0.019802604166666703 0.02699074074074072
4 0.281225 0.7053643518518519 0.023763541666666655 0.02816388888888881
4 0.3152203125 0.6660518518518519 0.01914270833333334 0.0340314814814815
4 0.3280921875 0.6842412037037038 0.017162499999999997 0.037552777777777796
4 0.8023723958333333 0.7059509259259259 0.015182291666666714 0.02699074074074072
4 0.7825703124999999 0.7382226851851853 0.021786458333333415 0.025817592592592524
