4 0.8076536458333334 0.36387314814814814 0.013859374999999948 0.011735185185185166
1 0.8132656249999999 0.3679800925925926 0.02904166666666666 0.05280833333333335
4 0.9941328125000001 0.8596810185185185 0.011880208333333423 0.024643518518518526
0 1.0083255208333335 0.8643750000000001 0.06139062500000006 0.10209629629629631
4 0.28815625 0.4911986111111111 0.008581249999999999 0.012908333333333362
4 0.28023515625 0.5046939814814816 0.009901562499999983 0.014082407407407358
4 0.16438723958333332 0.40025185185185186 0.011881770833333328 0.011735185185185166
4 0.17131848958333334 0.4055324074074074 0.009901562500000013 0.010561111111111117
4 0.3356833333333333 0.49589259259259266 0.009901041666666721 0.015255555555555555
4 0.31026953125 0.4964791666666667 0.010561979166666664 0.014082407407407464
4 0.6406484375 0.40494583333333334 0.009901041666666662 0.009387962962962973
4 0.8093046875 0.4964791666666667 0.01583854166666659 0.014082407407407464
4 0.8300989583333332 0.5058675925925926 0.013864583333333276 0.011735185185185166
4 0.8043541666666667 0.5076277777777779 0.0112187500000001 0.015255555555555555
4 0.5686979166666667 0.578038425925926 0.012541666666666748 0.01525648148148146
0 0.8185468749999999 0.49178518518518527 0.05677083333333333 0.07275740740740744
0 0.15382578125000002 0.39731805555555555 0.052807812499999995 0.07862499999999997
0 0.2808950520833333 0.49413240740740744 0.03366510416666664 0.05398148148148149
0 0.32083098958333334 0.48767824074074073 0.05676822916666667 0.09505462962962968
0 0.6432890625 0.39673101851851855 0.03102604166666675 0.04459351851851852
0 0.567046875 0.5575023148148148 0.05544791666666669 0.11735092592592596
3 0.6116041666666667 0.04937199074074074 0.01782291666666668 0.0305112037037037
3 0.5208403645833334 0.07108208333333334 0.021121354166666665 0.04576731481481482
3 0.41687552083333335 0.04878523148148148 0.01914270833333334 0.03872583333333333
