1 0.045569427083333336 0.676613425925926 0.04356635416666667 0.08331944444444446
1 0.9241614583333333 0.410812962962963 0.026406250000000023 0.05398148148148144
4 0.9268020833333334 0.4067055555555556 0.01584375000000004 0.015255555555555555
4 0.029397083333333334 0.6830675925925925 0.009901458333333335 0.023470370370370332
3 0.6327265625 0.07225546296296297 0.015182291666666714 0.022296666666666666
3 0.35053541666666665 0.1285837962962963 0.019803124999999967 0.03403240740740741
0 0.08451552083333333 0.5657166666666668 0.06733041666666667 0.09153333333333333
0 0.8532005208333333 0.5187763888888889 0.052151041666666724 0.09153425925925923
0 0.8294374999999999 0.4137472222222222 0.03498958333333325 0.045766666666666664
4 0.07626406250000001 0.5704106481481481 0.015182291666666669 0.01877685185185185
4 0.10365807291666668 0.5639564814814815 0.011881770833333341 0.019950000000000048
4 0.8730026041666666 0.5275773148148148 0.009901041666666662 0.01760277777777775
4 0.850890625 0.5310981481481482 0.011885416666666633 0.015255555555555555
4 0.8274583333333333 0.4137472222222222 0.013864583333333276 0.015255555555555555
4 0.8366979166666667 0.42548240740740745 0.008583333333333342 0.015255555555555555
