4 0.47760468749999996 0.12623703703703706 0.01914270833333334 0.019950000000000006
1 0.48816640624999996 0.1344513888888889 0.04818697916666667 0.0903601851851852
4 0.8944583333333334 0.07049513888888889 0.023760416666666728 0.014082129629629623
4 0.8706953125000001 0.10570046296296297 0.018484375000000004 0.06336944444444445
4 0.8931380208333334 0.10804745370370371 0.009244791666666667 0.058675462962962964
4 0.9172317708333333 0.10804736111111111 0.01122395833333331 0.06571638888888888
2 0.8901666666666666 0.13093078703703703 0.09703124999999997 0.14668842592592593
4 0.31489010416666663 0.8538129629629629 0.03432500000000006 0.02699074074074072
4 0.2650528645833334 0.8356236111111112 0.020463020833333356 0.0328583333333333
4 0.41885598958333337 0.7393958333333333 0.023103645833333353 0.021123148148148137
4 0.5475755208333334 0.392037037037037 0.01650520833333336 0.021124074074074094
4 0.5287630208333334 0.3685666666666667 0.011880208333333364 0.023470370370370384
4 0.5198518229166667 0.3838226851851852 0.011223437499999989 0.021123148148148137
0 0.5409752604166668 0.3738472222222222 0.06535156250000007 0.09270740740740743
0 0.41819583333333327 0.7088847222222223 0.06270937499999996 0.12204537037037035
4 0.39476223958333334 0.7147523148148148 0.010561979166666664 0.025817592592592628
0 0.30927942708333334 0.8209555555555557 0.1273994791666667 0.2405703703703703
