3 0.010584236979166666 0.4430847222222222 0.019802984375 0.019949074074074036
4 0.44691015624999997 0.607962962962963 0.007921354166666698 0.03051111111111111
1 0.4650627604166666 0.6038555555555556 0.04818697916666667 0.09505370370370372
4 0.040618776041666665 0.48357083333333334 0.020463072916666665 0.0727583333333334
4 0.009924140625 0.4847444444444445 0.007921197916666668 0.05867592592592588
2 0.02312609375 0.5129087962962964 0.0976946875 0.1713324074074074
4 0.5578046875 0.5533949074074075 0.007921874999999901 0.017602777777777853
4 0.5911432291666666 0.5604361111111111 0.015182291666666596 0.015255555555555555
4 0.48816640625 0.4923722222222222 0.019143229166666664 0.015255555555555555
4 0.52018046875 0.509387962962963 0.007920312499999997 0.011735185185185166
4 0.50466875 0.5052810185185186 0.017822916666666622 0.010562037037037073
4 0.5023583333333334 0.5234703703703704 0.01320208333333331 0.016429629629629655
4 0.8304270833333334 0.450125925925926 0.0066041666666667 0.015255555555555555
4 0.813265625 0.4424976851851852 0.017166666666666684 0.009387962962962973
4 0.8116145833333333 0.45892685185185184 0.01121874999999998 0.011735185185185218
4 0.33733359374999994 0.5868398148148148 0.011881770833333328 0.018775925925925946
4 0.29772760416666666 0.5874263888888889 0.015842708333333337 0.017602777777777853
4 0.44195937499999993 0.6226314814814815 0.008581249999999999 0.026990740740740825
4 0.4205059895833333 0.6314333333333334 0.014522395833333352 0.016429629629629655
0 0.31059947916666664 0.5692370370370371 0.08251249999999999 0.13377962962962972
0 0.42281640625 0.6150041666666667 0.04818697916666667 0.09388055555555552
0 0.48387578125 0.4530597222222222 0.0554484375 0.10561574074074075
0 0.5838802083333334 0.5393125 0.0785520833333333 0.14199537037037038
0 0.8172265625 0.44484490740740745 0.04620312500000002 0.07510462962962969
0 0.5083002604166666 0.5129087962962963 0.03960781250000001 0.06336944444444441
