4 0.3528458333333333 0.3392291666666667 0.03102500000000005 0.01877685185185185
4 0.42083619791666665 0.45599351851851855 0.009901562499999983 0.07627777777777778
4 0.37825989583333336 0.3984916666666667 0.01320208333333331 0.06219629629629627
4 0.35647630208333336 0.3873430555555556 0.025083854166666638 0.07510462962962963
4 0.32908229166666664 0.3955578703703704 0.012541666666666687 0.06806388888888891
4 0.28287526041666666 0.45012546296296296 0.011221354166666704 0.07862499999999997
2 0.3511958333333334 0.4237217592592593 0.1584239583333334 0.2088842592592593
1 0.6320677083333333 0.42137500000000006 0.04951041666666664 0.10092222222222226
4 0.3554864583333333 0.6032689814814814 0.019142708333333282 0.023469444444444428
4 0.36043697916666667 0.5727574074074074 0.017162499999999997 0.018775925925925946
4 0.48915625 0.6067898148148149 0.023763541666666714 0.03051111111111111
4 0.43172760416666667 0.6009217592592593 0.03036458333333331 0.02816388888888881
4 0.8799348958333333 0.7047777777777778 0.02376562499999994 0.02699074074074072
4 0.7026979166666666 0.8843245370370371 0.016500000000000032 0.031684259259259204
4 0.6604531250000001 0.8808041666666666 0.021781249999999967 0.03403240740740741
4 0.3247916666666666 0.6660518518518519 0.015842708333333337 0.03168518518518521
0 0.29739765625000003 0.6314328703703704 0.10495572916666666 0.1642916666666666
0 0.45549140625 0.5416597222222223 0.1188182291666667 0.19362870370370375
0 0.3475651041666667 0.5768648148148149 0.06931041666666668 0.10913703703703699
0 0.6812447916666666 0.8543990740740741 0.0897708333333334 0.15255370370370375
0 0.8977578125000001 0.6666384259259259 0.13598437499999996 0.21357870370370377
4 0.35515625 0.44953935185185184 0.023763541666666655 0.021123148148148137
