3 0.6185364583333333 0.1373851851851852 0.017166666666666684 0.023470370370370384
3 0.9759817708333333 0.39438379629629633 0.015182291666666714 0.009387962962962973
4 0.9872031250000001 0.41668055555555555 0.007260416666666695 0.037551851851851836
4 0.973671875 0.41492083333333335 0.005281249999999934 0.029337962962962965
4 0.960796875 0.41140000000000004 0.012541666666666628 0.0340314814814815
2 0.971359375 0.42724212962962965 0.05479166666666657 0.07979907407407406
3 0.4620911458333333 0.18725930555555556 0.15314062499999997 0.21944620370370369
4 0.9116197916666666 0.42665555555555557 0.013197916666666623 0.012909259259259266
1 0.9175598958333333 0.431349537037037 0.027723958333333344 0.045767592592592624
4 0.7871901041666667 0.5475273148148149 0.015182291666666714 0.012908333333333258
4 0.7660677083333333 0.5451805555555557 0.005937499999999929 0.015255555555555555
4 0.6244765624999999 0.5064541666666666 0.010557291666666776 0.010562037037036969
4 0.14524453125 0.6396476851851852 0.007921354166666669 0.014082407407407358
4 0.15613619791666666 0.6507958333333334 0.013861979166666672 0.012908333333333362
4 0.13897369791666667 0.6507958333333334 0.005941145833333354 0.012908333333333362
4 0.32347135416666667 0.5035203703703705 0.006601041666666714 0.011735185185185166
4 0.3152200520833333 0.5117351851851852 0.009901562499999983 0.011735185185185166
4 0.3696783854166667 0.6772 0.00924114583333336 0.014081481481481454
4 0.3980627604166667 0.6807208333333333 0.011881770833333328 0.014082407407407464
4 0.20102291666666666 0.4413240740740741 0.007261458333333337 0.011735185185185166
4 0.20828411458333332 0.4454319444444445 0.007260937499999986 0.01056203703703702
4 0.18914114583333333 0.4512990740740741 0.008581249999999999 0.008214814814814828
0 0.19244166666666668 0.4354564814814815 0.04158645833333333 0.05398148148148149
0 0.15547630208333332 0.6408212962962964 0.04026614583333335 0.05632777777777784
0 0.31687057291666665 0.5052805555555555 0.029044270833333326 0.045766666666666664
0 0.38684114583333334 0.6660518518518519 0.0633697916666667 0.11148333333333338
0 0.6215078125 0.49765277777777783 0.041588541666666735 0.07275740740740744
0 0.7838932291666666 0.5340319444444445 0.04554687500000002 0.061023148148148125
