4 0.9911614583333334 0.3879296296296296 0.016499999999999914 0.019950000000000048
1 0.9964427083333334 0.3943837962962963 0.031020833333333303 0.06336944444444446
4 0.16240729166666668 0.41140000000000004 0.017162499999999997 0.010561111111111117
4 0.16405729166666666 0.42313518518518517 0.015182291666666655 0.015255555555555555
4 0.14392447916666667 0.4143337962962963 0.009241666666666652 0.01877685185185185
4 0.29871770833333333 0.48063703703703703 0.011221875000000025 0.012909259259259266
4 0.3086192708333333 0.4917856481481482 0.012541666666666687 0.01642870370370375
4 0.4594520833333333 0.5158425925925926 0.010561458333333343 0.019950000000000048
4 0.4379986979166666 0.5222967592592593 0.012542187500000008 0.01877685185185185
4 0.7555078124999999 0.5727578703703705 0.01122395833333331 0.01642870370370375
4 0.7802604166666666 0.5715842592592593 0.00791666666666669 0.016429629629629655
4 0.6479114583333333 0.4166810185185185 0.01121874999999998 0.014082407407407412
4 0.6597942708333332 0.4278291666666667 0.009901041666666662 0.01760277777777775
4 0.6436197916666666 0.4278291666666667 0.010562500000000105 0.012908333333333362
0 0.15943671874999998 0.3961439814814815 0.046867187500000004 0.0833194444444444
0 0.30597890625 0.48533101851851856 0.03762552083333333 0.06219537037037042
0 0.4366786458333333 0.5029337962962963 0.056108333333333364 0.118525
0 0.652859375 0.420787962962963 0.040927083333333295 0.05280740740740739
0 0.7591380208333334 0.558675925925926 0.0594114583333333 0.10796296296296289
