4 0.06405234375 0.4002518518518519 0.013201562499999996 0.0844925925925926
4 0.018505416666666667 0.3509638888888889 0.0145221875 0.06571666666666671
4 0.0016728906250000001 0.3415763888888889 0.007261093750000001 0.06806388888888885
2 0.017845312500000002 0.37971527777777775 0.11485729166666667 0.19832314814814817
4 0.3198408854166666 0.3896902777777778 0.028383854166666642 0.021123148148148137
1 0.3280921875 0.37971527777777775 0.04752708333333331 0.10678981481481484
4 0.5314036458333333 0.29580925925925927 0.011880208333333364 0.016429629629629655
4 0.8182161458333332 0.2952222222222223 0.013859374999999948 0.019949999999999992
4 0.8581510416666667 0.30108981481481484 0.01584374999999992 0.019949999999999992
4 0.6224947916666667 0.32632037037037037 0.01452083333333339 0.018775925925925946
4 0.6132552083333332 0.34157592592592595 0.010562499999999985 0.018775925925925946
4 0.6409791666666667 0.34861712962962965 0.01584375000000004 0.01877685185185185
4 0.23468802083333332 0.6713324074074074 0.03102499999999999 0.025816666666666724
4 0.22775703125 0.7006703703703704 0.019802604166666644 0.02581666666666662
4 0.46935338541666666 0.5504611111111112 0.011881770833333387 0.023470370370370437
4 0.43205781249999997 0.5551550925925927 0.02178333333333331 0.01877685185185185
4 0.4297473958333333 0.5821453703703704 0.023763541666666655 0.023470370370370332
0 0.5198507812500001 0.2817273148148148 0.054788020833333326 0.08214537037037041
0 0.8459401041666667 0.2846611111111111 0.09175520833333337 0.15372962962962963
0 0.6333880208333333 0.3327745370370371 0.05874479166666665 0.08331944444444446
0 0.4393190104166667 0.5340314814814815 0.08383281249999996 0.13847407407407405
0 0.24293932291666664 0.6689856481481482 0.08317239583333332 0.12908611111111112
