3 0.40004296875 0.22305138888888892 0.029044270833333326 0.049287962962962985
3 0.5634166666666668 0.27116527777777777 0.037625000000000006 0.05632870370370374
3 0.6323984374999999 0.2740995370370371 0.02904687499999999 0.036378703703703746
3 0.5845416666666667 0.21601064814814813 0.021781249999999967 0.02816388888888889
4 0.7604583333333332 0.4595138888888889 0.009239583333333337 0.012909259259259266
1 0.7667291666666666 0.46479444444444445 0.0270624999999999 0.05398148148148155
4 0.9591458333333333 0.45188611111111116 0.010562499999999985 0.011735185185185218
4 0.9693802083333334 0.4712490740740741 0.007260416666666695 0.0340314814814815
4 0.9574973958333333 0.4718356481481482 0.007265624999999905 0.02816388888888892
4 0.9462760416666666 0.4659685185185185 0.01121874999999998 0.0352055555555555
2 0.9558463541666666 0.47887685185185186 0.05148437500000007 0.08214629629629637
4 0.017185234374999997 0.5416597222222223 0.010561614583333332 0.008213888888888871
4 0.023126119791666667 0.5492875 0.009241406249999999 0.014082407407407464
4 0.004973403645833333 0.5522212962962963 0.008581317708333333 0.008214814814814881
4 0.28650572916666667 0.5739314814814815 0.006601041666666655 0.011735185185185166
4 0.27759453125 0.5844925925925926 0.011221354166666704 0.01173518518518527
4 0.8720130208333332 0.706537962962963 0.01320312500000007 0.011735185185185166
4 0.850890625 0.6953898148148148 0.013197916666666741 0.015255555555555555
4 0.8462708333333334 0.707125 0.013197916666666623 0.015255555555555555
4 0.20531354166666665 0.6824805555555555 0.009241666666666681 0.015255555555555555
4 0.19178151041666666 0.6772 0.011221354166666675 0.011735185185185166
4 0.18749088541666664 0.6901083333333333 0.00924114583333333 0.011735185185185166
4 0.7875208333333333 0.5874263888888889 0.009239583333333337 0.010562037037037073
4 0.7690390625 0.578038425925926 0.00792187500000002 0.01525648148148146
4 0.9588151041666667 0.6062027777777778 0.009901041666666662 0.012909259259259266
4 0.9469348958333333 0.589187037037037 0.008578124999999895 0.011735185185185166
4 0.9406640625 0.597987962962963 0.00792187500000002 0.010561111111111065
4 0.2469 0.8221287037037036 0.014521874999999972 0.015255555555555555
0 0.19607213541666668 0.676026388888889 0.03960572916666667 0.05163425925925925
0 0.2808950520833333 0.5774513888888889 0.03102447916666664 0.05163425925925925
0 0.7835625 0.5751050925925926 0.0448854166666667 0.07510462962962958
0 0.8611223958333333 0.6930421296296296 0.05874479166666665 0.0715842592592592
0 0.9541953125 0.5956412037037038 0.04158854166666662 0.05280833333333335
0 0.24326927083333333 0.8180212962962963 0.04158645833333333 0.06571666666666671
0 0.008603932291666668 0.5398995370370371 0.05016755208333334 0.08683981481481486
