4 0.3238015625 0.5539814814814814 0.024423958333333336 0.016429629629629655
1 0.3294125 0.548114351851852 0.040926041666666656 0.08683981481481474
4 0.28518567708333337 0.5709972222222222 0.014522395833333352 0.015255555555555555
4 0.4686932291666667 0.5762782407407407 0.019803125000000026 0.01877685185185185
4 0.4452598958333333 0.5580888888888889 0.012541666666666628 0.012909259259259266
4 0.4393190104166667 0.5704106481481481 0.009901562500000042 0.01877685185185185
4 0.13237265625 0.48885138888888885 0.01122135416666666 0.017602777777777853
4 0.11818046874999999 0.5082143518518518 0.0158421875 0.01642870370370375
4 0.5987343749999999 0.6531430555555556 0.019802083333333324 0.01760277777777775
4 0.5723307291666666 0.6320199074074074 0.013203124999999953 0.01760277777777775
4 0.5644062499999999 0.6502092592592593 0.009239583333333337 0.023470370370370332
4 0.6772864583333332 0.3075439814814815 0.009239583333333337 0.009387962962962973
4 0.6772864583333332 0.3204527777777778 0.010562499999999985 0.011735185185185166
4 0.658140625 0.32103981481481486 0.010562499999999985 0.015255555555555555
4 0.5353645833333334 0.5187763888888889 0.010562499999999985 0.014082407407407464
4 0.49872786458333335 0.5234703703703704 0.009901562499999983 0.018775925925925946
4 0.3693484375 0.5950546296296296 0.011221875000000025 0.011735185185185166
4 0.3650578125 0.578625 0.01320208333333337 0.011735185185185166
4 0.34591484375000003 0.5927074074074075 0.013201562500000048 0.014081481481481454
0 0.3584567708333333 0.578038425925926 0.0514875 0.07627870370370368
0 0.28584583333333335 0.5498740740740741 0.06733020833333334 0.13495370370370371
0 0.5086283854166667 0.509387962962963 0.07062864583333325 0.12673888888888887
0 0.6677135416666666 0.3110648148148148 0.03894791666666677 0.05867592592592593
0 0.5904817708333333 0.6296726851851852 0.07854687500000009 0.1067898148148148
0 0.46539296874999997 0.5322712962962963 0.0726109375 0.13025925925925927
0 0.11950052083333332 0.49413240740740744 0.05016770833333332 0.08214629629629637
