3 0.6376770833333334 0.19606064814814814 0.014520833333333271 0.021123148148148137
3 0.617546875 0.13973194444444445 0.01121874999999998 0.021123148148148165
3 0.5842109375 0.13797222222222222 0.005276041666666723 0.010561111111111117
3 0.6059921875000001 0.21835740740740744 0.01320312500000007 0.01642962962962963
3 0.5690286458333332 0.21425046296296293 0.014526041666666718 0.017602777777777773
3 0.45912213541666663 0.13738518518518517 0.009901562499999983 0.01642962962962963
3 0.40367343750000007 0.18549907407407407 0.008581249999999999 0.01642962962962963
3 0.43106770833333335 0.18432546296296298 0.009241666666666681 0.016428703703703727
4 0.0633921875 0.6631180555555556 0.021122916666666672 0.016428703703703647
1 0.069003125 0.6525564814814815 0.03234479166666667 0.06102222222222222
4 0.8386796874999999 0.4254819444444444 0.013859374999999948 0.01056203703703702
4 0.9928125 0.4055324074074074 0.01584375000000004 0.010561111111111117
4 0.9911614583333334 0.4254819444444444 0.005937500000000047 0.029337962962962965
4 0.9782916666666668 0.4225481481481481 0.010562499999999985 0.035205555555555545
2 0.9895104166666667 0.43839074074074075 0.05544791666666657 0.07862592592592588
1 0.8360390624999999 0.43076296296296296 0.020463541666666647 0.04928703703703705
4 0.2799046875 0.4442583333333333 0.01320208333333331 0.010561111111111117
4 0.26505260416666665 0.44601851851851854 0.007261458333333307 0.011735185185185166
4 0.16867812499999998 0.6390611111111112 0.005940625000000003 0.012909259259259266
4 0.17857942708333333 0.6519699074074075 0.013861979166666672 0.012908333333333258
4 0.9812630208333334 0.8191949074074074 0.020463541666666647 0.016428703703703647
4 0.9872031250000001 0.8379708333333333 0.012541666666666628 0.01642870370370375
4 0.9617864583333334 0.8268226851851852 0.010562499999999985 0.017602777777777853
4 0.818875 0.7740148148148148 0.013864583333333276 0.015255555555555555
4 0.8244869791666666 0.7869231481481481 0.01320312500000007 0.015255555555555555
4 0.794453125 0.7769481481481482 0.016500000000000032 0.018775925925925946
0 0.9720208333333334 0.8174347222222224 0.05742708333333333 0.07862500000000007
0 0.8040234374999999 0.7652134259259259 0.06865104166666676 0.08683981481481474
0 0.27594427083333334 0.4248953703703704 0.03960625000000002 0.06337037037037042
0 0.17857968750000003 0.6378875 0.03894583333333334 0.05984907407407403
