3 0.6145755208333334 0.16672268518518518 0.021119791666666644 0.03285833333333333
3 0.6244765624999999 0.14677314814814815 0.02244270833333329 0.03520555555555557
3 0.6323984374999999 0.1573351851851852 0.02244270833333329 0.035205555555555545
3 0.5888307291666666 0.12095601851851852 0.0330052083333334 0.05163425925925925
3 0.45978203125 0.22305138888888892 0.06006927083333332 0.1103101851851852
3 0.392121875 0.1238900925925926 0.05280833333333336 0.11383092592592595
3 0.3581265625 0.07694967592592593 0.02178333333333331 0.04576731481481481
4 0.8822447916666667 0.4143337962962963 0.01121874999999998 0.009387962962962973
1 0.8792760416666666 0.41609398148148147 0.026406250000000023 0.048113888888888914
3 0.9924817708333333 0.3896902777777778 0.01650520833333336 0.014082407407407412
4 0.976640625 0.4043587962962963 0.012541666666666748 0.03403240740740741
4 0.98984375 0.4108134259259259 0.007260416666666695 0.028163888888888867
2 0.9895104166666667 0.41726712962962964 0.06072916666666674 0.09036018518518518
4 0.8208567708333333 0.4237217592592593 0.01122395833333331 0.014082407407407412
4 0.8010520833333333 0.4219615740740741 0.008583333333333342 0.010562037037037073
0 0.8178854166666667 0.4143337962962963 0.046208333333333344 0.06806388888888891
