3 0.6033541666666666 0.13151759259259257 0.01584375000000004 0.023470370370370357
3 0.5637473958333333 0.1297574074074074 0.009244791666666667 0.015255555555555555
3 0.5492265624999999 0.1573351851851852 0.01320312500000007 0.018775925925925946
3 0.413575 0.16026898148148147 0.015182291666666655 0.024643518518518526
3 0.3908015625 0.18608564814814818 0.010561458333333284 0.017602777777777773
3 0.3455848958333333 0.1866726851851852 0.012541666666666687 0.01877685185185185
3 0.3297424479166667 0.1461865740740741 0.013861979166666672 0.019949074074074064
4 0.8261354166666667 0.4436717592592593 0.012541666666666628 0.009387962962962973
1 0.8244869791666666 0.44719166666666665 0.02376562499999994 0.05398148148148144
4 0.9984244791666667 0.4424981481481482 0.005942708333333376 0.025816666666666672
4 0.9852213541666667 0.43369675925925927 0.011223958333333428 0.03637870370370369
2 0.9931432291666666 0.45012592592592593 0.054786458333333364 0.08566666666666665
4 0.2498703125 0.5856662037037037 0.008581249999999999 0.014082407407407464
4 0.22445651041666667 0.5897736111111112 0.010561979166666664 0.012908333333333362
4 0.13468307291666667 0.6789601851851853 0.009241145833333346 0.01056111111111117
4 0.13237265625 0.697149537037037 0.013861979166666672 0.014082407407407358
4 0.11058932291666666 0.7012569444444445 0.009901562499999997 0.017602777777777853
4 0.7739895833333333 0.5575018518518519 0.008583333333333342 0.011735185185185166
4 0.7980833333333334 0.5533949074074075 0.00791666666666669 0.012908333333333258
0 0.12379140625000001 0.6836541666666668 0.048186979166666685 0.06454351851851851
0 0.23237760416666664 0.5815587962962963 0.05412812499999999 0.09740092592592592
0 0.7796015625 0.5440064814814816 0.04884895833333332 0.08566666666666665
