4 0.34393463541666663 0.33453472222222225 0.029044270833333326 0.021123148148148137
4 0.4941072916666666 0.3538981481481482 0.012541666666666687 0.019949999999999992
4 0.44922057291666667 0.3585921296296296 0.0165026041666667 0.02229722222222224
4 0.40895442708333335 0.46127407407407406 0.007260937500000016 0.04694074074074077
4 0.36901848958333333 0.39086342592592593 0.011881770833333328 0.061023148148148125
4 0.34657499999999997 0.38910324074074076 0.017162499999999997 0.048113888888888914
4 0.32215130208333337 0.38558287037037037 0.007921354166666639 0.059849074074074075
4 0.3455848958333333 0.4366300925925926 0.02574375 0.021123148148148137
4 0.2779244791666667 0.45481990740740746 0.009241666666666622 0.048113888888888914
2 0.3426143229166667 0.4102263888888889 0.1478619791666667 0.1912824074074074
4 0.6611119791666666 0.4577537037037037 0.027067708333333346 0.025816666666666672
1 0.6710130208333333 0.44836574074074076 0.04950520833333331 0.11500370370370372
4 0.3023484375 0.5340314814814815 0.017162499999999997 0.03051111111111111
4 0.31489010416666663 0.5557416666666667 0.009241666666666681 0.02464444444444443
4 0.28155520833333336 0.5604356481481483 0.01914270833333334 0.02229722222222224
4 0.5320625 0.34744351851851857 0.01584374999999998 0.018775925925925894
4 0.5063192708333334 0.3345351851851852 0.01320208333333337 0.018775925925925946
4 0.49674765625 0.5445930555555555 0.013861979166666672 0.0328583333333333
4 0.4594520833333333 0.5381388888888889 0.03036458333333331 0.01994999999999994
4 0.4561513020833334 0.5663032407407408 0.029044270833333326 0.02229722222222224
4 0.7360338541666667 0.7863365740740741 0.025088541666666703 0.02816388888888892
4 0.47694453125 0.7094717592592593 0.020463020833333328 0.03168425925925931
4 0.6406484375 0.6648782407407408 0.015182291666666596 0.01760277777777775
4 0.6465911458333333 0.6983231481481482 0.020463541666666647 0.02581666666666662
4 0.6852057291666667 0.7018439814814815 0.013203124999999953 0.025817592592592628
4 0.40796406249999995 0.6191111111111112 0.03036458333333337 0.03168518518518521
4 0.36274739583333326 0.5903601851851852 0.015182291666666655 0.028164814814814823
0 0.5195221354166667 0.3316013888888889 0.052809895833333384 0.08566574074074075
0 0.4644026041666667 0.34275000000000005 0.0957145833333333 0.16194444444444442
0 0.466053125 0.5005870370370371 0.08845312499999997 0.1772
0 0.2874958333333333 0.5375523148148148 0.06931041666666665 0.11500462962962968
0 0.3934419270833333 0.5733444444444444 0.09241406249999998 0.14199444444444448
0 0.45483124999999996 0.6877615740740741 0.08977395833333332 0.11735092592592596
0 0.6578125 0.6795472222222223 0.08383333333333336 0.12439259259259254
0 0.7482447916666667 0.7540652777777778 0.12476041666666676 0.2335287037037037
