4 0.3191807291666667 0.34626990740740743 0.03234479166666671 0.021123148148148137
4 0.385190625 0.4565800925925926 0.008581249999999999 0.0868398148148148
4 0.3452546875 0.40494537037037037 0.010561458333333343 0.06571666666666666
4 0.3228111979166666 0.3949708333333333 0.022443229166666672 0.07393055555555553
4 0.29706744791666667 0.3984912037037037 0.010561979166666664 0.06454351851851851
4 0.2518505208333333 0.45716666666666667 0.011221875000000025 0.07627777777777772
2 0.32017083333333335 0.4260689814814815 0.1544635416666667 0.2018435185185185
1 0.5875104166666667 0.420787962962963 0.05016666666666675 0.1044425925925926
4 0.6053333333333333 0.7481976851851851 0.02376041666666661 0.024643518518518526
4 0.5687005208333334 0.7393962962962963 0.009901041666666662 0.0352055555555555
4 0.4360184895833334 0.41374675925925924 0.029704687500000007 0.01760277777777775
4 0.4393190104166667 0.43839074074074075 0.029704687500000007 0.022296296296296283
4 0.40235338541666665 0.4172675925925926 0.013861979166666672 0.02933703703703701
4 0.786859375 0.7910305555555556 0.019802083333333324 0.03051111111111111
4 0.7251432291666667 0.7863365740740741 0.016505208333333243 0.0328583333333333
4 0.2558111979166667 0.657250462962963 0.016502604166666667 0.030512037037037015
0 0.29310703125 0.6355402777777778 0.10297552083333332 0.15607685185185186
0 0.43172786458333334 0.3785416666666667 0.08185260416666662 0.15607777777777782
0 0.5980729166666667 0.7182726851851853 0.08185416666666671 0.12908611111111112
0 0.7624375000000001 0.7523046296296297 0.13862500000000005 0.23235555555555554
4 0.3221513020833333 0.4536462962962963 0.027724479166666663 0.02699074074074072
