4 0.20201328124999998 0.38558287037037037 0.022443229166666672 0.01994907407407409
1 0.19739244791666669 0.39321018518518525 0.043566145833333327 0.09622777777777777
4 0.47529427083333337 0.292875 0.023763541666666714 0.015255555555555555
4 0.5257916666666667 0.37326064814814813 0.007260416666666695 0.06806388888888885
4 0.4931171875 0.33864212962962964 0.010561458333333343 0.05280833333333335
4 0.47529427083333337 0.33042777777777776 0.010561458333333284 0.055155555555555597
4 0.45780156250000004 0.3368819444444444 0.008581249999999999 0.05163425925925925
4 0.4251268229166667 0.3521375 0.006600520833333334 0.03285833333333336
4 0.4749643229166667 0.37091342592592597 0.024423437500000016 0.021123148148148137
2 0.4746346354166667 0.3550717592592592 0.11089739583333333 0.14903611111111112
4 0.38816119791666664 0.4424981481481482 0.019802604166666644 0.023470370370370384
4 0.6317369791666666 0.7787087962962963 0.018484375000000004 0.024643518518518526
4 0.5984036458333333 0.7869236111111112 0.020463541666666647 0.024643518518518422
4 0.6634218749999999 0.5886 0.026406249999999905 0.019950000000000048
4 0.6277760416666667 0.5533944444444444 0.014520833333333271 0.0340314814814815
0 0.39872291666666665 0.42078796296296295 0.0805322916666667 0.11852407407407405
0 0.6561614583333333 0.5416592592592593 0.08185416666666671 0.14668888888888887
0 0.6165546874999999 0.7611060185185186 0.07260937500000005 0.11148425925925928
