4 0.34327447916666665 0.5440064814814816 0.03036458333333331 0.02699074074074072
1 0.350865625 0.5275773148148148 0.04686666666666669 0.09740092592592592
4 0.4449299479166666 0.4178541666666667 0.022443229166666672 0.014082407407407412
4 0.4459197916666666 0.43839074074074075 0.02178333333333331 0.017601851851851844
4 0.12511171875 0.3098912037037037 0.009901562499999997 0.01877685185185185
4 0.7535260416666667 0.6331935185185185 0.01121874999999998 0.01994999999999994
4 0.7314140625000001 0.619111574074074 0.026401041666666694 0.01760277777777775
4 0.7264635416666666 0.6431680555555556 0.01782291666666668 0.021123148148148137
4 0.49443723958333335 0.4536462962962963 0.015842187500000014 0.019949999999999992
4 0.46143229166666666 0.44601851851851854 0.007920833333333318 0.018775925925925946
4 0.5406458333333333 0.5897736111111112 0.02112499999999997 0.024643518518518526
4 0.5066489583333333 0.579212037037037 0.01914270833333334 0.019950000000000048
4 0.49839791666666666 0.5974013888888889 0.019803124999999967 0.021123148148148137
0 0.7340546875 0.6232185185185186 0.0633697916666667 0.1009222222222222
0 0.49014687500000004 0.44249768518518523 0.07459166666666667 0.12908611111111118
0 0.5251315104166666 0.5668902777777778 0.09439322916666662 0.11031018518518518
0 0.110259375 0.2917018518518519 0.04620729166666668 0.06923703703703706
0 0.43766875000000005 0.4090532407407408 0.056768749999999986 0.09505462962962968
