4 0.3538359375 0.19723425925925925 0.023763541666666655 0.01642962962962963
4 0.6089661458333333 0.1186087962962963 0.020463541666666647 0.014082407407407412
4 0.628109375 0.15322731481481483 0.012541666666666628 0.059849074074074075
4 0.6069843749999999 0.15557500000000002 0.005937499999999929 0.05046111111111113
4 0.5868515625 0.14970740740740743 0.01320312500000007 0.0621962962962963
2 0.6036848958333332 0.17200416666666668 0.08647395833333332 0.13260648148148152
1 0.34888541666666667 0.20192824074074073 0.03894583333333337 0.07979907407407405
4 0.754515625 0.5633699074074073 0.009239583333333337 0.021123148148148137
4 0.7829010416666667 0.5756916666666667 0.01584375000000004 0.01994999999999994
4 0.45516119791666665 0.5381388888888889 0.01650260416666664 0.022296296296296335
4 0.4977377604166667 0.5375523148148148 0.014522395833333293 0.021123148148148137
4 0.5251328125 0.5709976851851852 0.01122395833333331 0.01760277777777775
4 0.5360234374999999 0.5874263888888889 0.009244791666666667 0.02229722222222224
4 0.5092893229166666 0.598574537037037 0.020463020833333328 0.021123148148148137
4 0.8518828125 0.5563287037037038 0.020463541666666647 0.023470370370370437
0 0.5132505208333333 0.5792115740740741 0.06403020833333338 0.1020953703703703
0 0.7792708333333334 0.5569152777777777 0.06403125000000003 0.09505462962962963
0 0.8499010416666666 0.5334449074074075 0.08779166666666664 0.16077129629629633
0 0.4686932291666667 0.5211231481481482 0.09505416666666668 0.16663888888888892
