1 0.2581216145833333 0.4577537037037037 0.042246354166666666 0.09153333333333333
4 0.05745138020833333 0.4618606481481482 0.021123281250000004 0.07158425925925929
4 0.027416796875 0.4612740740740741 0.008581302083333334 0.05398148148148149
4 0.003653200520833333 0.45599351851851855 0.008581307291666666 0.05750185185185183
3 0.028406927083333332 0.42020092592592595 0.02640395833333333 0.023470370370370384
2 0.03929864583333333 0.490025 0.10099541666666666 0.17250555555555555
4 0.49740781249999994 0.4935453703703704 0.012541666666666687 0.015255555555555555
4 0.46242239583333333 0.4923722222222222 0.011221875000000025 0.01760185185185195
4 0.23600807291666664 0.4712490740740741 0.013861979166666672 0.01056111111111117
4 0.21323489583333333 0.4677282407407408 0.007920833333333318 0.0176027777777778
4 0.7967630208333333 0.6695722222222222 0.01320312500000007 0.017601851851851844
4 0.7568281250000001 0.6683986111111111 0.01782291666666668 0.022297222222222135
4 0.7439531249999999 0.6390606481481482 0.014520833333333271 0.017602777777777853
4 0.7898333333333334 0.2981564814814815 0.008583333333333342 0.018775925925925946
4 0.7713489583333333 0.2946356481481482 0.01121874999999998 0.011734259259259262
4 0.34294427083333334 0.5739310185185186 0.012541666666666687 0.016428703703703647
4 0.29970781250000006 0.579212037037037 0.01320208333333337 0.015255555555555555
4 0.4224861979166667 0.5222967592592593 0.011881770833333328 0.014082407407407358
4 0.4033434895833333 0.5088009259259261 0.014522395833333352 0.015255555555555555
4 0.3974026041666667 0.5269907407407408 0.01320208333333331 0.016429629629629655
0 0.484865625 0.47476944444444447 0.06931041666666668 0.12321851851851849
0 0.40895442708333335 0.5082148148148149 0.054788020833333326 0.07745185185185188
0 0.23171770833333336 0.4595138888888889 0.05412812499999999 0.08566666666666665
0 0.31687057291666665 0.501173611111111 0.062049479166666664 0.1009212962962963
0 0.7743203125000001 0.2834875 0.042244791666666615 0.06454351851851851
0 0.7657395833333334 0.6455152777777778 0.08053124999999994 0.11031018518518518
0 0.32017109374999997 0.5639564814814816 0.09637447916666672 0.15138333333333337
