3 0.44360963541666665 0.20075462962962964 0.09637447916666667 0.18072037037037036
4 0.8119453124999999 0.4647949074074075 0.013203124999999953 0.014082407407407412
1 0.8086458333333333 0.4665546296296297 0.021125000000000088 0.045766666666666615
4 0.7640859375 0.7839893518518518 0.009901041666666662 0.01642870370370375
4 0.9720182291666667 0.44191111111111114 0.015182291666666596 0.010561111111111117
4 0.9835703124999999 0.4630342592592593 0.006598958333333371 0.03872592592592594
4 0.9710286458333334 0.46186111111111106 0.006598958333333371 0.03168518518518516
4 0.9568359375 0.45834027777777786 0.011223958333333428 0.036378703703703746
2 0.9670677083333333 0.4735958333333333 0.05544791666666669 0.07627870370370368
4 0.4594520833333333 0.5856662037037037 0.010561458333333343 0.014082407407407464
4 0.8914869791666667 0.5533949074074075 0.008578125000000015 0.012908333333333258
4 0.9027083333333333 0.5657166666666666 0.012541666666666628 0.014081481481481454
4 0.8852161458333333 0.5604356481481483 0.006598958333333371 0.010562037037037073
0 0.8980885416666666 0.5569152777777777 0.03630208333333336 0.05515462962962964
0 0.7822421875000001 0.7734277777777778 0.05808854166666665 0.11500370370370366
0 0.45912213541666663 0.5680638888888889 0.04422656249999998 0.09622777777777772
