4 0.5967526041666666 0.3503773148148149 0.02376562499999994 0.0176027777777778
4 0.5954322916666667 0.4336967592592593 0.025083333333333256 0.0176027777777778
4 0.5785989583333334 0.39790462962962964 0.01121874999999998 0.05398148148148149
4 0.6162265625000001 0.3990777777777778 0.01122395833333331 0.05398148148148149
4 0.5964218750000001 0.41492083333333335 0.008583333333333224 0.0176027777777778
2 0.5970833333333334 0.4160939814814815 0.11419791666666666 0.15607685185185186
4 0.43535833333333335 0.42665555555555557 0.024423958333333336 0.017601851851851844
1 0.43997916666666664 0.4290027777777778 0.04158645833333333 0.09270740740740738
4 0.5178697916666666 0.420787962962963 0.016499999999999973 0.019949999999999992
4 0.14788489583333334 0.9488703703703704 0.034325000000000015 0.02229629629629623
4 0.14920520833333334 0.9817268518518518 0.02244374999999999 0.029342592592592434
4 0.4564815104166667 0.46186064814814815 0.009901562500000042 0.01290833333333331
4 0.441959375 0.47711620370370367 0.016502083333333317 0.017602777777777853
4 0.6974192708333333 0.47418287037037044 0.009901041666666662 0.021123148148148137
4 0.6881770833333333 0.4583402777777778 0.013864583333333276 0.01760277777777775
4 0.6710130208333334 0.4735958333333333 0.013859375000000066 0.02229722222222224
0 0.14986510416666665 0.9482810185185184 0.06733020833333332 0.11969722222222225
0 0.6809140625 0.4606875 0.05082812500000008 0.0833194444444444
0 0.44360963541666665 0.470075462962963 0.05016718749999995 0.069237962962963
0 0.5310723958333332 0.4923722222222222 0.08251145833333329 0.11852407407407405
0 0.5211700520833333 0.3973175925925926 0.06534739583333338 0.11148333333333332
4 0.1756091145833333 0.9594305555555556 0.00924114583333333 0.02699074074074072
