3 0.56506875 0.15968206481481484 0.19407083333333333 0.30745994444444447
3 0.4634127604166667 0.18784629629629632 0.1835078125 0.25113148148148146
4 0.974328125 0.4530597222222222 0.01584375000000004 0.014082407407407412
1 0.9806015625000001 0.4565800925925926 0.029703124999999986 0.04928796296296296
4 0.27264375 0.5886000000000001 0.015842708333333306 0.015255555555555555
4 0.25779166666666664 0.578625 0.008581249999999999 0.011735185185185166
4 0.25152057291666663 0.5891865740740742 0.007921354166666669 0.016428703703703647
4 0.3139 0.5651300925925926 0.011221875000000025 0.012908333333333362
4 0.03797838541666666 0.5269907407407408 0.015182291666666665 0.014081481481481454
4 0.6023645833333333 0.8309300925925927 0.021781249999999967 0.016428703703703647
4 0.6201875 0.8420782407407408 0.008583333333333342 0.017602777777777853
4 0.5993932291666667 0.8491189814814815 0.013203124999999953 0.01760277777777775
4 0.4703434895833334 0.8156745370370371 0.009901562500000042 0.016428703703703647
4 0.4360184895833333 0.8186083333333334 0.009901562499999983 0.02229629629629623
4 0.8281171875000001 0.5651300925925926 0.016505208333333243 0.012908333333333362
4 0.84528125 0.5686504629629631 0.008583333333333342 0.012908333333333362
4 0.8264687500000001 0.578038425925926 0.014520833333333271 0.012908333333333258
0 0.8307578124999999 0.5575023148148148 0.04554687500000002 0.06806388888888891
0 0.6059947916666667 0.8297564814814815 0.0488437500000001 0.07745185185185188
0 0.4518609375 0.7992449074074075 0.07591145833333333 0.1361268518518518
0 0.30795911458333336 0.5481138888888889 0.04818697916666667 0.0985740740740741
0 0.268353125 0.5616092592592593 0.049507291666666654 0.09270740740740743
0 0.03797838541666666 0.5129087962962963 0.040266145833333336 0.058675000000000026
