1 0.8977578125 0.6361268518518519 0.06469270833333335 0.13143333333333332
0 0.5079703124999999 0.41668055555555555 0.07063229166666662 0.1009222222222222
0 0.7568255208333333 0.7077111111111111 0.12740104166666674 0.2088851851851852
0 1.0013932291666667 0.775775 0.07525520833333334 0.21592592592592597
2 0.31224973958333335 0.47887685185185186 0.15578385416666668 0.2182722222222222
4 0.31357005208333333 0.4002513888888889 0.03168489583333335 0.025817592592592628
4 0.3152203125 0.5105615740740741 0.028384374999999965 0.0328583333333333
4 0.2891463541666667 0.4577537037037037 0.014521874999999972 0.06571666666666666
4 0.316540625 0.4530592592592593 0.015182291666666655 0.07275740740740738
4 0.3406338541666667 0.4589273148148148 0.01320208333333337 0.06806388888888885
4 0.38420078125 0.5240569444444445 0.011881770833333328 0.07627870370370368
4 0.24161901041666667 0.5222967592592593 0.011881770833333328 0.07510462962962958
4 0.3482252604166666 0.7118189814814815 0.03630572916666666 0.03637870370370369
4 0.3072989583333333 0.678373611111111 0.015182291666666714 0.0328583333333333
0 0.34591484375000003 0.6637046296296296 0.09373385416666663 0.16311851851851852
4 0.7188723958333334 0.7247273148148149 0.01716145833333336 0.03168425925925931
4 0.7802604166666666 0.7329421296296297 0.019802083333333324 0.029337962962962913
4 0.5016981770833334 0.4160939814814815 0.029044270833333326 0.02229722222222224
4 0.5274427083333334 0.4342833333333333 0.01584375000000004 0.025816666666666672
4 0.49641744791666664 0.4378041666666667 0.018482812499999984 0.021123148148148137
