3 0.37957994791666666 0.14853375462962964 0.17690677083333337 0.2992454537037037
4 0.9888515625 0.42665555555555557 0.011880208333333305 0.03637962962962965
2 1.0010651041666667 0.44249814814814814 0.06139062500000006 0.08214629629629626
4 0.8489114583333333 0.43545694444444444 0.014520833333333271 0.014082407407407412
1 0.8475911458333333 0.4360435185185186 0.021119791666666762 0.045766666666666664
4 0.006623640182291667 0.6144175925925925 0.013201990468750001 0.015255555555555555
4 0.2554809895833333 0.6062027777777779 0.011881770833333328 0.015255555555555555
4 0.23072734374999998 0.6020953703703703 0.007260937499999986 0.014081481481481454
4 0.15184557291666667 0.6308462962962963 0.01716302083333332 0.012909259259259266
4 0.1657078125 0.6361273148148148 0.010561458333333343 0.014082407407407358
4 0.14821484375 0.6437546296296297 0.013861979166666672 0.015255555555555555
4 0.9033697916666666 0.6543166666666668 0.012541666666666628 0.015255555555555555
4 0.6264583333333335 0.4665550925925926 0.010562499999999985 0.012908333333333362
4 0.9601380208333334 0.9594305555555556 0.013859374999999948 0.01995370370370366
4 0.9370338541666666 0.9400648148148149 0.027067708333333346 0.02581481481481481
0 -0.003937942708333333 0.5844930555555556 0.054128177083333326 0.09388055555555552
0 0.9030390625 0.6402342592592593 0.052807291666666596 0.09974814814814811
0 0.9393437499999999 0.9424125 0.06468750000000002 0.09387870370370371
0 0.6248072916666667 0.45540694444444446 0.028385416666666666 0.04459351851851847
0 0.2498703125 0.5921208333333333 0.05214791666666665 0.09505462962962972
0 0.15547630208333332 0.6267388888888888 0.04026614583333335 0.05398148148148155
