3 0.0095940859375 0.44132453703703706 0.020463078124999996 0.01877685185185185
1 0.24590989583333334 0.43545694444444444 0.04290625 0.08214537037037041
4 0.03401778645833333 0.4829842592592593 0.02046307291666666 0.07393148148148154
4 0.004973401041666667 0.48533101851851856 0.007261114583333333 0.06219537037037042
2 0.02345625 0.5105615740740741 0.09571458333333333 0.1736787037037037
4 0.5634166666666667 0.558088888888889 0.012541666666666628 0.015255555555555555
4 0.5257942708333333 0.5563287037037038 0.009901041666666662 0.018775925925925946
4 0.43535833333333335 0.5375523148148148 0.009901041666666662 0.01642870370370375
4 0.4297473958333333 0.559849074074074 0.01320208333333331 0.01877592592592584
4 0.40499375 0.5604356481481482 0.008581249999999999 0.01760277777777775
4 0.6366875000000001 0.5181893518518519 0.007260416666666695 0.019949074074074143
4 0.6185364583333334 0.509387962962963 0.014520833333333271 0.01408148148148156
4 0.6165546875000001 0.5275777777777779 0.011880208333333305 0.015255555555555555
4 0.38717109375000003 0.5692370370370371 0.009901562499999983 0.016429629629629655
4 0.3475651041666667 0.5721708333333334 0.013862499999999993 0.019949074074074036
4 0.43865885416666667 0.6167643518518519 0.01782291666666668 0.019949074074074143
4 0.44657994791666666 0.6378875 0.013861979166666672 0.015256481481481565
4 0.4165455729166666 0.6279125000000001 0.00924114583333336 0.014082407407407358
0 0.42842734375 0.617350925925926 0.050167187500000016 0.07979814814814816
0 0.5498846354166667 0.5369652777777778 0.07920989583333332 0.13730092592592602
0 0.62315625 0.5099750000000001 0.04753125 0.08566666666666671
0 0.42479661458333334 0.5475268518518518 0.06006927083333332 0.09270740740740732
0 0.36109713541666666 0.5563287037037038 0.08317239583333334 0.14551481481481487
0 0.35350598958333335 0.3216263888888889 0.054788020833333326 0.09153425925925929
