3 0.2551513020833333 0.04585143518518518 0.016502604166666667 0.06336953703703703
4 0.6059947916666667 0.3632856481481482 0.02112499999999997 0.01760277777777775
1 0.601703125 0.36915324074074074 0.031020833333333303 0.07158425925925929
4 0.7687083333333333 0.30871805555555554 0.01782291666666668 0.014082407407407412
4 0.78653125 0.3380555555555556 0.00990624999999999 0.05632777777777778
4 0.7683776041666666 0.3404023148148148 0.006598958333333253 0.04459351851851852
4 0.7498958333333334 0.33746898148148147 0.013197916666666623 0.05515462962962964
2 0.7657395833333334 0.35800509259259256 0.07657291666666666 0.11500462962962962
4 0.4759544270833333 0.5639564814814815 0.014522395833333352 0.019950000000000048
4 0.4465802083333333 0.5522208333333334 0.008581249999999999 0.01760277777777775
4 0.3746291666666667 0.6202847222222223 0.020463541666666647 0.024643518518518526
4 0.3353533854166667 0.6267393518518519 0.015842187500000014 0.021123148148148137
4 0.36472786458333334 0.5258171296296296 0.020463020833333328 0.014082407407407358
4 0.39047161458333335 0.5639564814814816 0.009901562499999983 0.015255555555555555
4 0.3809002604166667 0.5827324074074075 0.015842187500000014 0.015255555555555555
4 0.9858828125 0.7194462962962963 0.009901041666666662 0.02581666666666662
4 0.6588020833333333 0.4953060185185186 0.011885416666666633 0.01877685185185185
4 0.6749765624999999 0.5129087962962963 0.015182291666666596 0.021123148148148137
4 0.6498906249999999 0.5088013888888889 0.008583333333333342 0.01760277777777775
0 1.0070052083333334 0.7088847222222223 0.06403125000000003 0.14082129629629628
0 0.38089999999999996 0.5651296296296296 0.04356666666666668 0.06219629629629632
0 0.36736822916666667 0.5217097222222222 0.03894583333333337 0.06454351851851851
0 0.6696953125 0.4947194444444445 0.054786458333333364 0.08097222222222226
0 0.4706736979166667 0.5445935185185186 0.06469010416666669 0.12673888888888893
0 0.3561463541666666 0.5927074074074075 0.07855208333333336 0.12439259259259264
