3 0.57496875 0.15968196296296294 0.16106249999999994 0.3027657037037037
3 0.35185572916666674 0.2083824074074074 0.02244374999999999 0.03872592592592594
4 0.990171875 0.44484490740740745 0.011885416666666633 0.037552777777777796
2 1.0000729166666666 0.4618611111111111 0.05677083333333333 0.07627777777777778
4 0.005963533854166666 0.7575856481481482 0.010561578124999998 0.022297222222222135
4 0.8786145833333333 0.4524726851851852 0.01452083333333339 0.012908333333333362
1 0.022796088098958334 0.7481976851851851 0.04554688630208333 0.07862499999999997
1 0.8769635416666667 0.4565800925925926 0.02310416666666673 0.04928796296296296
4 0.15745625000000002 0.6742666666666668 0.011221874999999996 0.015255555555555555
4 0.13072213541666666 0.6713324074074074 0.01848281250000001 0.01408148148148156
4 0.25779140624999997 0.6308462962962964 0.009901562499999983 0.015255555555555555
4 0.23171770833333336 0.6284995370370371 0.009241666666666652 0.012908333333333362
4 0.25350104166666665 0.47711666666666663 0.010561458333333313 0.012909259259259214
4 0.8746536458333334 0.7229671296296296 0.011880208333333305 0.01642870370370375
4 0.8515494791666666 0.7176861111111112 0.018484375000000004 0.015255555555555555
4 0.8492395833333333 0.7317680555555557 0.01782291666666668 0.017602777777777853
4 0.7782786458333334 0.7141657407407408 0.01320312500000007 0.015255555555555555
4 0.8093046875 0.5897736111111112 0.011880208333333305 0.012908333333333362
4 0.8020442708333333 0.5733444444444444 0.009244791666666667 0.012909259259259266
4 0.9637682291666666 0.9688194444444443 0.01583854166666671 0.01995370370370366
4 0.9459453125 0.9394796296296297 0.01320312500000007 0.02933703703703701
0 0.9561770833333333 0.9465208333333335 0.06535416666666667 0.08801388888888885
0 0.8565026041666667 0.7129925925925925 0.060067708333333414 0.08097222222222217
0 0.8102942708333333 0.5768648148148149 0.03366145833333327 0.05280740740740734
0 0.7812526041666668 0.7012569444444444 0.05610937499999989 0.11617685185185186
0 0.251190625 0.47066203703703713 0.028384375000000024 0.04224629629629633
0 0.24590989583333334 0.6191111111111112 0.05610833333333331 0.1044425925925926
0 0.1389734375 0.6466888888888889 0.05874895833333333 0.09153333333333333
