4 0.9961145833333332 0.3709138888888889 0.010562499999999985 0.028164814814814823
2 1.0040338541666667 0.3803018518518519 0.05280729166666672 0.07745185185185188
4 0.9294427083333333 0.3767814814814815 0.013197916666666741 0.011735185185185218
1 0.9357135416666666 0.37854166666666667 0.027062500000000017 0.04342037037037038
4 0.8205260416666665 0.49061203703703704 0.010562499999999985 0.011735185185185166
4 0.8561718749999999 0.6085499999999999 0.01584374999999992 0.015255555555555555
4 0.8769661458333333 0.6120703703703705 0.009901041666666662 0.015255555555555555
4 0.8518802083333333 0.6214583333333333 0.016500000000000032 0.015255555555555555
4 0.6485703125000001 0.39614444444444447 0.005942708333333376 0.010561111111111117
4 0.639 0.3885162037037037 0.010562499999999985 0.00938796296296292
4 0.6370182291666667 0.3967310185185185 0.00792187500000002 0.009387962962962973
4 0.9571666666666666 0.8661351851851852 0.010562500000000105 0.016429629629629655
4 0.20432343749999998 0.5686504629629631 0.015182291666666655 0.012908333333333362
4 0.21026458333333334 0.578625462962963 0.008581249999999999 0.014082407407407358
4 0.1914515625 0.5803856481481482 0.010561458333333343 0.012908333333333362
4 0.2914567708333333 0.5357921296296296 0.008581249999999999 0.012908333333333362
4 0.2670328125 0.5416592592592593 0.012541666666666687 0.015255555555555555
4 0.005633486979166667 0.7728412037037037 0.012541880208333333 0.015256481481481565
4 0.004643330729166667 0.7980712962962964 0.010561567708333334 0.023470370370370332
1 0.10464843750000001 0.6402342592592593 0.040265625 0.07627777777777778
4 0.08880598958333333 0.6478624999999999 0.007260937500000001 0.021123148148148137
0 0.9568359375 0.8479458333333334 0.05082812500000008 0.07627870370370368
0 -0.007238463541666666 0.784575925925926 0.05544838541666666 0.08097222222222226
0 0.19805260416666665 0.5663032407407408 0.040926041666666683 0.05984907407407413
0 0.2752841145833333 0.5305111111111112 0.055448437499999975 0.09622777777777772
0 0.6426302083333333 0.3926236111111111 0.029708333333333312 0.03637870370370369
0 0.8624427083333333 0.6003351851851852 0.053468750000000044 0.07158333333333339
0 0.8215182291666667 0.4812240740740741 0.04554687500000002 0.08449259259259255
3 0.6343776041666667 0.08223027777777778 0.01320312500000007 0.01877611111111111
3 0.5944427083333332 0.13621157407407408 0.012541666666666628 0.021123148148148137
3 0.45714166666666667 0.11626203703703702 0.013862499999999993 0.02347037037037037
3 0.38156015625 0.1813916666666667 0.014522395833333352 0.022296296296296307
