1 0.4162153645833333 0.5445930555555555 0.05346822916666666 0.09857500000000001
4 0.3960825520833333 0.5504611111111112 0.011881770833333328 0.0352055555555556
0 0.4805744791666666 0.4096398148148149 0.08185104166666667 0.13377962962962966
0 0.5317333333333333 0.5058675925925926 0.09307499999999998 0.16898518518518527
0 0.6693645833333334 0.6320199074074074 0.07657291666666666 0.10913611111111109
0 0.32644192708333336 0.5962282407407408 0.0693109375 0.11735092592592596
0 0.3775997395833333 0.6261523148148148 0.09637447916666667 0.1701583333333333
0 0.8069947916666665 0.20720925925925926 0.05214583333333339 0.07627777777777778
4 0.5079692708333333 0.5293375000000001 0.013862499999999993 0.025817592592592524
4 0.5521979166666665 0.5369657407407408 0.01782291666666668 0.026990740740740825
4 0.31257994791666666 0.5974013888888889 0.01650260416666664 0.025817592592592628
4 0.3013580729166667 0.6150041666666667 0.012542187500000008 0.025817592592592524
4 0.8175572916666667 0.20427546296296298 0.016500000000000032 0.01877685185185185
4 0.8238255208333333 0.21953101851851853 0.011880208333333423 0.01877685185185185
4 0.8007239583333332 0.21659722222222225 0.01584374999999992 0.01995000000000002
4 0.3908015625 0.676026388888889 0.027723958333333285 0.0328583333333333
4 0.46737317708333337 0.4278291666666667 0.018482812499999984 0.019949074074074036
4 0.5079692708333333 0.4172675925925926 0.012541666666666687 0.019950000000000048
4 0.6522005208333332 0.6126569444444444 0.014526041666666718 0.023469444444444428
4 0.6564921874999999 0.6466888888888889 0.01650520833333336 0.025816666666666724
4 0.6911458333333333 0.647862037037037 0.01584375000000004 0.023470370370370332
