3 0.12082083333333334 0.02648852314814815 0.12277812500000002 0.05515499074074075
4 0.7096302083333333 0.36621990740740745 0.018479166666666675 0.0164287037037037
1 0.7182109375000001 0.3703268518518518 0.03696354166666668 0.06923703703703706
4 0.7878515625 0.30402361111111115 0.019140625 0.014082407407407412
4 0.8053437500000001 0.3345351851851852 0.009239583333333337 0.05398148148148144
4 0.7865312499999999 0.33570879629629635 0.005937499999999929 0.04459351851851852
4 0.7680494791666667 0.332187962962963 0.013859375000000066 0.05398148148148149
2 0.7835625 0.35272453703703704 0.07657291666666666 0.118525
4 0.49146666666666666 0.5604356481481482 0.015182291666666655 0.01760277777777775
4 0.3733091145833333 0.617937962962963 0.023103645833333353 0.01994999999999994
4 0.3406338541666667 0.6009217592592593 0.01320208333333337 0.021123148148148137
4 0.18848098958333334 0.5246435185185185 0.01782239583333333 0.011735185185185166
4 0.19409192708333334 0.539312962962963 0.011881770833333328 0.015255555555555555
4 0.6759661458333334 0.49061203703703704 0.013203124999999953 0.01642962962962955
4 0.6931276041666665 0.5093884259259259 0.014526041666666718 0.021123148148148245
4 0.6670520833333333 0.5029337962962963 0.008583333333333342 0.015256481481481565
0 0.6868567708333333 0.4917856481481482 0.05478645833333324 0.08214537037037035
0 0.49113671875000003 0.5404861111111111 0.05808906250000003 0.12791296296296292
0 0.36439765625 0.5803856481481482 0.06997031250000003 0.11852500000000006
0 0.18551067708333333 0.5234703703703704 0.04620677083333333 0.07041111111111109
