3 0.4393190104166667 0.10335337962962964 0.019143229166666664 0.04459324074074073
3 0.42809713541666666 0.11684861111111111 0.020463020833333328 0.04107314814814816
3 0.5139109375 0.01240639351851852 0.023105208333333314 0.02699073148148148
1 0.9994114583333332 0.3204527777777778 0.035645833333333245 0.05398148148148144
4 0.636359375 0.4706620370370371 0.009239583333333337 0.016429629629629655
4 0.37297890625 0.6601842592592593 0.014522395833333352 0.019950000000000048
4 0.29046640625000003 0.686588425925926 0.014522395833333293 0.021123148148148137
4 0.3139 0.7047777777777778 0.02178333333333337 0.022296296296296335
4 0.28188515624999994 0.7036041666666666 0.011881770833333328 0.02229722222222224
0 0.36439765625 0.6384740740740741 0.0726109375 0.14316851851851858
0 0.30564895833333333 0.6707458333333334 0.07393125000000005 0.13260648148148152
0 0.6281067708333333 0.44953935185185184 0.05610937500000001 0.10561574074074069
