1 0.5340432291666667 0.12212958333333333 0.03168437499999997 0.07275749999999999
4 0.53734375 0.11919583333333332 0.02376041666666667 0.017602777777777773
2 0.7208515624999999 0.10570037037037038 0.08184895833333326 0.12439185185185185
3 0.7267942708333334 0.05347930555555556 0.02244270833333329 0.01525564814814815
4 0.706 0.08457726851851853 0.016499999999999914 0.05163435185185185
4 0.7452734375 0.08985819444444446 0.011880208333333305 0.057502129629629646
4 0.7244817708333334 0.08809759259259259 0.008578125000000015 0.04694
0 0.34360442708333333 0.6155907407407407 0.10099531250000003 0.1795462962962963
0 0.42116614583333334 0.46362129629629634 0.08185208333333331 0.15725
0 0.6680442708333333 0.45012592592592593 0.05808854166666665 0.09740185185185182
0 0.09837734375 0.7810555555555555 0.08317239583333334 0.1396481481481482
4 0.36736796875 0.6155907407407407 0.020463020833333328 0.02699074074074072
4 0.3660479166666667 0.657250462962963 0.03102499999999999 0.03520462962962959
4 0.31489010416666663 0.6590106481481481 0.023763541666666714 0.03168425925925931
4 0.07659427083333334 0.7787087962962963 0.019803124999999994 0.03637870370370369
4 0.09111640625 0.8051125000000001 0.027724479166666663 0.02816388888888892
4 0.41291510416666666 0.4829842592592593 0.01782291666666668 0.01994999999999994
4 0.4515307291666667 0.4753564814814815 0.009241666666666681 0.023470370370370332
4 0.6502213541666667 0.46479490740740736 0.01583854166666671 0.025817592592592576
