3 0.6469192708333333 0.22070462962962964 0.011880208333333305 0.01642962962962963
3 0.6056640625 0.15088055555555555 0.011223958333333428 0.019949999999999992
3 0.5611093749999999 0.17435092592592594 0.010562499999999985 0.015255555555555555
3 0.5271119791666666 0.16848333333333332 0.009901041666666662 0.01995000000000002
3 0.46143229166666666 0.16672314814814815 0.007920833333333318 0.014081481481481481
3 0.43139765625 0.1813916666666667 0.01254218749999995 0.022296296296296307
3 0.42479661458333334 0.19430046296296297 0.009901562499999983 0.012908333333333336
3 0.9888515625 0.4072925925925926 0.0145260416666666 0.011735185185185218
4 0.9997421875 0.4237217592592593 0.004619791666666729 0.025817592592592576
4 0.98753125 0.4278291666666667 0.0066041666666667 0.029337962962962965
4 0.9749895833333333 0.42430879629629636 0.011885416666666752 0.036378703703703746
2 0.9842317708333332 0.4395643518518519 0.05148437500000007 0.07862500000000003
4 0.7601276041666667 0.4125736111111111 0.01122395833333331 0.012908333333333362
1 0.7657395833333334 0.4155069444444444 0.025083333333333256 0.04459351851851852
4 0.7951119791666666 0.5604356481481482 0.015182291666666714 0.012908333333333362
4 0.6343802083333333 0.5322717592592592 0.010562500000000105 0.012908333333333258
4 0.16537760416666666 0.6478624999999999 0.01782291666666665 0.009387962962962973
4 0.16471744791666665 0.6637046296296297 0.013861979166666672 0.012909259259259266
4 0.33436328125 0.5123217592592593 0.007260937500000016 0.010562037037036969
4 0.32677187500000004 0.5228833333333333 0.010561458333333343 0.01056111111111117
4 0.18088984375 0.5903601851851852 0.00924114583333333 0.014081481481481454
4 0.1548161458333333 0.5962277777777777 0.011221874999999996 0.014081481481481454
0 0.16603776041666668 0.5809722222222223 0.05742864583333332 0.08683888888888884
0 0.16735807291666666 0.6466888888888889 0.03762552083333333 0.06102222222222222
0 0.3280921875 0.5140819444444444 0.03036458333333331 0.04928796296296296
0 0.6356979166666666 0.5246439814814815 0.04224999999999994 0.07979907407407406
0 0.79478125 0.5475268518518518 0.040927083333333295 0.05750185185185183
