4 0.7627682291666666 0.7329421296296297 0.029703124999999986 0.024643518518518526
4 0.7901614583333334 0.7118185185185185 0.014520833333333271 0.026990740740740825
4 0.7914817708333333 0.6502092592592593 0.013203124999999953 0.025816666666666724
4 0.4888265625 0.6502097222222223 0.012541666666666687 0.021123148148148137
4 0.459121875 0.6425814814814815 0.012541666666666628 0.022296296296296335
4 0.38816119791666664 0.3967310185185185 0.01320156249999999 0.01877685185185185
4 0.35185572916666663 0.3943842592592593 0.010561458333333343 0.018775925925925946
4 0.3142302083333333 0.8285828703703704 0.017162499999999997 0.032858333333333406
4 0.15778645833333335 0.49530601851851846 0.019803124999999994 0.023469444444444532
1 0.17230859375 0.47887685185185186 0.05280781250000001 0.09622777777777777
4 0.6462604166666668 0.2289189814814815 0.009239583333333337 0.0164287037037037
4 0.6251380208333333 0.22950555555555555 0.018484375000000004 0.015255555555555555
4 0.5819010416666667 0.6120699074074074 0.012541666666666628 0.024643518518518526
4 0.5393229166666667 0.6091365740740742 0.01584375000000004 0.025817592592592524
0 0.2960770833333333 0.8432518518518519 0.0759114583333333 0.11148333333333338
0 0.7743203125 0.6531430555555556 0.06469270833333335 0.09036018518518514
0 0.62546875 0.20310185185185187 0.053468750000000044 0.09622777777777777
0 0.7667291666666666 0.7036041666666666 0.08383333333333323 0.12556574074074073
0 0.37396901041666664 0.38206203703703706 0.07987239583333335 0.13495370370370371
0 0.47529453125000004 0.6232185185185186 0.062049479166666664 0.09622777777777772
0 0.55615546875 0.5886 0.09175156250000006 0.16546481481481481
