4 0.13171249999999998 0.5357916666666667 0.009901041666666647 0.02699074074074072
1 0.15085546875 0.5322712962962963 0.04818697916666666 0.09270740740740732
4 0.5878411458333334 0.253562962962963 0.019140625 0.016429629629629655
4 0.5030187500000001 0.6378875 0.019803125000000026 0.024643518518518526
4 0.8541901041666667 0.774601388888889 0.018484375000000004 0.025817592592592524
4 0.8205260416666665 0.7569990740740741 0.011885416666666633 0.023470370370370332
4 0.7865312499999999 0.7118189814814815 0.020458333333333318 0.024643518518518526
4 0.7713515624999999 0.6795472222222223 0.015182291666666596 0.023470370370370437
4 0.3115895833333333 0.4976532407407408 0.010561458333333284 0.021123148148148137
4 0.2729736979166667 0.5088013888888889 0.016502604166666667 0.02229722222222224
0 0.8406588541666666 0.7511314814814815 0.07723437499999998 0.1032685185185185
0 0.7845494791666667 0.6906953703703704 0.060067708333333296 0.1044425925925926
0 0.5878411458333334 0.22715879629629632 0.054786458333333364 0.09505462962962963
0 0.5066494791666667 0.6150041666666667 0.08251354166666669 0.15725092592592596
0 0.2822153645833333 0.4865046296296296 0.08383281249999996 0.14434259259259258
0 1.0046953125 0.7282481481481482 0.06865104166666676 0.13495370370370371
