3 0.6399895833333334 0.051718981481481484 0.01782291666666668 0.030511296296296297
3 0.6066536458333334 0.0528925462962963 0.009244791666666667 0.016429166666666665
3 0.5201815104166667 0.09103148148148148 0.014522395833333352 0.03403148148148149
3 0.40565390625 0.017100430555555556 0.04422656249999998 0.04107284259259259
3 0.3442645833333334 0.2089689814814815 0.013862500000000052 0.021123148148148137
3 0.45483124999999996 0.1790449074074074 0.017162499999999997 0.03168425925925928
3 0.44393958333333333 0.18843287037037038 0.01914270833333334 0.03637870370370369
3 0.6023619791666666 0.01123288888888889 0.02442187500000005 0.03168477777777778
4 0.9419843750000001 0.3609388888888889 0.017166666666666566 0.012909259259259266
4 0.6261276041666667 0.4900250000000001 0.008578125000000015 0.015255555555555555
4 0.3604372395833334 0.37560787037037036 0.011881770833333328 0.007041666666666684
4 0.3650578125 0.38558287037037037 0.009241666666666681 0.01056203703703702
4 0.350865625 0.3849962962962963 0.013862499999999993 0.011735185185185166
4 0.09375677083333332 0.529924537037037 0.010561458333333329 0.012908333333333362
4 0.08418515625 0.5451805555555557 0.013861979166666672 0.015255555555555555
4 0.39542239583333333 0.657250462962963 0.014521875000000031 0.01877685185185185
4 0.3442645833333334 0.6977365740740741 0.01914270833333334 0.019949074074074036
4 0.32248125 0.6813074074074075 0.012541666666666628 0.017601851851851844
4 0.31621015624999993 0.6977365740740741 0.011881770833333328 0.019949074074074036
1 0.9396744791666668 0.3650462962962963 0.028380208333333337 0.05398148148148144
0 0.38222031250000005 0.6320199074074074 0.06865000000000006 0.1396472222222222
0 0.33832369791666667 0.6595972222222223 0.07063072916666666 0.12673888888888882
0 0.08385520833333333 0.5357921296296297 0.04092604166666667 0.05984907407407413
0 0.35515625 0.3761949074074074 0.03168437500000003 0.04811388888888886
0 1.0096458333333334 0.8720027777777778 0.042906250000000055 0.07275740740740738
0 0.61490625 0.46772824074074076 0.05479166666666669 0.1020953703703704
