4 0.44625 0.3574185185185185 0.02640416666666668 0.019950000000000048
1 0.4495505208333333 0.36035231481481483 0.04092604166666671 0.09388055555555552
4 0.5997239583333334 0.2846606481481481 0.02310416666666673 0.0176027777777778
4 0.5980729166666666 0.3632856481481482 0.02376041666666661 0.01760277777777775
4 0.5815703125 0.32808055555555554 0.011880208333333305 0.05515555555555554
4 0.5997239583333334 0.32338657407407406 0.012541666666666628 0.05280833333333335
4 0.6175442708333333 0.3298412037037038 0.009901041666666662 0.04459351851851852
4 0.64725 0.3656328703703704 0.01121874999999998 0.06688981481481486
4 0.5492265624999999 0.34920416666666665 0.006598958333333253 0.048113888888888914
2 0.5990651041666666 0.34509675925925926 0.1115572916666667 0.14786203703703707
4 0.7568281250000001 0.7687337962962963 0.032343750000000074 0.025817592592592524
4 0.8333984375 0.6091365740740742 0.020463541666666647 0.025817592592592524
4 0.27495416666666667 0.617937962962963 0.01782291666666668 0.02699074074074072
4 0.22643697916666666 0.6167643518518519 0.017162499999999997 0.024643518518518526
4 0.17890989583333333 0.8426648148148148 0.03036458333333331 0.018775925925925946
4 0.17725937499999997 0.8714162037037038 0.023103125000000002 0.03168425925925931
4 0.3195109375 0.43017592592592596 0.017162499999999997 0.019949999999999992
4 0.29838749999999997 0.42841574074074074 0.010561458333333343 0.018775925925925894
0 0.17824973958333334 0.843838425925926 0.06600989583333332 0.11735092592592596
0 0.25284088541666666 0.6003351851851852 0.1122171875 0.1748537037037037
0 0.3112596354166667 0.41785462962962966 0.06006927083333332 0.07745185185185188
0 0.48222552083333337 0.35331111111111113 0.049507291666666654 0.07275740740740744
0 0.740984375 0.7253143518518519 0.09703124999999997 0.15959722222222222
0 0.818546875 0.5868398148148148 0.09241666666666658 0.1713333333333333
4 0.7875208333333333 0.5921208333333333 0.011885416666666633 0.029337962962962913
