1 0.4488903645833333 0.5651300925925926 0.051488020833333314 0.1067898148148148
4 0.42875729166666665 0.5709972222222222 0.012541666666666687 0.0340314814814815
0 0.7895000000000001 0.23537314814814816 0.0448854166666667 0.06923703703703706
0 0.5109408854166666 0.40846620370370373 0.08053489583333331 0.13378055555555557
0 0.679265625 0.3867564814814815 0.05940624999999997 0.09270740740740743
0 0.6205156249999999 0.4982398148148148 0.08448958333333334 0.16077037037037034
0 0.6918072916666667 0.6378875 0.07525000000000001 0.10913611111111109
0 0.8466015625 0.687175 0.10627604166666664 0.13730000000000012
0 0.3805700520833334 0.6243921296296296 0.08779322916666665 0.17133240740740752
0 0.3515255208333333 0.5938810185185185 0.06270937500000003 0.10326944444444451
4 0.5901536458333333 0.509387962962963 0.013203124999999953 0.025816666666666724
4 0.6323984374999999 0.51995 0.018484375000000004 0.023470370370370437
4 0.41621536458333336 0.656663425925926 0.01650260416666664 0.03637870370370369
4 0.32875234375 0.6196981481481482 0.014522395833333293 0.025816666666666724
4 0.7871901041666667 0.23830694444444442 0.020463541666666647 0.014082407407407412
4 0.8036953124999999 0.24828194444444446 0.009901041666666662 0.01760277777777775
4 0.7842213541666666 0.25708333333333333 0.01583854166666671 0.018775925925925894
4 0.8875260416666667 0.7147523148148148 0.016500000000000032 0.037552777777777796
4 0.837359375 0.7112319444444445 0.031020833333333303 0.02816388888888892
4 0.6914765625 0.4061189814814815 0.015182291666666714 0.021123148148148137
4 0.6647421874999999 0.4002513888888889 0.01716145833333336 0.021123148148148137
4 0.49872786458333335 0.4301763888888889 0.01650260416666664 0.024643518518518526
4 0.5389947916666668 0.4184407407407408 0.012541666666666687 0.019950000000000048
4 0.7152395833333334 0.6525564814814815 0.013864583333333276 0.02581666666666662
4 0.6815755208333333 0.657250462962963 0.017817708333333352 0.02816388888888892
4 0.7046796875000001 0.6326069444444445 0.015182291666666596 0.025817592592592628
