3 0.34888541666666667 0.20955601851851854 0.011221875000000025 0.029337962962962965
3 0.37000859375 0.19019305555555557 0.0178223958333333 0.025817592592592576
3 0.47067369791666663 0.24769537037037034 0.01716302083333332 0.023470370370370384
3 0.4449296875 0.3251467592592593 0.010561458333333343 0.009387962962962973
3 0.493446875 0.1984078703703704 0.015182291666666714 0.021123148148148165
3 0.5601171875 0.13914537037037036 0.015182291666666714 0.026990740740740746
3 0.5601171875000001 0.08868467592592592 0.009901041666666662 0.01760287037037037
3 0.5914713541666666 0.15322777777777777 0.013203124999999953 0.019949999999999992
3 0.6505520833333333 0.19078009259259263 0.012541666666666628 0.017602777777777773
4 0.8172265625 0.45481990740740746 0.011880208333333305 0.01056203703703702
1 0.8162343750000001 0.45951388888888894 0.027062500000000017 0.05280740740740745
4 0.9796119791666666 0.4325231481481482 0.011880208333333305 0.010561111111111065
4 0.9911614583333334 0.4554069444444445 0.005937500000000047 0.03285833333333336
4 0.9779609374999999 0.4536462962962963 0.005942708333333376 0.02933703703703701
4 0.9647604166666667 0.4495388888888889 0.012541666666666748 0.035205555555555545
2 0.9743307291666667 0.4595138888888889 0.05280729166666672 0.08097222222222221
4 0.3624171875 0.6496226851851852 0.01320208333333331 0.012908333333333362
4 0.36472786458333334 0.6613578703703703 0.009901562499999983 0.010562037037037073
4 0.34921536458333335 0.6543166666666668 0.006600520833333334 0.012909259259259266
4 0.8495729166666666 0.6883486111111112 0.010562499999999985 0.012908333333333258
4 0.8541901041666667 0.7012569444444444 0.01320312500000007 0.012908333333333362
4 0.8287786458333334 0.6877615740740741 0.013859374999999948 0.01877685185185185
4 0.17461901041666666 0.6607712962962964 0.00858177083333335 0.011735185185185166
4 0.18518072916666667 0.6742662037037037 0.011221874999999996 0.012908333333333362
4 0.16801822916666667 0.6736796296296297 0.008581249999999999 0.014081481481481454
4 0.9400052083333333 0.8866712962962964 0.009239583333333337 0.015255555555555555
4 0.9403333333333334 0.9165962962962964 0.013864583333333276 0.016429629629629655
4 0.23237786458333334 0.8209550925925926 0.014522395833333352 0.019949074074074036
4 0.7644166666666665 0.6355407407407407 0.010562499999999985 0.015255555555555555
0 0.9301041666666666 0.8937120370370372 0.05544791666666669 0.09270555555555551
0 0.8409895833333333 0.6830675925925925 0.05281250000000005 0.07275740740740738
0 0.7624375000000001 0.6232185185185186 0.04356250000000005 0.09622777777777772
0 0.3591169270833333 0.6496226851851852 0.03564531250000004 0.05984907407407403
0 0.18353020833333333 0.6648782407407408 0.040926041666666656 0.05984907407407403
0 0.22676692708333335 0.8150875 0.04290677083333335 0.05984907407407413
