4 0.5835494791666667 0.5616092592592593 0.00792187500000002 0.02229629629629623
4 0.5571484375 0.5692370370370371 0.01716145833333336 0.016429629629629655
4 0.5485651041666666 0.5410726851851853 0.010557291666666776 0.021123148148148137
4 0.3637375 0.48357083333333334 0.009241666666666681 0.021123148148148137
4 0.32611171875 0.5035208333333333 0.015842187499999955 0.021123148148148137
4 0.3977328125 0.6091361111111111 0.017822916666666622 0.023470370370370437
4 0.374959375 0.5956407407407407 0.010561458333333343 0.015255555555555555
4 0.802375 0.26060416666666664 0.021781249999999967 0.014082407407407412
4 0.4990580729166666 0.8162611111111111 0.018482812499999984 0.02464444444444443
4 0.43865885416666667 0.5604356481481483 0.016502083333333317 0.02229722222222224
4 0.4063140625 0.5357921296296297 0.008581249999999999 0.02229722222222224
4 0.47892500000000005 0.5616092592592593 0.011221874999999966 0.02229629629629623
4 0.4977377604166667 0.5868393518518518 0.02640364583333336 0.021123148148148137
4 0.5320651041666666 0.5815587962962963 0.00792187500000002 0.024643518518518526
0 0.7990729166666667 0.23067962962962965 0.053468749999999926 0.09974814814814813
0 0.5620989583333333 0.5504611111111112 0.05742708333333333 0.08918703703703704
0 0.5007083333333333 0.7886837962962964 0.053468750000000044 0.1056157407407408
0 0.5013690104166667 0.559849074074074 0.07327239583333332 0.11500370370370377
0 0.4343682291666667 0.5293375000000001 0.07393124999999999 0.15255648148148157
0 0.39212161458333333 0.5856662037037037 0.0554484375 0.09857500000000001
0 0.3333729166666667 0.47066250000000004 0.08053229166666664 0.1220453703703704
