4 0.23666822916666666 0.4530592592592593 0.028384374999999993 0.023470370370370384
1 0.24524973958333332 0.43897731481481483 0.04686718749999998 0.08683981481481486
4 0.7855416666666667 0.23302638888888888 0.006604166666666581 0.01525648148148146
4 0.7637578125 0.2265722222222222 0.021119791666666644 0.011735185185185192
4 0.7617760416666667 0.24124120370370372 0.021125000000000088 0.017602777777777773
4 0.6376770833333334 0.43721712962962966 0.01584374999999992 0.019949074074074036
4 0.6000546875 0.4348699074074074 0.011880208333333305 0.0176027777777778
4 0.3934419270833333 0.5046939814814816 0.011881770833333387 0.01642870370370375
4 0.41126458333333327 0.5228833333333333 0.01320208333333337 0.022296296296296335
4 0.7040182291666666 0.873762962962963 0.01650520833333336 0.0340314814814815
4 0.7178828125 0.8925393518518518 0.009901041666666662 0.04107314814814808
4 0.6832265625 0.9036875000000001 0.02244270833333329 0.02816388888888892
4 0.5591276041666667 0.5088013888888889 0.011880208333333423 0.02229722222222224
4 0.5686979166666667 0.5246439814814815 0.0072604166666665765 0.021123148148148245
4 0.5429531249999999 0.5328583333333333 0.01782291666666668 0.018775925925925946
4 0.6954375 0.48357083333333334 0.00990624999999999 0.021123148148148137
4 0.6720052083333333 0.4906115740740741 0.01584375000000004 0.021123148148148245
4 0.4003731770833333 0.6091365740740742 0.01254218749999995 0.021123148148148137
4 0.3525158854166667 0.617937962962963 0.018482812499999984 0.022296296296296335
0 0.7647473958333334 0.20134166666666667 0.057432291666666656 0.11148333333333332
0 0.6195260416666667 0.42313518518518517 0.08118750000000005 0.14668888888888887
0 0.6812447916666666 0.4724226851851852 0.0488437500000001 0.09505462962962968
0 0.5455940104166667 0.5129083333333334 0.0627078125 0.09622777777777777
0 0.37264869791666666 0.5944675925925927 0.10495572916666672 0.1748537037037037
0 0.684875 0.8790458333333334 0.0785520833333333 0.13613055555555553
0 0.4076341145833333 0.5046939814814816 0.05346822916666666 0.08449351851851856
