3 0.6432890624999998 0.007125615740740741 0.009901041666666662 0.021123212962962965
3 0.5931223958333334 0.03235606481481482 0.009901041666666662 0.01994972222222222
3 0.582890625 0.028835555555555555 0.017166666666666684 0.02699074074074074
3 0.49443723958333335 0.15498750000000003 0.014522395833333293 0.021123148148148165
3 0.3297424479166667 0.22950555555555557 0.020463020833333328 0.03872592592592594
4 0.8264661458333333 0.4102263888888889 0.013203124999999953 0.01290833333333331
1 0.8258072916666667 0.4131601851851852 0.02244791666666662 0.05867592592592593
4 0.9324140625 0.677786574074074 0.016505208333333243 0.012908333333333362
4 0.9083177083333333 0.6613578703703703 0.010562499999999985 0.017602777777777853
4 0.9023776041666667 0.6742662037037037 0.011880208333333305 0.019949074074074143
4 0.14524453125 0.6525564814814815 0.00924114583333333 0.016429629629629655
4 0.12412135416666666 0.6631180555555556 0.010561458333333329 0.014082407407407464
4 0.8340572916666665 0.6044421296296296 0.012541666666666748 0.014082407407407464
4 0.19508229166666666 0.8203685185185186 0.015182291666666655 0.01877592592592584
0 0.13402265624999998 0.6449282407407408 0.04884739583333332 0.0668898148148148
0 0.8340598958333333 0.5932939814814815 0.05082812500000008 0.09505462962962963
0 0.9238307291666668 0.6619444444444446 0.06534895833333335 0.08214629629629626
0 0.18551067708333333 0.8103935185185186 0.04884739583333335 0.0692370370370371
0 0.032697473958333334 0.5592625 0.03894567708333333 0.06454351851851851
