3 0.45087083333333333 0.14853333333333332 0.01320208333333331 0.026990740740740746
3 0.4238065104166666 0.16144212962962964 0.00924114583333336 0.017602777777777773
3 0.5700182291666667 0.13269120370370371 0.01122395833333331 0.01877685185185185
3 0.6033541666666666 0.10922083333333334 0.009239583333333337 0.014082407407407412
3 0.6182057291666666 0.11274120370370372 0.01122395833333331 0.02112314814814815
3 0.6432890625 0.16144212962962964 0.008578124999999895 0.017602777777777773
3 0.6614427083333332 0.17493750000000002 0.009239583333333337 0.01877685185185185
4 0.9528776041666667 0.4290023148148148 0.01122395833333331 0.012908333333333362
1 0.9584869791666667 0.4325231481481482 0.026401041666666694 0.05515555555555554
2 1.0033723958333334 0.4325231481481482 0.042244791666666615 0.06219629629629632
4 0.2653828125 0.587426851851852 0.009241666666666681 0.015255555555555555
4 0.23831875 0.5897736111111112 0.010561458333333343 0.012908333333333362
4 0.16933802083333335 0.6525564814814815 0.0046208333333333405 0.014081481481481454
4 0.16075703125000002 0.6443416666666667 0.007260937500000016 0.011735185185185166
4 0.14986510416666665 0.6607712962962964 0.010561458333333343 0.011735185185185166
4 0.8192083333333334 0.5264041666666667 0.005281250000000052 0.012908333333333258
4 0.7980833333333334 0.5305111111111112 0.010562499999999985 0.011735185185185166
0 0.8010546875000001 0.5181893518518519 0.046869791666666674 0.08566574074074075
0 0.24954036458333334 0.578038425925926 0.05676822916666667 0.1020953703703704
0 0.15283593750000002 0.6443416666666667 0.03894583333333334 0.0657166666666666
