4 0.3152203125 0.6267393518518519 0.017822916666666622 0.01642870370370375
4 0.23798854166666666 0.6378875 0.02046354166666668 0.019949074074074143
4 0.5578072916666666 0.7112319444444445 0.01452083333333339 0.023469444444444428
4 0.5281015625000001 0.6742666666666668 0.01320312500000007 0.015255555555555555
4 0.5277734375 0.7036041666666667 0.013859375000000066 0.024643518518518526
4 0.7772890625 0.6419944444444445 0.011223958333333428 0.023470370370370437
4 0.7366927083333332 0.6490361111111111 0.010562499999999985 0.01877592592592584
4 0.4277671875 0.6120703703703705 0.023763541666666655 0.01994999999999994
4 0.45186067708333333 0.6232185185185186 0.013861979166666672 0.016429629629629655
4 0.4251268229166667 0.579212037037037 0.01320156249999999 0.019950000000000048
4 0.3931119791666666 0.559849074074074 0.009901041666666662 0.023470370370370437
0 0.5403143229166667 0.6901087962962963 0.06535052083333337 0.09857500000000001
0 0.7604557291666666 0.6461018518518519 0.05808854166666665 0.09270740740740743
0 0.4346981770833333 0.6126569444444444 0.06138906249999998 0.09388055555555552
0 0.31588046875 0.5991615740740741 0.08119218749999994 0.15842314814814815
0 0.23930885416666667 0.6167643518518519 0.054788541666666704 0.09740092592592592
0 0.4218263020833333 0.5522212962962963 0.07525156250000004 0.1326074074074073
