4 0.31621041666666666 0.32925416666666674 0.029044791666666646 0.01994907407407409
4 0.5323932291666666 0.1995814814814815 0.013859375000000007 0.01642962962962963
4 0.5389947916666668 0.21483703703703705 0.012541666666666687 0.01642962962962963
4 0.38717109375000003 0.3163458333333333 0.0165026041666667 0.01760277777777775
4 0.42842734375 0.3216263888888889 0.02112343750000001 0.025817592592592576
4 0.3805700520833334 0.4407379629629629 0.007260937499999957 0.07393148148148143
4 0.33964374999999997 0.3855828703703704 0.011221875000000025 0.06454351851851851
4 0.3178606770833333 0.3761949074074074 0.01650260416666664 0.07158425925925929
4 0.2931067708333333 0.381475 0.009241666666666622 0.05398148148148144
4 0.31720052083333333 0.43311018518518524 0.02310312499999997 0.018775925925925946
4 0.2482200520833333 0.4378037037037037 0.010561979166666664 0.07275740740740738
2 0.3142302083333333 0.410812962962963 0.14786249999999998 0.19715000000000002
4 0.6327291666666666 0.4512990740740741 0.027062500000000017 0.026990740740740773
1 0.6426302083333333 0.4424981481481482 0.04951041666666676 0.11500370370370372
4 0.3152203125 0.5393125 0.02178333333333331 0.02229722222222224
4 0.31588046875 0.5645430555555556 0.01650260416666664 0.023469444444444428
4 0.2845255208333333 0.5533949074074075 0.014521875000000031 0.024643518518518526
4 0.4323880208333333 0.5017601851851852 0.027723958333333285 0.02464444444444443
4 0.47364427083333327 0.48005046296296305 0.011221874999999966 0.021123148148148137
4 0.5868515625 0.7288347222222222 0.01583854166666671 0.025817592592592524
4 0.5287630208333334 0.7059509259259259 0.01320312500000007 0.02699074074074072
4 0.49839791666666666 0.7599324074074075 0.019803124999999967 0.022296296296296335
4 0.38585104166666667 0.6103097222222222 0.028384374999999965 0.025817592592592628
4 0.33799375 0.5827324074074074 0.014521875000000031 0.02464444444444443
0 0.5215010416666667 0.20251527777777778 0.0514875 0.078625
0 0.51489921875 0.7728407407407408 0.0884515625 0.13495370370370371
0 0.5746403645833332 0.6895222222222223 0.12476093749999996 0.2077111111111111
0 0.4165455729166666 0.30519722222222223 0.0950546875 0.15020925925925926
0 0.44790026041666664 0.43310972222222227 0.09043385416666663 0.17602685185185185
0 0.3709986979166667 0.5751046296296297 0.0897734375 0.14551481481481487
0 0.29838776041666665 0.5346185185185186 0.0699703125 0.11148333333333338
