4 0.9073307291666667 0.3955574074074074 0.015182291666666714 0.011735185185185166
1 0.9046901041666667 0.3955574074074074 0.02442187500000005 0.04694074074074077
4 0.8192057291666667 0.5029337962962963 0.009244791666666667 0.015256481481481565
4 0.8426380208333332 0.5076277777777779 0.009901041666666662 0.012909259259259162
4 0.6294270833333333 0.4055324074074074 0.008583333333333342 0.010561111111111117
4 0.6380104166666667 0.4149203703703704 0.008583333333333342 0.012909259259259266
4 0.6244765624999999 0.41374675925925924 0.006598958333333253 0.010562037037037073
4 0.92053125 0.874936574074074 0.016500000000000032 0.01525648148148146
4 0.9159088541666667 0.8426652777777779 0.015182291666666596 0.01642870370370375
4 0.20168307291666665 0.6026824074074074 0.00858177083333335 0.015255555555555555
4 0.19211145833333335 0.6196981481481482 0.01320208333333334 0.01408148148148156
4 0.0425990625 0.8215416666666667 0.012541875 0.023470370370370332
4 0.027086718750000002 0.8491194444444444 0.0184828125 0.019950000000000048
0 0.9228411458333333 0.8585074074074074 0.052807291666666596 0.08331851851851844
0 0.07989479166666666 0.42313518518518517 0.04620729166666667 0.07393148148148149
0 0.19211145833333335 0.6038555555555556 0.036965624999999995 0.05515555555555554
0 0.0290669375 0.8268222222222223 0.052807791666666666 0.08097222222222217
0 0.6340494791666667 0.40670555555555554 0.029703125000000104 0.03872592592592594
0 0.835046875 0.4964796296296296 0.05016666666666663 0.07979814814814812
