3 0.4716638020833333 0.19958101851851853 0.042906770833333316 0.06806388888888888
3 0.4304078125 0.13445138888888888 0.03696562500000002 0.045767592592592596
3 0.5752994791666667 0.2635375 0.015182291666666714 0.02229722222222224
4 0.9056796874999999 0.44191111111111114 0.0145260416666666 0.012909259259259266
4 0.9898411458333333 0.43487037037037035 0.01122395833333331 0.03168518518518516
2 0.9997447916666667 0.4507125 0.05742708333333333 0.07745092592592587
1 0.9040286458333333 0.4436717592592592 0.019140625 0.04459351851851852
4 0.3155502604166667 0.5393125 0.007921354166666698 0.012908333333333362
4 0.29475703124999997 0.5440069444444445 0.009901562499999983 0.012908333333333362
4 0.10992916666666666 0.5234703703703704 0.011221874999999996 0.011735185185185166
4 0.11686015625 0.5305115740740741 0.00924114583333333 0.014082407407407464
4 0.09804739583333333 0.5357921296296296 0.013862499999999993 0.012908333333333362
4 0.9964427083333334 0.5803851851851852 0.008583333333333342 0.015255555555555555
4 0.9759791666666667 0.5768648148148149 0.0112187500000001 0.012909259259259266
4 0.6422994791666667 0.8238888888888889 0.018484375000000004 0.016429629629629655
4 0.6459296875 0.8420787037037036 0.01122395833333331 0.015255555555555555
4 0.6241458333333333 0.8297564814814815 0.008583333333333342 0.01877592592592584
4 0.631078125 0.7904439814814814 0.013197916666666623 0.01760277777777775
4 0.6003828125 0.7787087962962963 0.008578125000000015 0.01760277777777775
4 0.9033697916666665 0.7845763888888889 0.019145833333333327 0.01760277777777775
4 0.8753151041666667 0.7722546296296297 0.00792187500000002 0.018775925925925946
0 0.9003984374999999 0.7681472222222222 0.05808854166666665 0.07627777777777778
0 0.9832421874999999 0.5680634259259258 0.04554687500000002 0.058675000000000026
0 0.6211770833333332 0.7740148148148148 0.06733333333333331 0.12087222222222226
0 0.6386692708333332 0.8238888888888889 0.04950520833333331 0.07041111111111109
0 0.3000380208333333 0.5346185185185186 0.04554687500000002 0.08566666666666665
0 0.10299817708333334 0.5228833333333333 0.03960572916666665 0.05280740740740745
0 0.28881640624999994 0.5269907407407408 0.033665104166666696 0.05163518518518515
