4 0.35350598958333335 0.5222967592592593 0.027064062499999982 0.023469444444444428
1 0.3597770833333333 0.5064546296296296 0.04092604166666671 0.09270740740740743
4 0.7462656249999999 0.24945555555555554 0.007260416666666695 0.015255555555555555
4 0.7244817708333334 0.244174537037037 0.020463541666666765 0.014082407407407412
4 0.7231614583333333 0.26001712962962964 0.021781250000000085 0.0176027777777778
4 0.5587968750000001 0.4859180555555556 0.008583333333333342 0.021123148148148137
4 0.5234807291666667 0.49882638888888886 0.015840624999999994 0.01877685185185185
4 0.3409640625 0.5768648148148149 0.024423958333333336 0.019950000000000048
4 0.34723489583333333 0.6003351851851852 0.017162499999999997 0.01994999999999994
4 0.3178606770833333 0.5915337962962964 0.012542187500000008 0.021123148148148137
4 0.6739843750000001 0.6842412037037038 0.011885416666666633 0.01877685185185185
4 0.6370182291666667 0.6525564814814815 0.0145260416666666 0.016429629629629655
4 0.6406510416666668 0.6783736111111112 0.01782291666666668 0.016428703703703647
4 0.5109395833333333 0.5674768518518519 0.017162499999999997 0.02229629629629623
4 0.483215625 0.559849074074074 0.01320208333333331 0.01877592592592584
4 0.6561614583333333 0.5228833333333333 0.023760416666666728 0.015255555555555555
4 0.6564921874999999 0.5451800925925926 0.01650520833333336 0.01760277777777775
4 0.6356979166666666 0.5316847222222223 0.0066041666666667 0.023469444444444428
4 0.4719940104166666 0.44601851851851854 0.014522395833333293 0.018775925925925946
4 0.4330481770833334 0.4395643518518519 0.011881770833333328 0.01994907407407409
0 0.7267942708333334 0.22129120370370373 0.05280729166666672 0.10678981481481482
0 0.6545104166666665 0.5234703703703704 0.05214583333333339 0.08918703703703704
0 0.65253125 0.6648782407407409 0.06798958333333344 0.1020953703703704
0 0.5327231770833333 0.470075462962963 0.07525156249999997 0.15373055555555562
0 0.49839765625 0.5422462962962963 0.06732968749999996 0.09622777777777783
0 0.45714166666666667 0.43076250000000005 0.08119270833333332 0.14082129629629633
0 0.333703125 0.579212037037037 0.06666979166666664 0.09505370370370372
