4 0.40499375 0.559849074074074 0.013862499999999993 0.023470370370370437
4 0.39014166666666666 0.5868393518518518 0.023763541666666655 0.021123148148148137
4 0.3974026041666666 0.7194462962962963 0.014521874999999972 0.028164814814814823
4 0.5406432291666666 0.617350925925926 0.01716145833333336 0.023470370370370332
4 0.48849635416666665 0.619111574074074 0.017162499999999997 0.01760277777777775
4 0.457471875 0.5023472222222223 0.023763541666666655 0.016429629629629655
4 0.46407265625 0.5217097222222222 0.02112343750000001 0.01760277777777775
4 0.4264471354166667 0.5041069444444445 0.009241145833333301 0.024643518518518526
4 0.45714166666666667 0.5680638888888889 0.024423958333333336 0.018775925925925946
4 0.46242239583333333 0.5921203703703704 0.01782291666666668 0.02229629629629623
4 0.4307377604166666 0.5862532407407408 0.013861979166666672 0.024643518518518526
0 0.44988072916666666 0.569237037037037 0.06534999999999999 0.11030925925925927
0 0.5119286458333333 0.5938805555555555 0.11419479166666667 0.19715000000000002
0 0.39014140625 0.5621958333333333 0.06600989583333335 0.11031018518518518
0 0.45384114583333335 0.46186111111111106 0.07591145833333333 0.14199444444444442
0 0.3997130208333334 0.7018439814814816 0.054788541666666704 0.11265648148148147
