3 0.4412994791666667 0.06756153240740742 0.13003958333333335 0.13730100925925925
4 0.5842109375 0.7411564814814816 0.014526041666666718 0.015255555555555555
4 0.5947734375 0.7564120370370371 0.011880208333333305 0.017601851851851844
4 0.33502317708333335 0.5041069444444445 0.013861979166666672 0.017602777777777853
4 0.2871658854166667 0.568650462962963 0.018482812499999984 0.019949074074074036
4 0.059101458333333336 0.5762782407407407 0.016502291666666672 0.016428703703703647
4 0.24161927083333332 0.5258171296296296 0.01320208333333334 0.01642870370370375
4 0.22181588541666666 0.5328583333333334 0.011881770833333328 0.016429629629629655
0 0.2340278645833333 0.5181898148148149 0.050827604166666665 0.0692370370370371
0 0.05382080729166666 0.559262037037037 0.045546927083333334 0.07627777777777778
0 0.5723307291666666 0.7458504629629629 0.0633697916666667 0.09505462962962963
0 0.28782604166666664 0.5463537037037037 0.05808854166666665 0.12321851851851855
0 0.31588046875 0.4841578703703704 0.060069270833333376 0.1020953703703704
