4 0.30663880208333333 0.7206199074074074 0.009901562499999983 0.023469444444444428
4 0.28056484374999996 0.7141657407407408 0.031684895833333324 0.019950000000000048
4 0.2766044270833333 0.7446768518518518 0.02112343750000001 0.02464444444444443
4 0.46671302083333327 0.5844925925925926 0.014521874999999972 0.01877592592592584
4 0.4495505208333333 0.6079629629629629 0.021122916666666627 0.02112407407407404
4 0.6221666666666666 0.7088847222222223 0.023104166666666613 0.025817592592592628
4 0.45747161458333335 0.5134953703703704 0.018482812500000043 0.01994999999999994
4 0.4673731770833333 0.5352055555555555 0.01716302083333332 0.023470370370370437
4 0.42677708333333336 0.5340314814814815 0.024423958333333336 0.023470370370370332
4 0.7106223958333333 0.6607708333333334 0.015182291666666714 0.01877685185185185
0 0.6977473958333333 0.6613574074074074 0.06732812499999999 0.11617777777777777
0 0.6277786458333333 0.6795472222222223 0.104296875 0.19714999999999994
0 0.28584583333333335 0.7071245370370371 0.06733020833333334 0.12556574074074073
0 0.43898906249999997 0.4888518518518519 0.09505416666666668 0.15372962962962966
0 0.45318098958333336 0.5886000000000001 0.061389062500000036 0.10678888888888889
