3 0.0069536953125 0.44543148148148154 0.015182296875000001 0.019949999999999992
1 0.4663830729166667 0.5844925925925926 0.04950781249999997 0.09153333333333333
4 0.029727109374999998 0.48533101851851856 0.02112317708333333 0.07393055555555558
2 0.019165625000000002 0.5129083333333334 0.08713333333333333 0.16898518518518515
4 0.5541770833333333 0.5404861111111111 0.007260416666666695 0.02464444444444443
4 0.5835520833333334 0.5528078703703704 0.01584375000000004 0.01642870370370375
4 0.31158984375000004 0.3503773148148149 0.007921354166666639 0.0176027777777778
4 0.3178606770833333 0.3404027777777778 0.011221354166666704 0.018775925925925946
4 0.41126484375 0.5404861111111111 0.007921354166666639 0.019950000000000048
4 0.40202317708333335 0.5545685185185185 0.007921354166666698 0.019950000000000048
4 0.4828854166666667 0.4348699074074074 0.011221875000000025 0.0176027777777778
4 0.3478950520833333 0.5968148148148148 0.011881770833333328 0.01994999999999994
4 0.30663906250000006 0.599161574074074 0.015182291666666655 0.019949074074074036
4 0.4376684895833333 0.6062027777777779 0.005280729166666671 0.01994999999999994
4 0.41984583333333336 0.5979884259259259 0.019803125000000026 0.012908333333333362
4 0.41720546875 0.6196981481481482 0.014522395833333352 0.01642962962962955
0 0.582890625 0.5322717592592592 0.06996874999999995 0.14434166666666667
0 0.4195158854166667 0.6026819444444446 0.04422656249999998 0.07862500000000007
0 0.3221513020833333 0.5821458333333334 0.0897734375 0.15255648148148146
0 0.42083619791666665 0.5393129629629629 0.054788020833333326 0.08097222222222226
0 0.33304296875 0.3251467592592593 0.06138906249999998 0.10561574074074075
0 0.46935338541666666 0.42196111111111106 0.051488020833333314 0.08097222222222221
