3 0.6083020833333334 0.09337856481481482 0.07327083333333337 0.03403175925925926
3 0.53239375 0.17141712962962963 0.04686875000000003 0.13143240740740741
4 0.07659427083333334 0.6461018518518519 0.021122916666666665 0.015255555555555555
1 0.08187499999999999 0.6361273148148149 0.03300520833333333 0.061023148148148125
4 0.8924765625000001 0.4225481481481481 0.013203124999999953 0.011735185185185218
4 0.9971041666666667 0.42196111111111106 0.008583333333333342 0.026990740740740773
2 1.0076640625 0.431349537037037 0.057432291666666656 0.07393055555555553
1 0.8904973958333334 0.42430879629629636 0.021119791666666644 0.04341944444444442
4 0.09804739583333333 0.6854148148148149 0.011221874999999996 0.01173518518518527
4 0.09474713541666667 0.7030171296296297 0.013861979166666672 0.014082407407407464
4 0.07395364583333333 0.705951388888889 0.013202083333333324 0.012908333333333362
4 0.21620520833333334 0.6255657407407408 0.012541666666666658 0.01408148148148156
4 0.22214635416666667 0.6367138888888889 0.008581249999999999 0.012909259259259266
4 0.20366354166666667 0.6373004629629629 0.008581249999999999 0.014082407407407464
4 0.5429557291666666 0.745850462962963 0.005942708333333376 0.01760277777777775
4 0.5162213541666667 0.7593458333333333 0.013203125000000012 0.014082407407407358
4 0.8538619791666666 0.7569986111111111 0.020463541666666647 0.016428703703703647
4 0.8363697916666666 0.7399828703703704 0.009239583333333337 0.01525648148148146
0 0.8492395833333333 0.7393962962962963 0.058749999999999976 0.08214629629629637
0 0.5201822916666666 0.7399828703703705 0.05677083333333333 0.11617685185185186
0 0.21059453125 0.6267393518518519 0.03960572916666667 0.06336944444444441
0 0.08880625 0.6953893518518519 0.045546875 0.06454351851851851
0 0.19079140624999996 0.45012592592592593 0.040926562500000006 0.06689074074074071
