3 0.44393958333333333 0.23830740740740744 0.01782291666666668 0.030511111111111138
3 0.40433359375 0.23361296296296297 0.0165026041666667 0.023470370370370384
3 0.6185364583333334 0.18667268518518518 0.01584374999999992 0.025817592592592604
3 0.6010416666666667 0.21366342592592594 0.012541666666666628 0.0164287037037037
3 0.5650677083333333 0.20838287037037037 0.01584375000000004 0.024643518518518502
3 0.5650677083333332 0.1808050925925926 0.010562499999999985 0.014082407407407412
3 0.38816119791666664 0.20544907407407406 0.01320156249999999 0.01642962962962963
4 0.7762994791666666 0.46186064814814815 0.014526041666666718 0.01290833333333331
1 0.7779505208333333 0.461274537037037 0.021786458333333297 0.04459351851851847
4 0.944953125 0.4413240740740741 0.012541666666666628 0.011735185185185166
4 0.9548567708333332 0.46127407407407406 0.007265625000000024 0.03755185185185179
4 0.9426458333333334 0.4595138888888889 0.0066041666666667 0.03168518518518516
4 0.93109375 0.4565800925925926 0.012541666666666628 0.03285833333333336
2 0.9400052083333333 0.4694888888888889 0.05016666666666663 0.07979814814814816
4 0.19904270833333332 0.6601842592592593 0.009901041666666662 0.015255555555555555
4 0.18947109374999999 0.6772 0.01848281250000001 0.016429629629629655
4 0.34294453124999996 0.6707458333333334 0.009901562499999983 0.01760277777777775
4 0.31885078125 0.6742666666666668 0.010561979166666664 0.015255555555555555
4 0.4663830729166667 0.4865046296296296 0.007260937500000016 0.012909259259259266
4 0.45978203125 0.49589259259259255 0.009901562500000042 0.012909259259259266
4 0.13204270833333331 0.5410726851851853 0.010561458333333329 0.014082407407407358
4 0.1373234375 0.5481138888888889 0.010561458333333343 0.016429629629629655
4 0.12247109375 0.5510476851851852 0.01122135416666666 0.012908333333333362
4 0.7789401041666667 0.5633694444444446 0.009244791666666667 0.014081481481481454
4 0.7564973958333333 0.5627828703703703 0.009244791666666667 0.012908333333333258
4 0.8944557291666667 0.8661351851851853 0.013203124999999953 0.018775925925925946
4 0.8862057291666666 0.5627824074074075 0.009901041666666662 0.015255555555555555
4 0.8954479166666667 0.5756916666666667 0.01121874999999998 0.015255555555555555
0 0.8954479166666667 0.8690689814814815 0.05479166666666657 0.08331944444444446
0 0.12544140625 0.538725925925926 0.03564531250000001 0.04694074074074077
0 0.1861708333333333 0.6560768518518518 0.05016770833333333 0.08214629629629637
0 0.32776197916666666 0.6595972222222223 0.056108333333333364 0.10092222222222232
0 0.46209244791666665 0.4894384259259259 0.02640364583333336 0.04224722222222228
0 0.7660677083333333 0.5522212962962963 0.04686458333333334 0.08097222222222226
0 0.8931380208333333 0.5651300925925926 0.03696354166666668 0.05280833333333335
