3 0.36439765625 0.20720925925925926 0.02112343750000001 0.0340314814814815
3 0.4224864583333333 0.22070462962962964 0.021122916666666686 0.042246296296296275
3 0.52480234375 0.17259074074074074 0.015843229166666715 0.03051111111111111
3 0.5769505208333333 0.20251527777777778 0.01716145833333336 0.024643518518518526
3 0.5908098958333333 0.18021851851851853 0.013203124999999953 0.019949999999999992
3 0.6092942708333333 0.14031944444444444 0.009244791666666667 0.015255555555555555
3 0.6475807291666666 0.14207916666666665 0.017161458333333237 0.02816388888888889
4 0.8898385416666666 0.4542333333333334 0.01452083333333339 0.011735185185185166
3 0.9971015624999999 0.4325231481481482 0.009901041666666662 0.012909259259259266
1 0.8862057291666666 0.460100462962963 0.027067708333333346 0.04928796296296296
4 0.9964427083333334 0.45247268518518513 0.004624999999999938 0.03168425925925925
4 0.9832421874999999 0.4495388888888889 0.01122395833333331 0.035205555555555545
2 0.9905026041666666 0.4589268518518519 0.04950520833333331 0.08449259259259266
4 0.33502317708333335 0.7212069444444444 0.007260937500000016 0.01760277777777775
4 0.30531874999999997 0.7276611111111112 0.011221875000000025 0.016429629629629655
4 0.15349583333333333 0.6842412037037038 0.008581249999999999 0.016428703703703647
4 0.16240703125 0.6918689814814815 0.007921354166666669 0.01525648148148146
4 0.13699322916666665 0.7030175925925927 0.015182291666666655 0.011735185185185166
4 0.30993932291666665 0.9776203703703703 0.009901562500000042 0.018777777777777754
4 0.27462421875 0.9928750000000001 0.007921354166666698 0.014083333333333368
4 0.810625 0.6666384259259259 0.010562499999999985 0.014082407407407358
4 0.789171875 0.656663425925926 0.012541666666666628 0.012908333333333362
4 0.7848828124999999 0.6713324074074074 0.011880208333333423 0.01642962962962955
4 0.27066328125000005 0.4829842592592593 0.005280729166666671 0.01056111111111117
4 0.25548125 0.4823976851851851 0.007920833333333318 0.009387962962962973
4 0.25251067708333336 0.47418287037037044 0.007260937499999986 0.009387962962962973
4 0.6304192708333333 0.5704106481481481 0.00792187500000002 0.011734259259259262
4 0.8396692708333333 0.588012962962963 0.00792187500000002 0.011735185185185166
4 0.8287760416666666 0.5727574074074074 0.007260416666666695 0.011735185185185166
4 0.8238255208333333 0.5815587962962963 0.007921874999999901 0.012908333333333258
0 0.8324088541666667 0.5762782407407407 0.03696354166666668 0.044593518518518574
0 0.7964322916666667 0.6513828703703705 0.05742708333333333 0.07510462962962958
0 0.6281067708333334 0.5604356481481483 0.04554687500000002 0.08331944444444446
0 0.26076197916666666 0.4735958333333334 0.034324999999999994 0.048113888888888914
0 0.31522005208333337 0.7100583333333335 0.0640296875 0.11500370370370377
0 0.13798333333333332 0.6742662037037037 0.060729166666666674 0.08801388888888895
0 0.29607734374999994 0.9787916666666667 0.05742864583333335 0.07980555555555562
