3 0.6030260416666666 0.01240639351851852 0.01782291666666668 0.02699073148148148
3 0.5106096354166667 0.06462759259259258 0.019143229166666664 0.02816425925925926
3 0.37957994791666666 0.08105675925925927 0.01320156249999999 0.02112314814814815
3 0.42149609375 0.17728472222222222 0.023103645833333353 0.03989907407407408
3 0.43634843749999996 0.1678962962962963 0.02244374999999999 0.035205555555555545
4 0.8984166666666666 0.3679800925925926 0.01584375000000004 0.01525648148148146
1 0.8957786458333333 0.371500462962963 0.031682291666666626 0.0668898148148148
4 0.3739690104166667 0.6906953703703704 0.012542187500000008 0.015255555555555555
4 0.3155502604166667 0.7329421296296297 0.01716302083333332 0.024643518518518526
4 0.29310703125 0.717099537037037 0.011881770833333328 0.021123148148148137
4 0.28452578125000005 0.735288888888889 0.011881770833333328 0.022296296296296335
4 0.18650078125 0.5228833333333333 0.009901562499999983 0.01056111111111117
4 0.16141692708333333 0.5375523148148148 0.005941145833333354 0.01642870370370375
4 0.17989973958333336 0.5369652777777778 0.012542187499999979 0.012908333333333362
4 0.42050624999999997 0.3967314814814815 0.006601041666666655 0.011735185185185218
4 0.4115947916666666 0.4096398148148148 0.008581249999999999 0.011735185185185166
4 0.42677708333333336 0.40846620370370373 0.007261458333333337 0.01877685185185185
4 0.6251380208333333 0.5099745370370371 0.007921874999999901 0.01760277777777775
0 0.17692916666666667 0.5258171296296296 0.040926041666666656 0.0680638888888888
0 0.4158854166666667 0.40259861111111117 0.03564583333333336 0.04928796296296301
0 0.3597768229166667 0.6631180555555556 0.07261093749999994 0.15255648148148146
0 0.30795911458333336 0.7053643518518519 0.07195052083333338 0.11735092592592596
0 0.6109453125 0.48591759259259254 0.060067708333333414 0.10796296296296298
