4 0.30069817708333335 0.5275773148148148 0.03102447916666667 0.022297222222222135
1 0.3063088541666667 0.5105615740740741 0.05016770833333333 0.09622870370370373
4 0.2878263020833334 0.5563287037037038 0.011881770833333328 0.016429629629629655
4 0.2624122395833333 0.5803856481481481 0.02970468749999998 0.02229722222222224
4 0.29871770833333333 0.5721708333333334 0.009901041666666662 0.019949074074074036
4 0.5644088541666666 0.4301759259259259 0.023765625000000058 0.015255555555555555
4 0.5630885416666667 0.44895231481481485 0.01584374999999992 0.0176027777777778
4 0.6984088541666668 0.5463537037037037 0.01716145833333336 0.019950000000000048
4 0.7291015625 0.42313518518518517 0.013859375000000066 0.015255555555555555
4 0.7092994791666667 0.41140000000000004 0.023098958333333287 0.017601851851851844
4 0.7023671875 0.43193657407407404 0.01716145833333336 0.02112314814814819
4 0.7802604166666666 0.3492037037037037 0.018479166666666675 0.019949999999999992
4 0.7304218749999999 0.7024305555555556 0.012541666666666748 0.02464444444444443
4 0.6660651041666665 0.6742662037037037 0.01716145833333336 0.02229722222222224
4 0.6878463541666666 0.7077115740740741 0.034328124999999925 0.02816388888888892
4 0.5667187499999999 0.5598486111111112 0.012541666666666748 0.021123148148148137
4 0.5370130208333334 0.529924537037037 0.013859374999999948 0.012908333333333362
4 0.5373437499999999 0.558675462962963 0.013197916666666623 0.021123148148148137
4 0.507309375 0.5821458333333334 0.015182291666666714 0.021123148148148137
4 0.483215625 0.5616092592592593 0.021122916666666686 0.017601851851851844
4 0.47562447916666667 0.5809722222222223 0.015182291666666655 0.018775925925925946
0 0.49311796874999997 0.5610226851851852 0.07525364583333331 0.09388055555555563
0 0.7786093749999999 0.3292541666666667 0.07194791666666672 0.12791203703703702
0 0.6934583333333334 0.6813074074074075 0.09835416666666662 0.14668888888888887
0 0.553515625 0.5422462962962963 0.06403125000000003 0.09622777777777783
0 0.26571276041666664 0.5334449074074075 0.09307447916666665 0.14903611111111112
0 0.6967578125 0.5181893518518519 0.07458854166666669 0.16077129629629633
0 0.5620963541666666 0.42841574074074074 0.04554687500000002 0.09388148148148148
0 0.7149114583333334 0.41316018518518516 0.05940625000000009 0.0844925925925926
