4 0.31489010416666663 0.5340314814814815 0.03036458333333337 0.023470370370370332
1 0.32050104166666665 0.5181893518518519 0.04554687500000002 0.09740092592592592
4 0.5495546875 0.578038425925926 0.019140625 0.024643518518518526
4 0.5172106770833333 0.5604356481481482 0.009901562499999983 0.024643518518518526
4 0.12973229166666667 0.3022634259259259 0.012541666666666658 0.019949074074074036
4 0.4416294270833333 0.39145 0.007921354166666698 0.015255555555555555
4 0.44657994791666666 0.4096393518518519 0.013861979166666672 0.021123148148148137
4 0.4967473958333333 0.5498740740740741 0.015182291666666714 0.015255555555555555
4 0.49443723958333335 0.5850796296296297 0.01716302083333338 0.022296296296296335
4 0.4644026041666667 0.5909472222222222 0.012541666666666628 0.022296296296296335
4 0.5594583333333333 0.4665550925925926 0.012541666666666748 0.01760277777777775
4 0.51721015625 0.4718361111111111 0.01386093750000003 0.023470370370370332
0 0.53272265625 0.4495388888888889 0.08449218750000001 0.13612777777777776
0 0.42578697916666663 0.37208703703703705 0.0699708333333333 0.11969814814814815
0 0.1158703125 0.2911148148148148 0.052147916666666676 0.07745185185185188
0 0.54922578125 0.5533944444444444 0.08317343749999993 0.15372962962962955
0 0.48090546875 0.5704106481481481 0.05742864583333335 0.09622870370370362
