4 0.6099557291666666 0.3515509259259259 0.023765625000000058 0.019949999999999992
1 0.6056640625 0.3597652777777778 0.04158854166666662 0.09505462962962963
4 0.8901666666666666 0.2717523148148148 0.0270624999999999 0.01760277777777775
4 0.94165625 0.36035231481481483 0.008583333333333342 0.0704101851851852
4 0.9073281249999999 0.31810555555555553 0.008583333333333342 0.05398148148148149
4 0.8888489583333334 0.3151722222222222 0.012541666666666748 0.05750185185185189
4 0.8693749999999999 0.3163458333333333 0.010562499999999985 0.04811388888888886
4 0.8327395833333334 0.3398162037037037 0.0072604166666665765 0.048113888888888914
4 0.8858750000000001 0.3538981481481482 0.026406250000000023 0.019949999999999992
2 0.8875260416666666 0.3380555555555556 0.12080208333333337 0.15725
4 0.6092942708333333 0.5809722222222223 0.01583854166666659 0.02112407407407404
4 0.5624270833333332 0.5809722222222223 0.018479166666666675 0.02112407407407404
4 0.33106250000000004 0.5739310185185185 0.015182291666666655 0.021123148148148137
4 0.30036796875 0.5803856481481481 0.01320156249999999 0.02229722222222224
4 0.42380677083333335 0.5698240740740742 0.019803125000000026 0.022296296296296335
4 0.37925000000000003 0.578625 0.02178333333333331 0.023470370370370437
0 0.31885078125000005 0.559849074074074 0.06732968750000001 0.1009222222222222
0 0.39872265625000003 0.5357916666666667 0.09241406249999998 0.14668888888888887
0 0.5795885416666666 0.5645430555555556 0.10033333333333339 0.15959722222222222
