4 0.33106250000000004 0.4865046296296296 0.02574375 0.01994999999999994
1 0.33964401041666664 0.4718361111111112 0.04818697916666667 0.09622777777777783
4 0.4221565104166667 0.5709972222222223 0.0165026041666667 0.019950000000000048
4 0.3947622395833334 0.5598486111111112 0.011881770833333328 0.021123148148148137
4 0.29574713541666664 0.7933773148148149 0.015842187500000014 0.0328583333333333
4 0.281225 0.8315166666666667 0.02640416666666662 0.02933703703703701
4 0.24656979166666665 0.8285828703703704 0.011221874999999996 0.030512037037037015
4 0.6066536458333334 0.45716712962962963 0.02244270833333329 0.012908333333333362
4 0.6132552083333334 0.47535601851851855 0.019802083333333324 0.02112314814814819
4 0.5931223958333334 0.5440064814814816 0.020463541666666647 0.01994999999999994
4 0.5601171875 0.5299245370370371 0.017817708333333352 0.019949074074074036
4 0.5512057291666667 0.5492875 0.021119791666666644 0.023469444444444428
4 0.6951067708333334 0.6977365740740741 0.021119791666666762 0.02229722222222224
4 0.7053385416666667 0.4812236111111111 0.017822916666666563 0.014082407407407464
4 0.711609375 0.49882638888888886 0.01452083333333339 0.01877685185185185
4 0.6838854166666666 0.49706620370370375 0.013197916666666623 0.019949074074074143
4 0.6703515624999999 0.3656328703703704 0.009901041666666662 0.0176027777777778
4 0.6340494791666667 0.37560787037037036 0.01650520833333336 0.021123148148148137
0 0.6987369791666667 0.6742666666666667 0.060067708333333296 0.11148333333333338
0 0.5317328124999999 0.8655467592592594 0.13268020833333333 0.21944351851851845
0 0.4109346354166667 0.5457671296296296 0.06270989583333335 0.09857500000000001
0 0.591140625 0.43134953703703705 0.08911458333333329 0.13260648148148152
0 0.27594427083333334 0.803938888888889 0.08053229166666667 0.12673888888888882
0 0.6426276041666666 0.35565833333333335 0.07591145833333333 0.12673888888888887
0 0.6957682291666667 0.48181064814814817 0.06469270833333335 0.09036018518518518
0 0.5772812500000001 0.5222967592592593 0.09439583333333333 0.11735092592592596
