4 0.8399973958333333 0.3550717592592592 0.015182291666666596 0.01290833333333331
1 0.8386796874999999 0.3574185185185185 0.027067708333333346 0.05280740740740745
4 0.9898411458333333 0.8960597222222223 0.015182291666666596 0.02229722222222224
0 0.9934713541666667 0.8708291666666667 0.06732812499999999 0.1032694444444444
4 0.4010333333333333 0.39614444444444447 0.011221874999999966 0.012909259259259266
4 0.3363434895833333 0.4565800925925926 0.011221354166666704 0.014082407407407412
4 0.3205010416666667 0.45716712962962963 0.008581249999999999 0.012908333333333362
4 0.2663729166666666 0.37795462962962967 0.011221874999999966 0.011735185185185218
4 0.27099348958333336 0.3885162037037037 0.011221354166666675 0.014082407407407412
4 0.25020026041666665 0.38675601851851854 0.014522395833333352 0.01290833333333331
4 0.6611145833333333 0.38734259259259257 0.007260416666666695 0.011735185185185166
4 0.6512109374999999 0.39790462962962964 0.009901041666666662 0.014081481481481507
4 0.7472552083333334 0.5422462962962963 0.011885416666666752 0.018775925925925946
4 0.7739895833333333 0.5463537037037037 0.01121874999999998 0.017601851851851844
0 0.7551770833333333 0.5328583333333333 0.06468750000000002 0.0985740740740741
0 0.39773255208333336 0.392037037037037 0.029704687500000007 0.04224629629629633
0 0.03236760416666666 0.7147523148148148 0.08449291666666665 0.14082129629629628
0 0.25647135416666667 0.3650462962962963 0.04818749999999996 0.07745185185185188
0 0.33040260416666667 0.44953888888888893 0.03630520833333334 0.05398148148148155
0 0.6545130208333333 0.3902768518518519 0.03498437500000004 0.05280740740740739
3 0.38222031250000005 0.10980787037037038 0.01716250000000006 0.029337962962962965
3 0.3650575520833333 0.09689939814814816 0.011881770833333328 0.01760305555555555
3 0.5406458333333333 0.06756138888888889 0.01452083333333339 0.029337777777777782
3 0.6215052083333333 0.031769351851851854 0.016500000000000032 0.023470185185185184
