4 0.4908067708333333 0.3685666666666667 0.02574375 0.018775925925925894
4 0.4894864583333333 0.45540694444444446 0.024423958333333336 0.021123148148148137
4 0.5446041666666666 0.47535601851851855 0.0066041666666667 0.03989907407407403
4 0.5096195312499999 0.41492037037037044 0.00924114583333336 0.0504611111111111
4 0.4901466145833333 0.4213745370370371 0.00858177083333338 0.04459351851851852
4 0.4710036458333333 0.41609398148148147 0.008581249999999999 0.0504601851851852
4 0.43403828124999994 0.4595138888888889 0.005941145833333354 0.019949999999999992
2 0.4898177083333333 0.43721712962962966 0.11750000000000001 0.16311759259259262
4 0.18782109374999997 0.47183564814814816 0.02970468749999998 0.01877685185185185
1 0.18188020833333335 0.479463425925926 0.04818750000000002 0.11383055555555557
4 0.5007080729166666 0.5434199074074074 0.020463020833333328 0.016428703703703647
4 0.5079692708333333 0.5657166666666666 0.017822916666666622 0.023470370370370437
4 0.4795848958333333 0.559849074074074 0.015182291666666714 0.023470370370370437
4 0.6360286458333334 0.49295925925925926 0.009901041666666662 0.018775925925925946
4 0.5984036458333333 0.5005870370370371 0.019140625 0.019950000000000048
0 0.6046744791666666 0.4865046296296296 0.08184895833333326 0.14199444444444442
0 0.49179635416666667 0.5463537037037037 0.06468854166666667 0.09740185185185182
0 0.6403203125 0.46772824074074076 0.06732812499999999 0.12556574074074073
