4 0.19211171875000002 0.4477787037037037 0.027724479166666694 0.022296296296296335
1 0.19937291666666665 0.43428333333333335 0.04356666666666668 0.09622777777777783
4 0.5406432291666666 0.38147546296296303 0.01716145833333336 0.0164287037037037
4 0.5475755208333334 0.4002513888888889 0.015182291666666714 0.021123148148148137
4 0.5132489583333334 0.3955578703703704 0.02046041666666666 0.021123148148148137
4 0.6970885416666666 0.45892731481481486 0.010562499999999985 0.021123148148148137
4 0.6574817708333334 0.46831527777777776 0.0145260416666666 0.023469444444444373
4 0.18121979166666666 0.7611064814814815 0.02178333333333334 0.026990740740740825
4 0.03566802083333333 0.23419953703703703 0.011881770833333334 0.01760277777777775
4 0.7050078125 0.8062861111111111 0.023765625000000058 0.018775925925925946
4 0.6885078124999999 0.774601388888889 0.013203124999999953 0.023469444444444532
4 0.6842161458333335 0.7423300925925926 0.013859374999999948 0.022297222222222135
4 0.6330572916666667 0.7487842592592592 0.02112499999999997 0.028164814814814823
0 0.5254625 0.36328611111111114 0.08053333333333335 0.13260740740740742
0 0.6703541666666666 0.44484490740740745 0.0825104166666667 0.1572509259259259
0 0.6475807291666666 0.7141657407407408 0.11090104166666657 0.18893518518518515
0 0.7092994791666667 0.7792958333333334 0.0706302083333334 0.1056157407407408
0 0.017845338541666665 0.21894444444444447 0.059409010416666665 0.08566666666666671
0 0.17230859375 0.7388092592592592 0.08053177083333332 0.11852407407407416
