4 0.5337135416666666 0.568650462962963 0.017822916666666622 0.019949074074074036
4 0.48948671875 0.5621958333333333 0.013861979166666672 0.025817592592592628
4 0.3086192708333333 0.470075462962963 0.02574375 0.012908333333333362
4 0.3082893229166667 0.4917856481481482 0.022443229166666672 0.01642870370370375
4 0.41687552083333335 0.4888518518518519 0.016502083333333376 0.015255555555555555
4 0.41555546875 0.4642078703703704 0.01782239583333336 0.01290833333333331
4 0.3927817708333333 0.47711620370370367 0.010561458333333343 0.017602777777777853
4 0.50400859375 0.3456833333333333 0.01650260416666664 0.010561111111111117
4 0.4855260416666667 0.3550712962962963 0.008581249999999999 0.015255555555555555
4 0.5056591145833333 0.3673935185185185 0.015842187499999955 0.016429629629629603
4 0.43370807291666663 0.34803055555555557 0.014522395833333293 0.015255555555555555
4 0.43997916666666664 0.3668064814814815 0.012541666666666628 0.015255555555555555
4 0.41555546875 0.35976527777777784 0.009901562499999983 0.0176027777777778
4 0.8845546874999999 0.8039393518518518 0.018484375000000004 0.037552777777777796
0 0.9165703125 0.8761111111111112 0.07986979166666662 0.11383333333333329
0 0.9248203125 0.7880967592592594 0.10825520833333328 0.14434166666666667
0 0.8591432291666666 0.3186925925925926 0.07195312500000005 0.12087222222222226
0 0.5122596354166666 0.5410726851851853 0.0950536458333333 0.1760268518518519
0 0.40928463541666665 0.4671416666666667 0.0554484375 0.08918703703703704
0 0.30762890625 0.4389777777777778 0.06865052083333331 0.1502092592592592
0 0.42809739583333334 0.34861712962962965 0.056108333333333364 0.08214537037037035
0 0.5016979166666666 0.3456833333333333 0.0448854166666667 0.08097222222222221
