3 0.47034374999999995 0.22305138888888892 0.10891666666666666 0.20184351851851853
4 0.7835625 0.44895231481481485 0.010562499999999985 0.01290833333333331
1 0.78884375 0.4530592592592593 0.025083333333333374 0.05398148148148144
4 0.9845625 0.44895231481481485 0.012541666666666748 0.03168425925925925
4 0.9980937500000001 0.45247314814814815 0.0066041666666667 0.02699074074074072
2 0.9957838541666666 0.4606875 0.052151041666666724 0.0833194444444444
4 0.39014140625 0.7311814814814814 0.011881770833333328 0.016429629629629655
4 0.359446875 0.7300078703703704 0.009901041666666662 0.016428703703703647
4 0.15547604166666668 0.6836541666666667 0.007261458333333337 0.01760277777777775
4 0.16372734374999998 0.6877615740740741 0.006600520833333334 0.021123148148148137
4 0.14293437499999997 0.7012569444444444 0.019142708333333314 0.012908333333333362
1 0.00035268229166666537 0.7118185185185185 0.038945885416666666 0.07393148148148149
4 0.2640625 0.9817268518518518 0.01320208333333331 0.024638888888888797
4 0.8142552083333333 0.6836541666666667 0.013864583333333395 0.012908333333333362
4 0.7934609374999999 0.6742662037037037 0.013203124999999953 0.012908333333333362
4 0.7875234375 0.6860013888888888 0.01320312500000007 0.01760277777777775
4 0.268353125 0.47300925925925924 0.005940625000000003 0.009388888888888877
4 0.26703307291666667 0.4829842592592593 0.007260937499999986 0.01056111111111117
4 0.25317083333333334 0.4829842592592593 0.007261458333333337 0.01056111111111117
4 0.6462604166666668 0.5774518518518519 0.010562499999999985 0.011735185185185166
4 0.7984140624999999 0.5897736111111112 0.009901041666666662 0.012908333333333362
4 0.7875234375 0.5774513888888889 0.00792187500000002 0.014082407407407358
4 0.7805911458333334 0.5862527777777778 0.008578125000000015 0.015255555555555555
0 0.24756015625 0.9840740740740741 0.06600989583333329 0.07862962962962959
0 0.7918125000000001 0.5803856481481481 0.037625000000000006 0.05280833333333335
0 0.8033645833333334 0.6683986111111111 0.05940624999999997 0.07393055555555558
0 0.6459322916666667 0.568650462962963 0.042906250000000055 0.08801388888888885
0 0.37858984375000004 0.7112319444444445 0.06534947916666667 0.12673981481481483
0 0.13864348958333333 0.6742666666666667 0.062049479166666664 0.09270740740740743
0 0.26208229166666663 0.4777032407407407 0.03300520833333336 0.04928796296296296
