4 0.9957838541666667 0.3984912037037037 0.008578125000000015 0.029337962962962965
2 1.0073333333333332 0.4096398148148148 0.06072916666666674 0.07979814814814816
4 0.7937916666666667 0.3955578703703704 0.013864583333333395 0.014082407407407412
1 0.7984140624999999 0.4002518518518519 0.029703124999999986 0.05398148148148149
4 0.03203747395833333 0.6701587962962964 0.009901510416666662 0.01642870370370375
1 0.04655966145833334 0.6613574074074074 0.04026609375 0.07393148148148149
4 0.9535364583333333 0.8896055555555555 0.013864583333333276 0.018775925925925946
4 0.9789505208333333 0.9060347222222221 0.0145260416666666 0.01642870370370375
0 0.9782916666666668 0.8843236111111112 0.06601041666666667 0.09270462962962961
4 0.14392421875 0.6613578703703703 0.011881770833333328 0.012908333333333258
4 0.12280104166666668 0.6625314814814816 0.013202083333333324 0.015255555555555555
4 0.23072734374999998 0.5516342592592592 0.007260937499999986 0.01642962962962955
4 0.20696380208333331 0.5610226851851852 0.012542187500000008 0.014082407407407464
4 0.6360286458333334 0.4248953703703704 0.01122395833333331 0.009388888888888877
4 0.6323984374999999 0.43310972222222227 0.006598958333333371 0.014082407407407412
4 0.6462604166666668 0.4360435185185186 0.00791666666666669 0.010561111111111117
4 0.799734375 0.5228833333333333 0.007260416666666695 0.015255555555555555
4 0.8116171875 0.5357916666666667 0.015182291666666714 0.015255555555555555
4 0.7878515625000001 0.6854143518518518 0.012546874999999957 0.014082407407407358
4 0.8159036458333334 0.6818939814814815 0.00792187500000002 0.014082407407407358
0 0.813265625 0.5211231481481483 0.04488541666666658 0.05867592592592593
0 0.10464843750000001 0.43663055555555563 0.04290625 0.07979814814814816
0 0.13369296875 0.6496226851851852 0.04686718749999999 0.06219537037037042
0 0.21554505208333333 0.5469402777777779 0.05346822916666666 0.09153425925925923
0 0.6422994791666667 0.42548240740740745 0.031682291666666744 0.045766666666666664
0 0.7934635416666667 0.6713328703703704 0.062052083333333265 0.11031018518518518
3 0.6376796875 0.02531500462962963 0.06469270833333335 0.052807953703703704
3 0.4785950520833333 0.11391518518518519 0.12805989583333327 0.19480296296296298
