3 0.6155677083333333 0.1461865740740741 0.012541666666666748 0.017602777777777773
3 0.6436197916666666 0.22363842592592592 0.011885416666666752 0.017602777777777773
3 0.5766197916666668 0.14501296296296298 0.0072604166666665765 0.010561111111111117
3 0.5739791666666666 0.17141712962962966 0.01121874999999998 0.014082407407407412
3 0.4607721354166667 0.16378935185185184 0.010561979166666664 0.019949074074074064
3 0.5218315104166666 0.22363842592592592 0.011222395833333346 0.024643518518518502
3 0.5122598958333333 0.2212912037037037 0.01320208333333331 0.029337962962962965
3 0.42215624999999996 0.17493750000000002 0.012541666666666687 0.021123148148148137
3 0.43964895833333334 0.18080555555555555 0.009241666666666681 0.011735185185185192
3 0.40565390625 0.1960611111111111 0.009901562499999983 0.018775925925925918
4 0.04457942708333333 0.6848282407407408 0.02310364583333334 0.01760277777777775
1 0.04886997395833333 0.6736796296296297 0.03300484375 0.06571666666666671
4 0.8211848958333333 0.43721712962962966 0.013203124999999953 0.010562037037037073
4 0.9941328125000001 0.43311018518518524 0.011880208333333423 0.035205555555555545
2 1.0050260416666668 0.44660509259259257 0.053468750000000044 0.07627870370370374
1 0.8198671875 0.4401509259259259 0.021119791666666762 0.04928703703703705
4 0.09771718750000001 0.5950541666666667 0.013202083333333324 0.014082407407407464
4 0.12511145833333334 0.5979884259259259 0.015182291666666655 0.01760277777777775
4 0.30597890625 0.5410726851851853 0.009901562499999983 0.014082407407407358
4 0.11256953125 0.519362962962963 0.009901562500000013 0.01056111111111117
4 0.11950078125 0.528163888888889 0.007921354166666669 0.011735185185185166
4 0.10101796874999999 0.5322717592592592 0.011881770833333328 0.012908333333333258
4 0.2498703125 0.5985750000000001 0.008581249999999999 0.011735185185185166
4 0.24095885416666665 0.6103101851851852 0.01320208333333334 0.011735185185185166
4 0.6198567708333333 0.8168476851851852 0.018484374999999886 0.014082407407407358
4 0.6178776041666667 0.835037037037037 0.013203124999999953 0.015255555555555555
4 0.5743098958333333 0.8010055555555556 0.013203124999999953 0.019950000000000048
4 0.8317473958333332 0.5704106481481481 0.011880208333333305 0.014082407407407464
4 0.813265625 0.5616092592592593 0.011885416666666752 0.012909259259259266
4 0.8096354166666666 0.5715842592592593 0.01121874999999998 0.014081481481481454
0 0.8225052083333333 0.557501851851852 0.05016666666666663 0.05867592592592593
0 0.6205182291666667 0.8115671296296297 0.03828645833333333 0.08331944444444446
0 0.5739791666666666 0.7810555555555555 0.05610416666666668 0.12321851851851855
0 0.3086192708333333 0.5322712962962963 0.0442270833333333 0.08097222222222217
0 0.24293932291666664 0.6038555555555556 0.031684895833333324 0.05750185185185183
0 0.10497864583333334 0.5187759259259259 0.04092604166666667 0.05398148148148144
0 0.110259375 0.5762782407407407 0.05412812499999999 0.07510462962962969
