4 0.9060078125 0.36035185185185187 0.015182291666666596 0.011735185185185166
1 0.9023802083333334 0.36387314814814814 0.026406250000000023 0.05398148148148144
1 0.0053034375 0.6854143518518518 0.0475271875 0.08683981481481474
4 0.9802708333333333 0.8502930555555556 0.013197916666666623 0.024643518518518526
4 0.9928125 0.8819777777777779 0.01584375000000004 0.01994999999999994
0 0.9924843750000001 0.8614412037037037 0.058749999999999976 0.08449351851851845
4 0.37627942708333334 0.39321018518518525 0.010561979166666664 0.011735185185185218
4 0.28386562499999995 0.5070407407407408 0.010561458333333284 0.011735185185185166
4 0.28188515624999994 0.5217101851851851 0.011881770833333328 0.015255555555555555
4 0.27264375 0.46362129629629634 0.01320208333333331 0.016429629629629655
4 0.25548125 0.4565800925925926 0.014521874999999972 0.011734259259259262
4 0.25086067708333337 0.46772870370370373 0.011881770833333357 0.015255555555555555
4 0.2455796875 0.5416592592592593 0.01320208333333334 0.015255555555555555
4 0.6106145833333334 0.37443472222222224 0.009239583333333337 0.009387962962962973
4 0.6063229166666667 0.3838226851851852 0.008583333333333342 0.009387962962962973
4 0.6218359375 0.3844092592592593 0.009244791666666667 0.010561111111111117
4 0.7888411458333333 0.47711666666666674 0.009244791666666667 0.010561111111111117
4 0.8003932291666667 0.4917856481481482 0.015182291666666596 0.014082407407407358
4 0.7357057291666667 0.6496222222222223 0.015182291666666714 0.015255555555555555
4 0.7644192708333333 0.647275462962963 0.00792187500000002 0.01760277777777775
0 0.8013828125 0.4782902777777778 0.04884895833333332 0.0715842592592592
0 0.37957994791666666 0.3849962962962963 0.03168489583333335 0.042246296296296275
0 0.27693437499999995 0.5123217592592593 0.03630520833333334 0.05515462962962964
0 0.2670330729166667 0.4424981481481482 0.05082760416666669 0.0844925925925926
0 0.24855026041666667 0.529337962962963 0.05082760416666664 0.1032685185185186
0 0.615234375 0.3767814814814815 0.030364583333333427 0.04224629629629633
0 0.7380156249999998 0.6355402777777778 0.06601041666666667 0.12556574074074073
3 0.6241458333333334 0.04115740740740741 0.01782291666666668 0.025817222222222224
3 0.5607786458333333 0.07108194444444445 0.015182291666666714 0.019949629629629637
3 0.5416328125 0.11391527777777778 0.020463541666666647 0.03755277777777777
3 0.42347656250000004 0.05876009259259259 0.012541666666666687 0.023470185185185184
3 0.4139052083333334 0.08281712962962963 0.015842708333333337 0.029337962962962965
