4 0.5891614583333333 0.6854148148148149 0.007260416666666695 0.028164814814814823
4 0.5498854166666667 0.7082981481481482 0.02376041666666661 0.02464444444444443
4 0.5898229166666666 0.45481990740740746 0.012541666666666628 0.0176027777777778
4 0.5650677083333332 0.45481990740740746 0.013197916666666623 0.01994907407407409
4 0.5627552083333334 0.43076296296296296 0.012541666666666628 0.016429629629629655
4 0.3076291666666666 0.5839060185185185 0.015842708333333337 0.019949074074074036
4 0.2967375 0.6015087962962963 0.012541666666666628 0.019949074074074143
4 0.25053046875 0.5698240740740742 0.01782239583333333 0.022296296296296335
4 0.30927942708333334 0.4865046296296296 0.009901562499999983 0.03168518518518516
1 0.32644192708333336 0.48063703703703703 0.04818697916666667 0.09505370370370372
4 0.6079739583333333 0.18843287037037038 0.013197916666666623 0.012908333333333336
4 0.6020338541666667 0.19840787037037036 0.013203124999999953 0.0164287037037037
4 0.6274453124999999 0.1995814814814815 0.015182291666666714 0.01642962962962963
4 0.4861861979166666 0.4982398148148148 0.0165026041666667 0.022296296296296335
4 0.5257932291666666 0.5134953703703704 0.01518437499999994 0.01994999999999994
0 0.3185205729166667 0.5880134259259259 0.06006927083333332 0.09388055555555552
0 0.3577966145833333 0.7781222222222223 0.07129114583333335 0.10796296296296298
0 0.6201848958333334 0.17083055555555557 0.060067708333333414 0.09974814814814813
0 0.2508604166666667 0.5463537037037037 0.04752708333333334 0.09740185185185182
0 0.5541768229166666 0.6736796296296297 0.08383385416666667 0.1736796296296296
0 0.5056583333333333 0.4777032407407407 0.09241249999999995 0.1713324074074074
0 0.574640625 0.4419115740740741 0.058749999999999976 0.0833194444444444
