4 0.7528671875 0.4507125 0.013859374999999948 0.0164287037037037
4 0.7152395833333334 0.46362129629629634 0.016499999999999914 0.023470370370370384
4 0.51127109375 0.3022634259259259 0.019145312500000008 0.010562037037037073
4 0.5125901041666666 0.31517222222222224 0.015182291666666714 0.012909259259259266
4 0.4957575520833333 0.3093046296296296 0.007921354166666639 0.015255555555555555
4 0.9796093749999999 0.9547361111111111 0.02904166666666666 0.03402777777777778
4 0.9700390624999999 0.9113152777777778 0.0257447916666667 0.02229722222222224
4 0.6937864583333334 0.43545694444444444 0.010562499999999985 0.01877685185185185
4 0.5545078125000001 0.7229666666666666 0.01716145833333336 0.03051111111111111
4 0.51060859375 0.7141657407407408 0.025741145833333333 0.02464444444444443
0 0.7277838541666666 0.44660555555555564 0.08647395833333332 0.12791296296296298
0 0.5069786458333333 0.2999162037037037 0.03960520833333329 0.0668898148148148
0 0.5251328124999999 0.6895217592592594 0.09175520833333331 0.12556574074074073
0 0.7053411458333334 0.4184407407407408 0.07063020833333328 0.11617777777777781
0 0.9872005208333333 0.9359606481481482 0.07591145833333333 0.12087499999999986
0 0.29376692708333335 0.30108981481481484 0.042246354166666694 0.07627777777777778
