3 0.6776145833333334 0.20075462962962964 0.008583333333333342 0.011735185185185166
3 0.6482421875 0.14853333333333332 0.011880208333333305 0.019949999999999992
3 0.6284375 0.14794722222222223 0.0066041666666667 0.011735185185185192
3 0.6069843749999999 0.24769537037037034 0.012541666666666748 0.016429629629629603
3 0.5756276041666666 0.16378935185185184 0.00792187500000002 0.017602777777777773
3 0.5528567708333334 0.22070416666666667 0.015182291666666596 0.021123148148148137
3 0.5132502604166667 0.16496249999999998 0.009901562500000042 0.017602777777777773
3 0.44360963541666665 0.1925402777777778 0.007921354166666698 0.014082407407407412
3 0.39047161458333335 0.20427546296296298 0.011221354166666645 0.0164287037037037
4 0.10959921874999999 0.6478625 0.02112343750000001 0.016428703703703647
1 0.11388984375 0.6373009259259259 0.03102447916666667 0.06102222222222222
4 0.9304322916666665 0.4295893518518519 0.013864583333333395 0.011734259259259262
1 0.9281223958333332 0.4301759259259259 0.021119791666666644 0.04342037037037038
4 0.4416294270833333 0.5199495370370371 0.009241145833333301 0.01642870370370375
4 0.4195158854166667 0.5211231481481482 0.009901562499999983 0.01408148148148156
4 0.3238013020833333 0.44191111111111114 0.009901562499999983 0.010561111111111117
4 0.8763046875 0.912488888888889 0.009901041666666662 0.01760185185185195
4 0.8446197916666667 0.8860847222222222 0.012541666666666628 0.016428703703703647
4 0.8492421875 0.9136625 0.015182291666666596 0.019949074074074143
4 0.6677135416666666 0.5041074074074073 0.01121874999999998 0.015255555555555555
4 0.5601171875000001 0.7523046296296297 0.008578125000000015 0.016429629629629655
4 0.57496875 0.7722546296296297 0.02112499999999997 0.018775925925925946
0 0.6654036458333332 0.49589305555555563 0.03828645833333333 0.07862500000000003
0 0.5752994791666667 0.7517180555555556 0.057432291666666656 0.08566574074074075
0 0.426446875 0.5105615740740741 0.04752708333333331 0.07979907407407412
0 0.32182109375 0.43428333333333335 0.020463020833333387 0.039899999999999984
0 0.8588125 0.8966444444444445 0.05677083333333333 0.07509999999999996
