3 0.64725 0.17552453703703705 0.013864583333333276 0.017602777777777773
3 0.6274479166666667 0.17141712962962966 0.01121874999999998 0.01877685185185185
3 0.6165572916666666 0.11626203703703702 0.01452083333333339 0.02347037037037037
3 0.5951015624999999 0.11626203703703704 0.008578125000000015 0.018775925925925918
3 0.5673776041666667 0.13679861111111113 0.013859375000000066 0.019949074074074064
3 0.44592005208333335 0.15792175925925925 0.013861979166666672 0.029337962962962965
3 0.4218263020833333 0.16437592592592595 0.010561979166666664 0.018775925925925918
4 0.9251510416666666 0.42430879629629636 0.012541666666666628 0.01290833333333331
1 0.9277942708333333 0.4260685185185185 0.029703125000000104 0.05398148148148144
4 0.9994140625 0.4290023148148148 0.006598958333333371 0.01760277777777775
2 1.0013932291666667 0.43487037037037035 0.039609374999999974 0.06923703703703706
4 0.25845182291666663 0.6249791666666666 0.009901562500000013 0.012908333333333362
4 0.24062890625 0.618524537037037 0.007260937500000016 0.01877685185185185
4 0.1587765625 0.6490361111111111 0.008581249999999999 0.01173518518518527
4 0.16570755208333332 0.6584240740740741 0.005280729166666671 0.016429629629629655
4 0.14689479166666666 0.6660518518518519 0.011221874999999996 0.012909259259259266
4 0.8155755208333334 0.5299245370370371 0.007265625000000024 0.010562037037037073
4 0.7951119791666665 0.5346185185185186 0.009901041666666662 0.012909259259259266
0 0.14920520833333334 0.6507962962962962 0.04356666666666666 0.06454259259259261
0 0.2577916666666667 0.6085495370370371 0.054788541666666676 0.1020953703703704
0 0.7980833333333334 0.5258171296296296 0.04753125 0.08918611111111113
