4 0.012894580729166667 0.5070412037037036 0.02706406770833333 0.021123148148148137
1 0.01751528645833333 0.4953055555555556 0.038945885416666666 0.09622777777777783
4 0.5858619791666667 0.5275777777777778 0.008578125000000015 0.019950000000000048
4 0.5564869791666667 0.5428333333333334 0.01716145833333336 0.019950000000000048
4 0.3112596354166667 0.5088013888888889 0.011221354166666645 0.01760277777777775
4 0.32182109375 0.5222967592592593 0.009901562500000042 0.021123148148148137
4 0.29343697916666667 0.5252305555555556 0.015182291666666714 0.019950000000000048
4 0.526453125 0.3703268518518518 0.01121874999999998 0.015255555555555555
4 0.5343723958333333 0.38616944444444445 0.009901041666666662 0.018775925925925946
4 0.5079692708333333 0.38558287037037037 0.02178333333333331 0.0176027777777778
4 0.6007135416666666 0.6977365740740742 0.019802083333333442 0.024643518518518526
4 0.5469140625 0.696562962962963 0.01650520833333336 0.02229629629629623
0 0.30069817708333335 0.5111481481481481 0.05742864583333335 0.08566666666666665
0 0.5106098958333333 0.3621125 0.06403020833333327 0.1020953703703704
0 0.5611067708333334 0.5164291666666667 0.06469270833333335 0.14082129629629633
0 0.5485645833333334 0.6801337962962963 0.056766666666666646 0.09974907407407411
0 0.6142473958333333 0.678373611111111 0.09571354166666665 0.1736787037037037
