4 0.23534817708333336 0.46362129629629634 0.02310364583333332 0.018775925925925946
2 -0.008558645833333333 0.47711620370370367 0.062049375 0.15607685185185186
1 0.24392942708333334 0.450712962962963 0.0481869791666667 0.09622777777777772
4 0.4307377604166666 0.5868398148148148 0.009901562500000042 0.023470370370370332
4 0.2663729166666667 0.7446768518518518 0.01782291666666668 0.02464444444444443
4 0.23171770833333336 0.7652134259259259 0.021122916666666658 0.025817592592592524
4 0.7251432291666667 0.9682314814814815 0.020463541666666647 0.025814814814814915
4 0.6654036458333333 0.9570833333333335 0.026401041666666694 0.03168518518518521
4 0.6234869791666666 0.4624476851851852 0.024421874999999933 0.014082407407407412
4 0.6300885416666666 0.4829837962962963 0.02310416666666673 0.024643518518518474
4 0.5941119791666667 0.47535601851851855 0.019807291666666654 0.02112314814814819
4 0.5993932291666667 0.5416597222222223 0.01716145833333336 0.02229722222222224
4 0.5650677083333332 0.5346185185185185 0.025083333333333374 0.01994999999999994
4 0.5604479166666666 0.5539814814814814 0.025083333333333374 0.02112407407407404
4 0.7007187500000001 0.6378875 0.028385416666666666 0.015256481481481565
4 0.7050078125 0.6642916666666666 0.017161458333333237 0.01877592592592584
4 0.6753046875000001 0.6507958333333334 0.013203124999999953 0.024643518518518526
4 0.6947786458333333 0.47653009259259255 0.02442187500000005 0.014082407407407358
4 0.698078125 0.49765277777777783 0.016500000000000032 0.018775925925925946
4 0.6729947916666668 0.48709166666666665 0.012541666666666748 0.018775925925925946
4 0.6749739583333334 0.401425 0.013864583333333276 0.018775925925925946
0 0.6954375 0.6402347222222223 0.06666666666666667 0.1067898148148148
0 0.6901562499999999 0.9072083333333334 0.13399999999999998 0.22062037037037047
0 0.4535111979166667 0.5751046296296297 0.06336927083333332 0.1009222222222222
0 0.6086354166666667 0.43897731481481483 0.08053125000000005 0.13612685185185192
0 0.24359921875 0.735875925925926 0.0792119791666667 0.11969814814814815
0 0.6531927083333334 0.390863425925926 0.0785520833333333 0.13612685185185186
0 0.6911484375000001 0.4777032407407407 0.05808854166666665 0.0868398148148148
0 0.5766197916666668 0.520536574074074 0.09307291666666669 0.11383055555555557
