3 0.5350338541666666 0.18256527777777778 0.031026041666666632 0.05280833333333335
3 0.42116640625 0.1995814814814815 0.05940885416666669 0.11500370370370369
4 0.9403333333333334 0.4559930555555555 0.012541666666666628 0.01290833333333331
4 0.006623638020833334 0.6707458333333334 0.011881786458333331 0.019949074074074036
1 0.9456145833333333 0.4606875 0.027062500000000017 0.0528083333333333
1 0.008934010416666667 0.6637050925925927 0.02970447916666667 0.07158425925925929
4 0.9888515625 0.4436717592592593 0.011880208333333305 0.0328583333333333
2 0.9971041666666667 0.45481944444444444 0.042906250000000055 0.069237037037037
4 0.26076197916666666 0.6050291666666667 0.006601041666666655 0.012908333333333362
4 0.23468828125 0.6103101851851852 0.009901562500000013 0.011735185185185166
4 0.35680651041666667 0.5463537037037037 0.007260937500000016 0.010561111111111065
4 0.3478950520833333 0.5592625 0.014522395833333293 0.010562037037037073
4 0.37297890625 0.6554902777777778 0.011881770833333328 0.010562037037037073
4 0.37231901041666665 0.6707458333333334 0.011881770833333328 0.012908333333333362
4 0.8116171874999999 0.5686504629629631 0.009901041666666662 0.012908333333333362
4 0.7941223958333333 0.5616092592592593 0.010557291666666658 0.012909259259259266
4 0.7885104166666667 0.5698240740740742 0.008583333333333342 0.015255555555555555
4 0.21290494791666667 0.6461018518518519 0.016502604166666667 0.01056111111111117
4 0.21752552083333332 0.6595972222222223 0.011221875000000025 0.011735185185185166
4 0.19904270833333335 0.656663425925926 0.011221874999999996 0.012908333333333362
4 0.9317552083333334 0.8784574074074074 0.007260416666666695 0.01994999999999994
4 0.9446249999999999 0.9077949074074074 0.014520833333333271 0.01760277777777775
4 0.25185078125 0.8074597222222222 0.013861979166666672 0.021123148148148137
4 0.23402786458333333 0.7423300925925926 0.012542187500000008 0.01760277777777775
0 0.8030338541666665 0.5545680555555557 0.04950520833333331 0.06454351851851851
0 0.9452864583333334 0.893126388888889 0.05544791666666669 0.08683981481481486
0 0.3439346354166667 0.5416592592592593 0.038285937500000006 0.069237037037037
0 0.3739690104166667 0.6560768518518518 0.029704687500000007 0.06102222222222222
0 0.24888020833333335 0.5944675925925926 0.05544791666666669 0.09270740740740743
0 0.20597369791666664 0.6466888888888889 0.03960572916666667 0.06102222222222222
0 0.21818567708333336 0.7276611111111112 0.06799010416666666 0.1056166666666667
0 0.24458958333333333 0.8027657407407408 0.04686666666666669 0.06337037037037031
