3 0.6165572916666666 0.1966476851851852 0.01452083333333339 0.019949074074074064
3 0.5967526041666668 0.2171837962962963 0.010557291666666658 0.0164287037037037
3 0.45615156249999994 0.24124120370370372 0.01320208333333337 0.024643518518518526
3 0.4195158854166667 0.24300138888888892 0.009901562499999983 0.014082407407407412
3 0.3696783854166667 0.20955648148148148 0.010561979166666664 0.015255555555555555
4 0.8261380208333333 0.47535601851851855 0.015182291666666714 0.014082407407407464
1 0.8238255208333333 0.479463425925926 0.02244270833333329 0.048113888888888914
4 0.9852213541666667 0.4524726851851852 0.015182291666666714 0.010562037037037073
4 0.9967734375 0.4735958333333334 0.006598958333333371 0.036378703703703746
4 0.9835703124999999 0.4724226851851852 0.006598958333333371 0.029337962962962913
4 0.9703697916666667 0.46890185185185185 0.011885416666666633 0.03403148148148155
2 0.9809322916666666 0.4829837962962964 0.05016666666666663 0.07862500000000003
4 0.3412940104166666 0.6801342592592593 0.011881770833333328 0.015255555555555555
4 0.3152200520833333 0.6783736111111112 0.007260937500000016 0.016428703703703647
4 0.18617057291666667 0.7006703703703704 0.011881770833333328 0.016429629629629655
4 0.16735807291666666 0.7065379629629629 0.009901562500000013 0.014081481481481454
4 0.7083098958333333 0.5751046296296297 0.00792187500000002 0.014081481481481454
4 0.9036979166666667 0.5645430555555556 0.009239583333333337 0.011734259259259262
4 0.91525 0.578038425925926 0.01121874999999998 0.012908333333333258
4 0.8967682291666667 0.5727574074074074 0.007265625000000024 0.011735185185185166
0 0.9102994791666666 0.5692370370370371 0.03696354166666668 0.05163518518518515
0 0.7175520833333333 0.5709972222222223 0.040927083333333295 0.05515555555555554
0 0.3327130208333333 0.6707458333333334 0.05412812500000002 0.09974907407407402
0 0.17923984375 0.6930425925925926 0.04422656250000001 0.06219629629629632
