4 0.35614661458333335 0.5974013888888889 0.009901562499999983 0.025817592592592628
1 0.37297890625 0.5927074074074075 0.0435661458333333 0.08449259259259255
4 0.6290989583333333 0.3269069444444444 0.01584374999999992 0.0176027777777778
4 0.6109453125 0.3175189814814815 0.015182291666666596 0.012908333333333362
4 0.6056640625 0.3304277777777778 0.013859375000000066 0.015255555555555555
4 0.4884966145833333 0.5745180555555555 0.011881770833333387 0.019949074074074036
4 0.45318098958333336 0.5751046296296297 0.012542187500000008 0.01877592592592584
4 0.31588020833333336 0.6226319444444445 0.02178333333333337 0.012908333333333362
4 0.3148901041666667 0.6408212962962964 0.017162499999999997 0.01408148148148156
4 0.6033541666666666 0.7364625 0.011885416666666633 0.01760277777777775
4 0.5752994791666667 0.7311814814814814 0.015182291666666714 0.023470370370370437
4 0.5383333333333333 0.7088851851851852 0.012541666666666748 0.018775925925925946
4 0.6541796875 0.6531435185185185 0.02244270833333329 0.015255555555555555
4 0.652859375 0.6742662037037037 0.01452083333333339 0.019949074074074143
4 0.6739843750000001 0.6642916666666666 0.0066041666666667 0.01877592592592584
4 0.5937812499999999 0.48181064814814817 0.013864583333333276 0.01760277777777775
0 0.6215052083333333 0.3010902777777778 0.05742708333333333 0.09505462962962963
0 0.5954322916666667 0.4659680555555556 0.05677083333333333 0.12204537037037035
0 0.6564895833333333 0.6537300925925926 0.04818749999999999 0.09153425925925923
0 0.5848697916666665 0.7188597222222223 0.06468750000000002 0.09505462962962963
0 0.46605286458333334 0.5557416666666667 0.08185260416666662 0.13495370370370371
0 0.31753072916666664 0.6202847222222223 0.040926041666666656 0.08801388888888885
0 0.5515364583333333 0.6924555555555556 0.05479166666666663 0.09153333333333333
