3 0.36901822916666666 0.21777083333333333 0.010561458333333343 0.01994907407407409
3 0.41951614583333335 0.20720925925925926 0.008581249999999999 0.012909259259259266
3 0.45450130208333334 0.22246481481481484 0.013861979166666672 0.02699074074074072
3 0.5696875000000001 0.18725972222222223 0.010562499999999985 0.017602777777777773
3 0.6271171875 0.1643763888888889 0.011880208333333305 0.021123148148148137
3 0.6063255208333334 0.18549907407407407 0.009901041666666662 0.01642962962962963
3 0.36769817708333336 0.1790449074074074 0.010561979166666664 0.015256481481481485
4 0.8489114583333333 0.4577537037037037 0.01584374999999992 0.014081481481481507
1 0.8459401041666667 0.4595138888888889 0.023098958333333405 0.0504611111111111
4 0.3403041666666667 0.6924555555555556 0.011221875000000025 0.018775925925925946
4 0.3109294270833333 0.6930421296296296 0.011881770833333328 0.01760277777777775
4 0.16603776041666668 0.6607712962962964 0.01782239583333333 0.011735185185185166
4 0.16471744791666665 0.6736796296296297 0.012542187500000008 0.016429629629629655
4 0.77828125 0.5727578703703705 0.009239583333333337 0.014082407407407358
4 0.7994036458333333 0.5739310185185186 0.009244791666666667 0.014082407407407464
4 0.9317526041666667 0.5533944444444444 0.01122395833333331 0.015255555555555555
4 0.9442968749999999 0.5674768518518519 0.012541666666666628 0.012909259259259266
0 0.9396744791666666 0.5551550925925927 0.038942708333333326 0.05632870370370374
0 0.7832317708333334 0.5604361111111111 0.04158854166666662 0.06219629629629632
0 0.32743203125 0.6836546296296296 0.058089062499999976 0.1044425925925926
0 0.16537760416666666 0.6601842592592593 0.03102500000000002 0.05750185185185183
