3 0.7904921874999999 0.058173333333333334 0.021786458333333415 0.026990740740740735
3 0.8102942708333334 0.12330324074074074 0.019140625 0.018776851851851836
3 0.7175494791666668 0.1778712962962963 0.018484375000000004 0.022296296296296283
3 0.6340494791666667 0.1373851851851852 0.019140625 0.023470370370370384
3 0.4716638020833333 0.1092212962962963 0.012542187500000008 0.018775925925925946
3 0.5267838541666666 0.10863425925925928 0.011880208333333364 0.019950000000000006
4 0.0789046875 0.617350925925926 0.021783333333333325 0.016429629629629655
1 0.08517552083333334 0.6044421296296296 0.034324999999999994 0.06806388888888891
4 0.5505468750000001 0.4900250000000001 0.010562499999999985 0.015255555555555555
4 0.5261223958333333 0.4964796296296297 0.013203125000000012 0.016429629629629655
4 0.40301328124999997 0.39614444444444447 0.013861979166666672 0.010561111111111117
4 0.9508958333333332 0.9230481481481483 0.019145833333333327 0.02229259259259251
4 0.9159088541666667 0.8819777777777779 0.020463541666666647 0.012909259259259162
4 0.9178932291666667 0.9154236111111111 0.020463541666666647 0.025819444444444437
4 0.54790625 0.7435032407407408 0.010562499999999985 0.017602777777777853
4 0.5182018229166666 0.7382226851851852 0.019804687500000046 0.01877685185185185
0 0.5320625 0.48533101851851856 0.055447916666666625 0.08801388888888885
0 0.5274419270833333 0.7188597222222223 0.06997031249999992 0.09740092592592592
0 0.40070312499999994 0.3873430555555556 0.029044791666666646 0.04459351851851852
0 0.928453125 0.9042731481481482 0.07327083333333337 0.0973981481481482
0 0.6482421875 0.4477791666666667 0.03828645833333345 0.0715842592592592
