3 0.6888359375 0.04643820370370371 0.18813020833333335 0.09740137037037037
4 0.40268333333333334 0.6660518518518519 0.019803125000000026 0.02229629629629623
4 0.37363906249999995 0.6648782407407409 0.019803125000000026 0.02229722222222224
4 0.3739690104166667 0.5827324074074074 0.011221354166666645 0.026990740740740825
4 0.3379934895833333 0.5997486111111111 0.025083854166666697 0.021123148148148137
4 0.4323877604166667 0.4782902777777778 0.011881770833333328 0.01290833333333331
4 0.4274372395833333 0.49941296296296295 0.020463020833333328 0.019950000000000048
4 0.39014166666666666 0.5023467592592593 0.01320208333333331 0.021123148148148137
4 0.3063088541666667 0.5663032407407408 0.01716250000000006 0.019949074074074036
4 0.08154505208333335 0.40259861111111117 0.0244234375 0.0164287037037037
4 0.08814583333333334 0.4219615740740741 0.024423958333333336 0.01760277777777775
4 0.061411979166666665 0.41316018518518516 0.014521875000000002 0.023470370370370384
4 0.5162200520833333 0.42313518518518517 0.015841145833333372 0.019949999999999992
4 0.19442213541666667 0.6478625 0.027064062499999982 0.025817592592592628
4 0.15976692708333334 0.6373004629629629 0.022443229166666672 0.021123148148148137
4 0.14953515624999997 0.6595976851851852 0.02310364583333332 0.025817592592592628
0 0.07857440104166667 0.3949708333333333 0.062049114583333335 0.0880138888888889
0 0.17824947916666664 0.6284995370370372 0.10033541666666665 0.12556574074074073
0 0.3449247395833333 0.5762777777777779 0.07855156249999998 0.15020925925925926
0 0.3941020833333333 0.6513828703703705 0.0699708333333333 0.1009212962962963
0 0.41357526041666665 0.46772824074074076 0.07723177083333331 0.12556574074074073
0 0.5145700520833334 0.41140000000000004 0.06006822916666674 0.12321851851851855
0 0.30795911458333336 0.5487009259259259 0.04950781249999997 0.08801296296296295
