4 0.5531874999999999 0.29815601851851853 0.025083333333333374 0.0164287037037037
1 0.5495546875 0.30519722222222223 0.03498437500000004 0.09153333333333333
4 0.8162343750000001 0.22363842592592592 0.023104166666666613 0.017602777777777773
4 0.8360364583333334 0.25943009259259264 0.012541666666666628 0.06336944444444444
4 0.8159062499999999 0.26001712962962964 0.009239583333333337 0.05515462962962961
4 0.7934609375000001 0.2576703703703704 0.018484375000000004 0.0621962962962963
2 0.813265625 0.28172731481481483 0.09109375000000004 0.1408212962962963
4 0.32314140625 0.6331935185185185 0.009901562499999983 0.022296296296296335
4 0.30333828125 0.6601842592592593 0.03102447916666667 0.022296296296296335
4 0.459121875 0.6666384259259259 0.012541666666666628 0.025817592592592524
4 0.4977377604166667 0.6795472222222223 0.02112343749999995 0.02581666666666662
4 0.46341249999999995 0.3368819444444444 0.014521874999999972 0.0164287037037037
4 0.4515307291666667 0.32632037037037037 0.014521874999999972 0.016429629629629655
4 0.44228932291666667 0.3380555555555556 0.011881770833333328 0.023470370370370384
4 0.33601328124999996 0.6009217592592593 0.027724479166666663 0.016428703703703647
4 0.33601328125 0.6238055555555556 0.018482812499999984 0.022296296296296335
4 0.5152317708333334 0.5187763888888888 0.01122395833333331 0.021123148148148137
4 0.47364427083333327 0.5264037037037038 0.015182291666666655 0.01994999999999994
4 0.43535859375 0.7006699074074075 0.027064062499999982 0.021123148148148137
4 0.4346981770833333 0.7253143518518519 0.019143229166666664 0.021123148148148137
4 0.7073203124999999 0.34744351851851857 0.013859374999999948 0.016429629629629603
4 0.7155703125 0.36152546296296295 0.011880208333333305 0.014082407407407412
0 0.7020390624999999 0.3433365740740741 0.052151041666666724 0.07158425925925924
0 0.45780156250000004 0.3298407407407407 0.052147916666666676 0.06571666666666666
0 0.33469296875 0.5985745370370371 0.04884739583333335 0.1056157407407408
0 0.48585625000000005 0.5064541666666666 0.08845416666666667 0.14903611111111117
0 0.495428125 0.6560768518518518 0.09043541666666664 0.1736796296296297
0 0.4386588541666666 0.7024305555555556 0.06402916666666668 0.10678888888888899
0 0.29838776041666665 0.6126569444444444 0.07921197916666665 0.15255648148148146
