1 0.03764830729166667 0.6860013888888888 0.04488671875 0.07393055555555558
1 0.8885156249999999 0.42313518518518517 0.025083333333333374 0.05750185185185183
4 0.021145833333333332 0.696562962962963 0.010561562500000002 0.02229629629629623
4 0.8914869791666666 0.4190277777777778 0.015182291666666714 0.011735185185185166
3 0.4132450520833333 0.20368842592592593 0.08581302083333338 0.1607712962962963
0 0.920203125 0.9130745370370371 0.07129166666666673 0.0985731481481481
0 0.12082083333333334 0.5927074074074075 0.03696562500000001 0.05632777777777784
0 0.14062395833333333 0.6425819444444444 0.06997083333333334 0.1020953703703704
0 0.29046640625000003 0.6108967592592593 0.05676822916666667 0.10913611111111109
0 0.8201953125 0.528751388888889 0.044223958333333376 0.09036018518518524
0 0.9872005208333333 0.5258171296296296 0.04158854166666662 0.058675000000000026
4 0.27363385416666663 0.6179375 0.008581249999999999 0.017602777777777853
4 0.3000380208333333 0.6232185185185186 0.011221875000000025 0.016429629629629655
4 0.15118541666666668 0.657250462962963 0.017162499999999997 0.021123148148148137
4 0.1584466145833333 0.6701592592592592 0.015842187499999986 0.01877592592592584
4 0.12907213541666668 0.6707458333333334 0.02310364583333332 0.019949074074074036
4 0.11520989583333334 0.6056157407407408 0.011221874999999996 0.016429629629629655
4 0.818875 0.5416597222222223 0.012541666666666628 0.017602777777777853
4 0.9007291666666667 0.9154212962962963 0.013864583333333395 0.030509259259259302
4 0.9802708333333333 0.5211231481481482 0.011885416666666633 0.01642962962962955
4 0.9852213541666667 0.5363787037037037 0.013859375000000066 0.018775925925925946
