3 0.5155598958333333 0.01357990939814815 0.01716145833333336 0.026990736759259257
3 0.4033434895833333 0.008885881620370371 0.010561979166666664 0.0176026812037037
3 0.40367369791666663 0.09748569444444445 0.01650260416666664 0.03989898148148149
3 0.44393984375 0.12682361111111112 0.020463020833333328 0.04459351851851853
3 0.32149114583333327 0.14501296296296295 0.014521874999999972 0.031685185185185184
4 0.9003984374999999 0.32338657407407406 0.01716145833333336 0.012908333333333362
1 0.8977604166666665 0.32808055555555554 0.025083333333333374 0.06219629629629632
4 0.2310575520833333 0.6425814814814815 0.019802604166666675 0.022296296296296335
4 0.19607239583333333 0.6314333333333333 0.01320208333333331 0.023470370370370332
4 0.4376684895833333 0.7129921296296297 0.018482812499999984 0.019949074074074036
4 0.24392942708333334 0.4624476851851852 0.009901562500000013 0.011734259259259208
4 0.23336796875000002 0.4759430555555555 0.013861979166666672 0.01525648148148146
4 0.4181955729166667 0.37208703703703705 0.009901562500000042 0.011735185185185166
4 0.40235338541666665 0.3709138888888889 0.009901562499999983 0.014081481481481454
4 0.6422994791666666 0.48005046296296305 0.010557291666666658 0.0164287037037037
0 0.6314062500000001 0.45599351851851855 0.058749999999999976 0.10913703703703709
0 0.40862447916666667 0.3621125 0.03696562500000002 0.05515462962962964
0 0.43337786458333327 0.6924555555555556 0.07459114583333334 0.14551481481481476
0 0.23534817708333333 0.46420787037037037 0.03762552083333333 0.06219537037037031
0 0.21950598958333334 0.6032689814814814 0.07063072916666666 0.12908611111111112
