3 0.6142447916666666 0.15674814814814816 0.016500000000000032 0.02464444444444446
3 0.5743098958333333 0.15205416666666668 0.00792187500000002 0.012908333333333336
3 0.5644062499999999 0.1866726851851852 0.010562499999999985 0.01877685185185185
3 0.5752994791666667 0.22598564814814817 0.015182291666666714 0.024643518518518526
3 0.5498854166666667 0.20779583333333335 0.017166666666666684 0.030512037037037015
3 0.41852578124999995 0.15792175925925925 0.010561979166666664 0.017602777777777773
3 0.4119247395833333 0.2036888888888889 0.014522395833333352 0.026990740740740746
3 0.3805700520833333 0.21014305555555557 0.013861979166666672 0.025817592592592576
3 0.3340330729166666 0.21659722222222225 0.013201562500000048 0.02464444444444446
4 0.8466015625 0.45892685185185184 0.013859374999999948 0.011735185185185218
1 0.8452786458333333 0.46068703703703706 0.02442187500000005 0.05046111111111116
4 0.9878619791666667 0.4512990740740741 0.01122395833333331 0.03403148148148145
2 0.9947942708333334 0.4630342592592593 0.05413020833333337 0.08566666666666665
4 0.27099348958333336 0.6742662037037037 0.009901562499999983 0.01760277777777775
4 0.24359947916666666 0.6713324074074074 0.007920833333333318 0.01642962962962955
4 0.13567317708333335 0.7118185185185185 0.012542187500000008 0.019950000000000048
4 0.1287421875 0.696562962962963 0.013202083333333324 0.017601851851851844
4 0.10497838541666665 0.7141657407407408 0.014522395833333339 0.015255555555555555
4 0.252840625 0.9917037037037038 0.010561458333333343 0.018777777777777754
4 0.8858750000000001 0.7605194444444444 0.01584374999999992 0.01642962962962955
4 0.8601328125 0.7405694444444445 0.00792187500000002 0.016429629629629655
4 0.24888020833333335 0.48767824074074073 0.009241666666666652 0.010562037037036969
4 0.7663984374999999 0.6613578703703703 0.010557291666666658 0.012908333333333258
4 0.7376848958333333 0.6625310185185186 0.011223958333333428 0.01760277777777775
4 0.9815911458333333 0.9758564814814817 0.006598958333333371 0.017601851851851844
4 0.9528776041666667 0.9758564814814817 0.016505208333333243 0.01995370370370366
4 0.9433046875 0.9394814814814815 0.009244791666666667 0.012907407407407458
4 0.8337291666666666 0.5956412037037038 0.006604166666666581 0.010562037037036969
4 0.8205260416666665 0.5839060185185185 0.011885416666666633 0.010562037037037073
4 0.8172265625 0.5956412037037038 0.009244791666666667 0.012908333333333362
0 0.11521015625000001 0.6813074074074075 0.07063072916666667 0.10913703703703699
0 0.25713125 0.6607712962962964 0.05874895833333333 0.10796296296296298
0 0.25053046875 0.4759430555555555 0.028383854166666674 0.04576759259259257
0 0.7498958333333333 0.6537296296296297 0.06072916666666662 0.1009222222222222
0 0.8218463541666667 0.588012962962963 0.03696354166666668 0.05398148148148144
0 0.8796041666666667 0.7317685185185185 0.05742708333333333 0.07627777777777778
0 0.9541979166666666 0.9541490740740741 0.06798958333333331 0.09153518518518525
0 0.23864843749999998 0.9958055555555556 0.052147916666666676 0.08566666666666665
