3 0.426446875 0.12036944444444445 0.023763541666666655 0.041072222222222225
3 0.43667838541666665 0.10980777777777778 0.023103645833333294 0.036378888888888884
3 0.5112684895833334 0.013579912037037038 0.024421354166666673 0.02933776851851852
4 0.6343776041666667 0.470662037037037 0.007921874999999901 0.018775925925925894
4 0.3719885416666667 0.6584240740740741 0.015182291666666655 0.018775925925925946
4 0.31357005208333333 0.7065375 0.022443229166666672 0.021123148148148137
4 0.28980651041666666 0.6889351851851852 0.014522395833333352 0.02112407407407404
4 0.2822151041666667 0.7047773148148149 0.012541666666666687 0.024643518518518526
4 0.40169322916666667 0.35800509259259256 0.011221875000000025 0.014082407407407412
0 0.3577966145833333 0.6361273148148148 0.07525156250000004 0.15255648148148157
0 0.3911317708333333 0.34627037037037034 0.03894583333333331 0.06102222222222222
0 0.6205156249999999 0.44367129629629626 0.06072916666666674 0.11265740740740743
0 0.30498854166666667 0.6730925925925927 0.07393124999999999 0.1302592592592592
