3 0.0171852421875 0.43897731481481483 0.026403994791666666 0.0164287037037037
4 0.44096927083333337 0.5545680555555556 0.007920833333333318 0.024643518518518526
1 0.45846171874999997 0.5510476851851852 0.046867187500000004 0.08331944444444446
4 0.04523947916666667 0.48063703703703703 0.019142916666666662 0.07158333333333339
4 0.016195078124999998 0.48005046296296305 0.007261093749999999 0.058675000000000026
2 0.033027734375 0.5070412037037038 0.09637473958333334 0.17133240740740746
4 0.569359375 0.5528078703703704 0.005937499999999929 0.01877685185185185
4 0.5970807291666667 0.5663032407407408 0.015182291666666714 0.017602777777777853
4 0.5112697916666666 0.4618611111111111 0.01782291666666668 0.015255555555555555
4 0.4785947916666667 0.45012592592592593 0.01320208333333337 0.019949999999999992
4 0.47793463541666664 0.5105615740740741 0.018482812500000043 0.014082407407407358
4 0.7746510416666667 0.49061203703703704 0.007260416666666695 0.01642962962962955
4 0.7574869791666666 0.48063703703703703 0.017817708333333352 0.015255555555555555
4 0.7525364583333333 0.4976527777777777 0.010562499999999985 0.016429629629629655
4 0.33469322916666666 0.5968148148148148 0.010561458333333343 0.01994999999999994
4 0.2940971354166667 0.6015083333333333 0.012542187500000008 0.015255555555555555
4 0.44525989583333325 0.618524537037037 0.008581249999999999 0.01877685185185185
4 0.4228166666666667 0.6284995370370371 0.015182291666666714 0.019949074074074143
0 0.4818953125 0.5099745370370371 0.04752708333333331 0.07158425925925929
0 0.5000473958333332 0.4360435185185186 0.06798854166666661 0.10678888888888884
0 0.7614479166666667 0.48181064814814817 0.04818749999999999 0.07627870370370374
0 0.5957630208333333 0.5475273148148149 0.0706302083333334 0.1373009259259259
0 0.4264471354166667 0.6073759259259259 0.051488020833333314 0.08801296296296304
0 0.3109294270833333 0.5821458333333334 0.08581302083333331 0.14551574074074078
