3 0.3898114583333333 0.17317731481481483 0.012541666666666628 0.015256481481481485
3 0.40565390625 0.20310185185185187 0.01650260416666664 0.023470370370370384
3 0.44360963541666665 0.2083824074074074 0.014522395833333352 0.02699074074074072
3 0.5677083333333334 0.17728472222222222 0.013197916666666741 0.025817592592592576
3 0.598734375 0.17728472222222222 0.009239583333333337 0.0164287037037037
3 0.6208463541666667 0.15557453703703705 0.016505208333333243 0.024643518518518526
4 0.7901614583333334 0.43545694444444444 0.014520833333333271 0.011734259259259262
1 0.7911510416666666 0.4378037037037037 0.02310416666666673 0.049287037037037004
4 0.9598072916666666 0.41609398148148147 0.014520833333333271 0.01290833333333331
4 0.9710286458333334 0.4348699074074074 0.00792187500000002 0.03637870370370369
4 0.9584869791666667 0.43428333333333335 0.00792187500000002 0.028164814814814823
4 0.9462760416666666 0.43134953703703705 0.012541666666666748 0.03403240740740741
2 0.9555182291666666 0.4466050925925926 0.05082812500000008 0.07862500000000007
4 0.20630364583333333 0.6490356481481482 0.008581249999999999 0.021123148148148137
4 0.19937265624999997 0.6419949074074074 0.00924114583333333 0.01642870370370375
4 0.18584062499999998 0.657250462962963 0.01782291666666665 0.01642870370370375
4 0.2993778645833333 0.6519694444444444 0.012542187500000008 0.015255555555555555
4 0.27330390625 0.6496226851851852 0.007921354166666639 0.01760277777777775
4 0.47265390625 0.4618611111111111 0.009241145833333301 0.015255555555555555
4 0.4650627604166666 0.47066203703703713 0.009901562500000042 0.011735185185185218
4 0.13369296875000003 0.5158421296296297 0.009901562500000013 0.012908333333333362
4 0.13798359375 0.5217101851851851 0.00924114583333333 0.015255555555555555
4 0.12247109375 0.5275773148148148 0.012542187499999994 0.012908333333333362
4 0.7911510416666666 0.5328583333333334 0.007260416666666695 0.016429629629629655
4 0.7726692708333334 0.5398995370370371 0.009901041666666662 0.014082407407407464
4 0.8848880208333334 0.5222962962962964 0.009901041666666662 0.011735185185185166
4 0.893796875 0.5346185185185186 0.011885416666666633 0.012909259259259266
4 0.8786145833333333 0.5293375000000001 0.009239583333333337 0.014082407407407358
0 0.914921875 0.8414916666666667 0.046208333333333344 0.068062962962963
0 0.127421875 0.5105615740740741 0.03432499999999998 0.04928796296296296
0 0.18683072916666665 0.6337800925925927 0.05016770833333333 0.08683981481481474
0 0.2940971354166667 0.6431680555555556 0.05082760416666669 0.10561574074074069
0 0.4673731770833333 0.46244768518518525 0.025083854166666697 0.046939814814814865
0 0.7766302083333334 0.5281643518518518 0.04422916666666658 0.08214537037037035
0 0.89115625 0.5252305555555556 0.03564583333333336 0.05046111111111116
