4 0.6561614583333333 0.19078009259259263 0.02112499999999997 0.02229722222222221
1 0.6660651041666666 0.1948875 0.04356770833333338 0.08214537037037035
4 0.7825703124999999 0.12682361111111112 0.021786458333333415 0.0164287037037037
4 0.8036927083333334 0.16320231481481481 0.012541666666666748 0.06336944444444446
4 0.7819114583333333 0.16496296296296298 0.008583333333333342 0.0504611111111111
4 0.7597968749999999 0.1620287037037037 0.017166666666666684 0.06102222222222225
2 0.7789401041666667 0.18256527777777778 0.08581770833333333 0.13964722222222223
4 0.6472499999999999 0.5340314814814815 0.01782291666666668 0.023470370370370332
4 0.615234375 0.5211236111111112 0.010562500000000105 0.021123148148148137
4 0.4079643229166667 0.7300078703703704 0.015842187500000014 0.025817592592592628
4 0.37396901041666664 0.7393962962962963 0.01782239583333336 0.025816666666666724
4 0.5578072916666666 0.5522212962962963 0.017166666666666684 0.02229629629629623
4 0.5310729166666667 0.5451800925925926 0.01121875000000004 0.024643518518518526
0 0.6469192708333333 0.5140824074074075 0.07789062499999998 0.16194444444444442
0 0.5502169270833333 0.5357921296296297 0.06271197916666663 0.09505462962962963
0 0.39146171874999997 0.7165125 0.07657135416666669 0.11383055555555557
0 1.0093151041666666 0.5557416666666667 0.05941145833333342 0.14199444444444448
4 0.9957838541666667 0.5821453703703704 0.01122395833333331 0.03051111111111111
