4 0.2950872395833333 0.3110648148148148 0.029044270833333385 0.018775925925925946
4 0.36043697916666667 0.41844120370370375 0.006601041666666655 0.07862500000000003
4 0.3191807291666667 0.36621990740740745 0.012541666666666628 0.06336944444444446
4 0.29739739583333336 0.35683148148148147 0.01782291666666668 0.07275740740740738
4 0.27264375 0.36328611111111114 0.007920833333333377 0.05515555555555554
4 0.29706744791666667 0.41492037037037044 0.026403645833333298 0.019949999999999992
4 0.22676692708333335 0.4172675925925926 0.011221354166666675 0.07627777777777778
2 0.29343671875 0.38792962962962957 0.14852239583333335 0.20301666666666665
4 0.6132552083333332 0.4295893518518519 0.02772916666666667 0.025817592592592628
1 0.622828125 0.421375 0.04818749999999999 0.11265740740740737
4 0.251190625 0.5152555555555556 0.01914270833333334 0.025816666666666724
4 0.23930885416666667 0.5363787037037037 0.015182291666666655 0.023470370370370332
4 0.4333778645833333 0.4378037037037037 0.027064062499999982 0.018775925925925894
4 0.4686934895833333 0.44308518518518525 0.00924114583333336 0.026990740740740773
4 0.4274372395833333 0.4630342592592593 0.023103645833333353 0.022296296296296283
4 0.5677083333333334 0.7141657407407408 0.018479166666666675 0.02699074074074072
4 0.47892500000000005 0.7294212962962963 0.02178333333333331 0.019950000000000048
4 0.31489010416666663 0.5663037037037036 0.01320208333333337 0.02699074074074072
4 0.3604372395833334 0.5921208333333333 0.029044270833333326 0.029337962962962913
0 0.4934479166666667 0.7487837962962963 0.08911458333333334 0.12908611111111112
0 0.5809114583333332 0.2963958333333333 0.07657291666666666 0.118525
0 0.26505260416666665 0.5134953703703704 0.07327083333333334 0.11852407407407405
0 0.34591484375000003 0.5510476851851852 0.08845364583333334 0.15138240740740747
0 0.4366786458333333 0.40259861111111117 0.0785520833333333 0.17133240740740746
0 0.5670484375 0.6795467592592592 0.10297604166666663 0.22531388888888895
