1 0.07164322916666667 0.6924555555555557 0.03894583333333334 0.07041111111111109
1 0.8274583333333333 0.4542333333333334 0.02442708333333338 0.04694074074074071
4 0.05844140625 0.7000837962962964 0.011221354166666668 0.024643518518518526
4 0.8300963541666666 0.4507125 0.015182291666666596 0.014082407407407412
3 0.5317317708333333 0.19547407407407408 0.011223958333333369 0.019949999999999992
3 0.40664401041666665 0.1984078703703704 0.011881770833333328 0.021123148148148165
3 0.38156015625 0.22070416666666667 0.014522395833333352 0.021123148148148137
3 0.4884966145833333 0.27057870370370374 0.018482812500000043 0.024644444444444486
3 0.5805807291666667 0.17024351851851852 0.013859374999999948 0.023470370370370384
0 0.15217552083333336 0.597987962962963 0.032344791666666685 0.05280740740740734
0 0.16933828125 0.6507962962962963 0.05742864583333335 0.08566666666666665
0 0.281225 0.5563282407407407 0.04620729166666668 0.08214537037037035
0 0.6026927083333333 0.8403180555555556 0.06733333333333331 0.09388055555555563
0 0.3294122395833333 0.9119041666666667 0.051488020833333314 0.07980277777777779
0 0.7475859374999999 0.5440064814814816 0.046869791666666674 0.08097222222222217
0 0.936703125 0.5639564814814815 0.03564583333333336 0.05046111111111116
0 0.9383541666666666 0.5827328703703704 0.04290624999999994 0.05984907407407403
4 0.27561432291666665 0.5657166666666666 0.009901562499999983 0.014081481481481454
4 0.18055989583333334 0.6601837962962963 0.013862499999999993 0.01760277777777775
4 0.18650104166666667 0.6725060185185185 0.015182291666666655 0.01877685185185185
4 0.16108671875 0.6754398148148149 0.018482812499999984 0.019950000000000048
4 0.3412942708333333 0.9077949074074074 0.010561458333333343 0.022297222222222135
4 0.30993932291666665 0.9306777777777778 0.012542187500000008 0.028162962962963015
4 0.33238281249999996 0.9336101851851852 0.016502083333333376 0.019946296296296327
4 0.15811666666666666 0.6009217592592593 0.015182291666666655 0.014082407407407464
4 0.928453125 0.5575023148148148 0.008583333333333224 0.014082407407407358
4 0.7621067708333332 0.5563287037037038 0.008578125000000015 0.016429629629629655
4 0.7413151041666667 0.5551550925925927 0.009244791666666667 0.016428703703703647
4 0.5927916666666667 0.8561601851851852 0.018479166666666675 0.019950000000000048
4 0.6178776041666667 0.8497064814814815 0.013203124999999953 0.023470370370370332
4 0.6234843750000001 0.8643750000000001 0.012541666666666748 0.022296296296296335
4 0.9327447916666666 0.5809722222222223 0.01584374999999992 0.018775925925925946
4 0.9274609374999999 0.5921208333333333 0.011880208333333423 0.01760277777777775
4 0.9462760416666666 0.5950541666666667 0.01121874999999998 0.016428703703703647
2 0.9169010416666665 0.45716666666666667 0.048843749999999984 0.07393148148148149
3 0.9218515625 0.4278291666666667 0.01650520833333336 0.010562037037037073
4 0.9327447916666666 0.4495388888888889 0.009239583333333337 0.037551851851851836
4 0.9202005208333333 0.4477787037037037 0.006598958333333253 0.02933703703703701
4 0.9083203124999999 0.4442583333333333 0.011880208333333423 0.03403148148148145
