3 0.5142403645833333 0.07460226851851852 0.02112343750000001 0.043419537037037034
3 0.4954273437499999 0.0845775 0.019143229166666664 0.03051166666666666
3 0.6224973958333333 0.1485337962962963 0.013203124999999953 0.02229722222222221
3 0.6033515625 0.1461865740740741 0.00792187500000002 0.012908333333333336
3 0.6023619791666666 0.16848333333333332 0.009901041666666662 0.01290925925925924
3 0.5993932291666667 0.1937138888888889 0.011880208333333305 0.023470370370370357
3 0.5908125000000001 0.1960611111111111 0.010562499999999985 0.011735185185185192
3 0.5733203125 0.23185324074074073 0.01122395833333331 0.017602777777777773
3 0.47892500000000005 0.17024351851851852 0.011221874999999966 0.018775925925925946
3 0.4521908854166667 0.14501342592592595 0.009241145833333301 0.017602777777777773
3 0.39773255208333336 0.16378935185185184 0.009901562500000042 0.012908333333333336
3 0.4218263020833333 0.19430092592592593 0.00924114583333336 0.015255555555555555
3 0.3528458333333333 0.19723425925925925 0.011221874999999966 0.018775925925925918
4 0.9228411458333333 0.4442583333333333 0.013203124999999953 0.012909259259259266
4 0.9964427083333334 0.4172675925925926 0.01121874999999998 0.010561111111111065
4 0.9967708333333333 0.4360435185185186 0.005281249999999934 0.03168518518518516
4 0.9835703124999999 0.43369675925925927 0.011880208333333305 0.03403240740740741
2 0.9924843750000001 0.4489523148148148 0.053468750000000044 0.07627870370370368
1 0.9287838541666668 0.4507125 0.027723958333333344 0.0516342592592593
4 0.2964072916666667 0.45481990740740746 0.009241666666666681 0.008213888888888923
4 0.30036796875 0.46186064814814815 0.009241145833333301 0.01290833333333331
4 0.28287526041666666 0.46127407407407406 0.01254218749999995 0.011735185185185166
4 0.42842734375 0.5451800925925926 0.007921354166666639 0.012908333333333362
4 0.40598385416666666 0.5545680555555556 0.010561458333333343 0.012908333333333362
4 0.06504244791666666 0.5170162037037038 0.012542187500000001 0.012908333333333258
4 0.17395885416666665 0.6513828703703705 0.01782291666666665 0.011734259259259262
4 0.18782083333333333 0.6519699074074075 0.008581249999999999 0.012908333333333258
4 0.17296875 0.6648782407407408 0.014521875000000002 0.012908333333333362
4 0.9195416666666666 0.5299245370370371 0.009239583333333337 0.01525648148148146
4 0.9297734375 0.5445935185185186 0.01122395833333331 0.014081481481481454
4 0.9122786458333333 0.5381393518518518 0.00792187500000002 0.012908333333333258
4 0.8815859375 0.6631180555555556 0.011223958333333428 0.014082407407407464
4 0.8726744791666667 0.6466888888888889 0.009244791666666667 0.014081481481481454
4 0.8657421875 0.6537300925925926 0.005942708333333376 0.014082407407407464
4 0.9225104166666667 0.6554902777777778 0.012541666666666628 0.012908333333333362
4 0.835046875 0.8103935185185185 0.01584375000000004 0.015255555555555555
4 0.8023723958333333 0.8115671296296297 0.015182291666666714 0.019949074074074036
0 0.9277942708333333 0.5334449074074075 0.04026562499999997 0.05280833333333324
0 0.9218515625 0.6431680555555556 0.05082812499999995 0.09857500000000001
0 0.8799375 0.6513828703703705 0.03564583333333336 0.05632870370370363
0 0.8198671875 0.796311574074074 0.06732812499999999 0.08566574074074075
0 0.28815625 0.44484537037037036 0.04158645833333333 0.0657166666666666
0 0.4119247395833333 0.5422462962962963 0.058089062499999976 0.08449259259259255
0 0.06438236979166666 0.5064546296296296 0.03498526041666666 0.057501851851851936
0 0.17692916666666664 0.6513828703703705 0.036965624999999995 0.061023148148148125
