1 0.8578203124999999 0.6296731481481482 0.06139062500000006 0.12321851851851855
0 0.8376901041666667 0.7194462962962963 0.11749479166666674 0.2088851851851852
0 0.7023697916666667 0.6807203703703704 0.07525000000000001 0.11500370370370366
0 0.6512109374999999 0.6848277777777778 0.10759895833333329 0.20067037037037042
0 0.40994453124999997 0.46890185185185185 0.0778921875 0.11148333333333332
2 0.27693437499999995 0.4829837962962963 0.15908437499999997 0.21005833333333335
4 0.2782546875 0.3973175925925926 0.03102500000000002 0.022296296296296283
4 0.27759453125 0.509387962962963 0.03630572916666669 0.0352055555555555
4 0.20300338541666665 0.5269907407407407 0.012542187500000008 0.06102222222222222
4 0.25284088541666666 0.4554064814814815 0.015842187500000014 0.06571666666666671
4 0.28056510416666663 0.450125462962963 0.021122916666666627 0.07158425925925929
4 0.3043286458333333 0.45716666666666667 0.014521874999999972 0.06454259259259255
4 0.3475651041666667 0.5310981481481482 0.011221874999999966 0.05750185185185183
4 0.8198645833333332 0.7640402777777778 0.025083333333333374 0.032858333333333406
4 0.3139 0.7129921296296297 0.03234479166666671 0.031684259259259204
0 0.30894921875 0.6654648148148148 0.09505468749999997 0.1689851851851851
4 0.27099348958333336 0.676026388888889 0.012542187499999979 0.02816388888888892
4 0.6409791666666667 0.7182726851851853 0.018479166666666675 0.02816388888888892
4 0.6954401041666666 0.7000833333333333 0.015182291666666596 0.02699074074074072
4 0.39146171875 0.4583402777777778 0.015842187500000014 0.024643518518518526
4 0.39839296874999997 0.4900250000000001 0.020463020833333328 0.02699074074074072
4 0.43106770833333335 0.4865046296296296 0.01848229166666666 0.02699074074074072
