4 0.5033484375 0.371500462962963 0.02178333333333331 0.0176027777777778
1 0.49938802083333333 0.3761949074074074 0.03498541666666662 0.07862499999999997
4 0.6951093749999999 0.3069574074074074 0.019802083333333324 0.015255555555555555
4 0.7135911458333334 0.3398157407407407 0.011880208333333305 0.05750185185185189
4 0.6951067708333334 0.33922916666666664 0.006598958333333371 0.04693981481481481
4 0.6746432291666666 0.3368819444444444 0.013203124999999953 0.056328703703703686
2 0.6941171875 0.35800509259259256 0.08119270833333339 0.12439166666666669
4 0.483215625 0.5639564814814815 0.01320208333333331 0.019950000000000048
4 0.4445997395833333 0.5545680555555556 0.013861979166666672 0.01760277777777775
4 0.2828755208333334 0.6208712962962962 0.008581249999999999 0.023470370370370437
4 0.26208229166666663 0.6132439814814815 0.023763541666666655 0.012908333333333362
4 0.26010182291666667 0.6326064814814816 0.01848281250000001 0.018775925925925946
4 0.42875729166666665 0.6994967592592592 0.008581249999999999 0.02816388888888881
4 0.39377213541666667 0.7194462962962963 0.02574427083333332 0.023470370370370437
0 0.26670286458333337 0.6120703703703705 0.05280781249999998 0.08566666666666675
0 0.3997130208333333 0.6754398148148149 0.07591145833333333 0.13495370370370371
0 0.4627526041666667 0.5522212962962963 0.08713333333333335 0.12791296296296292
