3 0.39278203125 0.07812310648148149 0.10033489583333328 0.1584241574074074
3 0.30564869791666666 0.0493719001388889 0.06600989583333335 0.09857471824074075
4 0.9439661458333333 0.4072925925925926 0.018484375000000004 0.014081481481481507
1 0.9406640625 0.4102263888888889 0.027723958333333344 0.057502777777777785
4 0.4033434895833333 0.44895231481481485 0.011881770833333328 0.01290833333333331
4 0.4106046875 0.5029337962962963 0.010561458333333343 0.012908333333333362
4 0.4003729166666667 0.5129087962962964 0.011221875000000025 0.014082407407407464
4 0.3812302083333333 0.529337962962963 0.009901041666666662 0.016429629629629655
4 0.3548263020833333 0.5410726851851853 0.012542187500000008 0.01642870370370375
4 0.1650473958333333 0.4272421296296297 0.010561458333333313 0.014082407407407412
4 0.15184557291666667 0.43721759259259263 0.018482812499999984 0.015255555555555555
0 0.5977421875 0.5281643518518518 0.0706302083333334 0.11735092592592596
0 0.8086458333333333 0.43193657407407404 0.03036458333333331 0.04928796296296301
0 0.40499375 0.44367129629629626 0.03234479166666665 0.04694074074074071
0 0.3620875 0.5334449074074075 0.06931041666666668 0.1020953703703703
0 0.4033434895833333 0.49882638888888886 0.03300468750000001 0.04928796296296296
0 0.15415598958333335 0.41550740740740744 0.049507812500000005 0.07745185185185188
