3 0.024116276041666666 0.4254819444444444 0.024423697916666667 0.01994907407407409
4 0.26439270833333334 0.4870912037037037 0.02178333333333337 0.025817592592592628
1 0.27165364583333335 0.4765296296296297 0.04290625 0.08214629629629626
4 0.05481091145833333 0.46538148148148145 0.017162552083333327 0.06923703703703706
4 0.024116276041666666 0.4630342592592593 0.007261093749999999 0.05280740740740739
4 0.0013428463541666667 0.44601851851851854 0.0052807968749999995 0.03051111111111111
2 0.034017734375 0.4947189814814814 0.10627598958333334 0.167812037037037
4 0.6221666666666666 0.5164291666666667 0.01121874999999998 0.01642870370370375
4 0.585859375 0.5105615740740741 0.012541666666666748 0.01642870370370375
4 0.7291015625 0.4020115740740741 0.013859375000000066 0.01290833333333331
4 0.7145807291666666 0.390863425925926 0.013859374999999948 0.014082407407407412
4 0.7083098958333333 0.4055324074074074 0.01320312500000007 0.017601851851851844
4 0.8360390625 0.4360439814814815 0.009901041666666662 0.012908333333333362
4 0.83175 0.45481990740740746 0.010562499999999985 0.01290833333333331
4 0.8073229166666667 0.4471921296296296 0.009239583333333337 0.014082407407407412
4 0.3746291666666667 0.5991615740740741 0.012541666666666628 0.01760277777777775
4 0.4488903645833333 0.5915337962962963 0.009241145833333301 0.016428703703703647
4 0.4333778645833333 0.617350925925926 0.013861979166666672 0.018775925925925946
0 0.3660479166666667 0.5756916666666667 0.0785520833333333 0.1396481481481482
0 0.43370807291666663 0.597987962962963 0.04752760416666669 0.08566666666666665
0 0.6010442708333333 0.49765277777777783 0.07591145833333333 0.13847407407407405
0 0.7201927083333333 0.3949708333333333 0.04488541666666658 0.07393055555555553
0 0.8251484375 0.44249768518518523 0.04884895833333332 0.06806388888888895
0 0.3261119791666667 0.5445935185185186 0.0646895833333333 0.12439259259259254
