4 0.8650833333333333 0.38910324074074076 0.013864583333333276 0.01290833333333331
1 0.8624427083333333 0.39027638888888894 0.024427083333333263 0.048113888888888914
4 0.08781588541666666 0.5357921296296296 0.011881770833333341 0.012908333333333362
4 0.059101562499999996 0.5410726851851853 0.011221875000000003 0.014082407407407358
4 0.15283567708333334 0.617350925925926 0.009901562499999983 0.014081481481481454
4 0.14293411458333333 0.6343666666666666 0.013861979166666672 0.015255555555555555
4 0.18914114583333333 0.4190277777777778 0.016502083333333317 0.009388888888888877
4 0.8310885416666667 0.5217097222222222 0.011885416666666633 0.012908333333333362
0 0.077584375 0.5234703703703704 0.05874895833333332 0.09622777777777783
0 0.14425442708333333 0.6196976851851852 0.04158593750000002 0.06336944444444452
0 0.8287760416666666 0.5064541666666666 0.04818749999999999 0.08801388888888895
0 0.18848098958333334 0.40083842592592595 0.04026614583333332 0.06454351851851851
