3 0.6667239583333334 0.11332824074074074 0.014520833333333271 0.024643518518518516
3 0.6297578125 0.10980787037037038 0.00792187500000002 0.012908333333333336
3 0.6079739583333333 0.20016805555555556 0.01584375000000004 0.024643518518518526
3 0.5568177083333334 0.1925402777777778 0.01782291666666668 0.03285833333333336
3 0.4475703125 0.16554953703703704 0.010561458333333343 0.0164287037037037
3 0.39377213541666667 0.16672314814814815 0.009901562499999983 0.018775925925925918
4 0.024776380208333334 0.6390611111111111 0.021783281250000005 0.015255555555555555
1 0.029397083333333334 0.6255657407407409 0.03234489583333333 0.05867592592592593
4 0.9033697916666666 0.41374675925925924 0.016499999999999914 0.010562037037037073
1 0.9007291666666667 0.4149203703703704 0.024427083333333263 0.04342037037037038
4 0.21818567708333333 0.6273259259259258 0.012542187500000008 0.012909259259259162
4 0.20960442708333335 0.6161777777777778 0.007260937499999986 0.011735185185185166
4 0.5974114583333333 0.745850462962963 0.01452083333333339 0.01760277777777775
4 0.5696901041666667 0.7329421296296297 0.00792187500000002 0.01760277777777775
4 0.8541901041666667 0.7781222222222222 0.01320312500000007 0.018775925925925946
4 0.8241588541666667 0.7710810185185185 0.020463541666666647 0.021123148148148137
0 0.8340572916666665 0.7575856481481482 0.06798958333333344 0.09036018518518514
0 0.5931223958333334 0.7264875000000001 0.05874479166666665 0.12204537037037035
0 0.21785546875 0.6167643518518519 0.03564531250000001 0.05984907407407403
0 0.16108697916666667 0.42313518518518517 0.04488645833333331 0.08097222222222221
0 0.14062369791666668 0.43839074074074075 0.038285937500000006 0.06689074074074076
