3 0.4211661458333333 0.015926946435185184 0.05016770833333333 0.031684810833333334
3 0.5601166666666666 0.1297575925925926 0.11551666666666661 0.17485333333333333
4 0.41060468750000007 0.4284162037037037 0.015842708333333337 0.009387962962962973
4 0.40961458333333334 0.4389777777777778 0.012541666666666687 0.011735185185185166
4 0.40268359374999996 0.4894384259259259 0.007921354166666639 0.014082407407407358
4 0.4109346354166667 0.5005865740740741 0.011221354166666704 0.012908333333333362
4 0.309609375 0.5310981481481482 0.009241666666666681 0.015255555555555555
4 0.2822151041666667 0.5393125 0.011221874999999966 0.012908333333333362
0 0.6050052083333334 0.5140819444444444 0.06798958333333344 0.11265648148148147
0 1.0106354166666667 0.9764444444444444 0.05677083333333333 0.07275925925925919
0 0.41258489583333335 0.4301763888888889 0.027723958333333344 0.048113888888888914
0 0.29079661458333333 0.5293375 0.06667031249999997 0.09857500000000001
0 0.41027447916666665 0.4876777777777778 0.03102499999999999 0.05046111111111116
