3 0.6211770833333332 0.14677361111111112 0.014520833333333271 0.021123148148148137
3 0.6026927083333333 0.16848333333333332 0.010562499999999985 0.01290925925925924
3 0.5815703125 0.1456 0.006598958333333371 0.011735185185185192
3 0.569359375 0.22539861111111112 0.01782291666666668 0.02816388888888889
3 0.5531848958333332 0.21835740740740742 0.018484375000000004 0.025816666666666672
3 0.46110208333333336 0.17141712962962963 0.011221875000000025 0.023469444444444452
3 0.4495505208333333 0.1456 0.010561458333333284 0.01642962962962963
3 0.41687552083333335 0.1995814814814815 0.008581249999999999 0.018775925925925946
3 0.40367343750000007 0.16437592592592595 0.008581249999999999 0.01642962962962963
3 0.3746291666666667 0.20016805555555556 0.008581249999999999 0.0176027777777778
4 0.8502317708333332 0.4430847222222222 0.013203124999999953 0.012908333333333362
4 0.9895130208333334 0.4389777777777778 0.011880208333333305 0.0352055555555556
2 1.0004036458333334 0.4536462962962963 0.05478645833333324 0.07393148148148149
1 0.8482526041666666 0.4477791666666667 0.022442708333333408 0.048113888888888914
4 0.29079661458333333 0.4606875 0.009901562500000042 0.01056203703703702
4 0.29475729166666664 0.46772824074074076 0.008581249999999999 0.010562037037037073
4 0.27693437499999995 0.46714166666666673 0.012541666666666687 0.011735185185185218
4 0.3525158854166667 0.5487004629629629 0.00924114583333336 0.012908333333333362
4 0.33106276041666666 0.5633694444444446 0.009901562499999983 0.014081481481481454
4 0.11058932291666666 0.5269907407407407 0.009901562499999997 0.011735185185185166
4 0.11785026041666666 0.5340319444444445 0.009901562499999997 0.016428703703703647
4 0.09870755208333334 0.5381388888888889 0.012542187499999994 0.01056111111111117
4 0.16603776041666668 0.6901087962962963 0.012542187500000008 0.014082407407407464
4 0.14986510416666665 0.6824810185185186 0.006601041666666655 0.012908333333333258
4 0.9304322916666666 0.5528078703703704 0.012541666666666628 0.014082407407407358
4 0.9254817708333333 0.5369652777777778 0.00792187500000002 0.012908333333333362
4 0.7512161458333333 0.7775351851851853 0.01583854166666659 0.01760185185185195
4 0.7343828124999999 0.7564120370370371 0.01122395833333331 0.012909259259259266
4 0.7294322916666667 0.7710810185185185 0.011885416666666752 0.01642870370370375
4 0.7614479166666667 0.7411560185185185 0.012541666666666628 0.01760277777777775
4 0.7947838541666667 0.7476106481481481 0.01320312500000007 0.01642870370370375
4 0.7977526041666666 0.8133273148148149 0.01650520833333336 0.016428703703703647
4 0.7720078125000001 0.7992449074074075 0.015182291666666596 0.021123148148148137
4 0.7657395833333334 0.8127407407407408 0.01584375000000004 0.02229629629629623
0 0.9324140625 0.5434194444444445 0.03630729166666657 0.05398148148148144
0 0.7858723958333333 0.7980717592592593 0.06534895833333323 0.07979907407407406
0 0.7432942708333333 0.7646263888888889 0.05148437499999995 0.0668898148148148
0 0.3399739583333333 0.5522212962962963 0.05280833333333336 0.09505370370370361
0 0.2822151041666667 0.4495393518518518 0.04290625 0.06806388888888885
0 0.16240729166666668 0.6725060185185185 0.03696562500000002 0.06806388888888891
0 0.10365833333333334 0.5269907407407407 0.03960624999999999 0.05398148148148144
0 0.7822395833333333 0.7300078703703704 0.06468750000000002 0.11031018518518518
