1 0.2640625 0.4336967592592593 0.048846875 0.09036018518518518
0 0.8746536458333334 0.2488689814814815 0.04884895833333332 0.06806388888888891
0 0.5894921874999999 0.42430833333333334 0.07393229166666669 0.1302592592592592
0 0.51919140625 0.5434194444444445 0.08779427083333335 0.16194444444444442
0 0.6079739583333333 0.5228833333333333 0.06468750000000002 0.09505370370370372
0 0.6502213541666666 0.5651300925925926 0.06865104166666663 0.09505462962962963
0 0.7746510416666667 0.638474537037037 0.09835416666666662 0.12204537037037035
0 0.18551067708333333 0.6595976851851852 0.12013802083333332 0.18306759259259256
0 0.5059895833333333 0.6343671296296297 0.06403125000000003 0.1020953703703704
2 0.013884791666666667 0.47007592592592595 0.10165541666666666 0.1889351851851852
4 0.02675669270833333 0.4430847222222222 0.02442369791666666 0.08331944444444446
4 0.48816640625 0.5709972222222222 0.012542187500000008 0.022296296296296335
4 0.2069640625 0.6901087962962963 0.02574375 0.03520462962962959
4 0.21884557291666665 0.7176865740740741 0.024423437499999985 0.03637870370370369
4 0.16669765625 0.7200328703703703 0.03102447916666667 0.029337962962962913
4 0.4858559895833333 0.647275462962963 0.011881770833333328 0.024643518518518526
4 0.8713541666666667 0.2559097222222223 0.02112499999999997 0.014082407407407412
4 0.8891770833333332 0.2652976851851852 0.010562499999999985 0.021123148148148137
4 0.8677239583333333 0.27057870370370374 0.016499999999999914 0.019949999999999992
4 0.749234375 0.6466888888888889 0.01584375000000004 0.025816666666666724
4 0.7799296875 0.6701587962962964 0.027067708333333346 0.02816388888888892
4 0.7363645833333333 0.6613578703703703 0.012541666666666628 0.02933796296296302
4 0.5934505208333333 0.5187759259259259 0.011880208333333305 0.018775925925925946
4 0.6066536458333334 0.5487004629629629 0.018484375000000004 0.01760277777777775
4 0.5855312500000001 0.4401513888888889 0.018479166666666675 0.021123148148148137
4 0.6660625000000001 0.5874263888888889 0.01584374999999992 0.02229722222222224
4 0.6350390625000001 0.5927074074074075 0.01583854166666671 0.025816666666666724
