3 0.4353583333333333 0.05758652777777778 0.02310312500000003 0.04224638888888889
3 0.40961458333333334 0.0775363425925926 0.02178333333333331 0.03989953703703703
3 0.31456015625 0.09455226851851853 0.01650260416666664 0.02933805555555556
4 0.8885182291666666 0.34275000000000005 0.01320312500000007 0.011735185185185166
1 0.885546875 0.34627037037037034 0.029708333333333312 0.06102222222222222
4 0.37891979166666667 0.6537300925925926 0.01320208333333337 0.014082407407407464
4 0.34327447916666665 0.6531430555555556 0.009241666666666622 0.01760277777777775
4 0.28188515624999994 0.7106449074074074 0.019802604166666703 0.012908333333333362
4 0.2620822916666667 0.6930425925925926 0.009241666666666681 0.019950000000000048
4 0.2521807291666667 0.7071245370370371 0.010561458333333343 0.02229722222222224
4 0.6287682291666667 0.4876777777777778 0.008578125000000015 0.015255555555555555
0 0.3670380208333333 0.6273259259259258 0.0699708333333333 0.14903518518518516
0 0.27924479166666666 0.6701587962962964 0.07261145833333332 0.13378055555555562
0 0.6201875 0.46831527777777776 0.053468749999999926 0.09857499999999997
