3 0.48783619791666666 0.015340189814814813 0.038285937500000006 0.032858324074074075
3 0.5079700520833333 0.1461865740740741 0.09043489583333326 0.15607685185185188
4 0.8875260416666667 0.3621125 0.016500000000000032 0.012908333333333362
4 0.9891822916666667 0.3509643518518519 0.013864583333333276 0.03989907407407408
2 1.0010651041666667 0.3668069444444445 0.06667187499999999 0.09036018518518518
1 0.885546875 0.36621990740740745 0.02442708333333338 0.056328703703703686
4 0.20201328124999998 0.3984912037037037 0.011881770833333328 0.010562037037037073
4 0.20663385416666666 0.4072925925925926 0.010561458333333313 0.014081481481481507
4 0.18551067708333333 0.4067055555555556 0.015842187500000014 0.015255555555555555
4 0.9254843749999999 0.5856662037037037 0.010562499999999985 0.016428703703703647
4 0.35119557291666664 0.4172675925925926 0.00924114583333336 0.012909259259259266
4 0.3376635416666667 0.4119870370370371 0.008581249999999999 0.011735185185185218
4 0.8961067708333333 0.8514666666666667 0.013859374999999948 0.02699074074074072
4 0.9129401041666666 0.8819777777777779 0.018484375000000004 0.01994999999999994
4 0.8842265625000001 0.8632013888888889 0.01122395833333331 0.02229722222222224
0 0.5521953125 0.47887685185185186 0.05215104166666666 0.09622777777777777
0 0.9086510416666668 0.8637884259259259 0.06403124999999991 0.09388055555555552
0 0.9409947916666667 0.5809722222222223 0.06403125000000003 0.10796296296296298
0 0.19112161458333332 0.38558287037037037 0.050827604166666665 0.07393055555555553
0 0.3459151041666666 0.40670555555555554 0.03036458333333337 0.0504611111111111
