4 0.20663385416666666 0.5938805555555555 0.014521875000000002 0.018775925925925946
4 0.18881119791666667 0.6138305555555555 0.025083854166666666 0.018775925925925946
4 0.34591484375000003 0.5698240740740741 0.014522395833333293 0.019950000000000048
4 0.31588020833333336 0.5704106481481481 0.011221875000000025 0.016428703703703647
3 0.6152369791666668 0.0734289814814815 0.018484375000000004 0.026990740740740735
3 0.5693567708333334 0.07284222222222222 0.015182291666666714 0.028164259259259253
4 0.872015625 0.5657162037037038 0.02112499999999997 0.021123148148148137
4 0.7518776041666667 0.43193657407407404 0.017161458333333237 0.0164287037037037
4 0.7522083333333334 0.44660509259259257 0.012541666666666628 0.0176027777777778
4 0.5307421875 0.6912824074074074 0.011880208333333364 0.018775925925925946
4 0.39773255208333336 0.4583407407407407 0.009901562500000042 0.015255555555555555
4 0.3848609375 0.4524726851851852 0.01320208333333331 0.010562037037037073
4 0.3812302083333333 0.4659680555555556 0.013862499999999993 0.014082407407407412
4 0.3030083333333334 0.36621990740740745 0.014521874999999972 0.014082407407407412
4 0.2868359375 0.3685666666666667 0.009901041666666662 0.011735185185185218
4 0.7373541666666666 0.7593458333333333 0.02376041666666661 0.021123148148148137
4 0.7119401041666666 0.737049074074074 0.013859375000000066 0.02581666666666662
4 0.7030286458333334 0.7487842592592593 0.010557291666666658 0.025816666666666724
0 0.8753151041666667 0.5528078703703704 0.06732812499999999 0.11265648148148147
4 0.8994088541666666 0.5627828703703703 0.015182291666666714 0.017602777777777853
0 0.7307526041666667 0.7335282407407407 0.07921354166666662 0.09857500000000001
0 0.5432854166666666 0.6977361111111112 0.05544999999999997 0.08097222222222217
0 0.38948125 0.4548199074074074 0.040926041666666656 0.057502777777777736
0 0.32875234375 0.5569152777777777 0.06600989583333329 0.12087129629629635
0 0.19013151041666668 0.5786254629629629 0.06600989583333335 0.11031018518518518
0 0.29904765625 0.3597652777777778 0.038285937500000006 0.05515462962962964
0 0.7525338541666666 0.43311018518518524 0.03300520833333328 0.04694074074074077
