4 0.7961015625000001 0.7082981481481482 0.027723958333333344 0.02464444444444443
4 0.7759687500000001 0.6754398148148149 0.013864583333333395 0.019950000000000048
4 0.7614479166666667 0.6390611111111111 0.012541666666666628 0.022296296296296335
4 0.7426354166666668 0.6631180555555556 0.011885416666666633 0.01877685185185185
4 0.5191903645833333 0.5768648148148149 0.009900520833333341 0.02229629629629623
4 0.48783619791666666 0.5498740740740741 0.014522395833333352 0.015255555555555555
4 0.49179687499999997 0.5774518518518519 0.017162499999999997 0.023470370370370332
4 0.3475651041666667 0.4102263888888889 0.015182291666666655 0.01994907407407409
4 0.3152200520833333 0.4020115740740741 0.007260937500000016 0.0176027777777778
4 0.09969765625 0.5111481481481481 0.027724479166666663 0.01994999999999994
4 0.10332812499999999 0.5322712962962963 0.019142708333333328 0.01994999999999994
4 0.14953515624999997 0.5516347222222222 0.011221354166666675 0.0328583333333333
1 0.16900833333333332 0.5463537037037037 0.05016770833333333 0.09740185185185182
4 0.6224973958333333 0.24358796296296295 0.00792187500000002 0.015255555555555555
4 0.6010416666666667 0.24534814814814815 0.017822916666666563 0.016429629629629655
4 0.46539296874999997 0.5481138888888889 0.011881770833333328 0.016429629629629655
4 0.42974765625 0.5563287037037038 0.018482812500000043 0.023470370370370437
0 0.7459348958333334 0.6419949074074074 0.06204687499999994 0.09388055555555552
0 0.10068776041666667 0.5123217592592593 0.04818697916666667 0.09974907407407411
0 0.6007135416666666 0.21659722222222225 0.05677083333333333 0.09505370370370372
0 0.8000624999999999 0.6818944444444444 0.08713541666666665 0.12673888888888893
0 0.34129427083333336 0.39379722222222224 0.07129062500000002 0.12087222222222226
0 0.4366786458333333 0.5352055555555555 0.08515312499999995 0.15020925925925926
0 0.5003778645833333 0.5604356481481483 0.05808802083333333 0.09505462962962963
