4 0.21983593750000002 0.5533949074074075 0.02640416666666665 0.017602777777777853
1 0.22643671875000002 0.5410726851851853 0.03960572916666664 0.07510462962962958
4 0.6726640624999999 0.33922870370370367 0.018484375000000004 0.011735185185185218
4 0.6720026041666666 0.35272453703703704 0.018484375000000004 0.012908333333333362
4 0.5406458333333333 0.5563287037037038 0.009239583333333337 0.018775925925925946
4 0.5069791666666666 0.5627828703703703 0.01320208333333331 0.017602777777777853
4 0.35218593749999993 0.6443416666666667 0.008581249999999999 0.018775925925925946
4 0.33139270833333334 0.6537300925925926 0.017162499999999997 0.014082407407407464
4 0.5825625 0.6795472222222223 0.02310416666666673 0.01173518518518527
4 0.588171875 0.7012569444444445 0.017166666666666684 0.019949074074074036
4 0.5637473958333333 0.6883486111111112 0.010557291666666658 0.017602777777777853
4 0.5056591145833333 0.6114833333333334 0.014522395833333352 0.018775925925925946
4 0.51391015625 0.6273259259259258 0.009901562499999983 0.015255555555555555
4 0.4901466145833333 0.6279125000000001 0.013861979166666672 0.014082407407407358
4 0.6726640624999999 0.6695722222222221 0.021119791666666644 0.015255555555555555
4 0.6710130208333334 0.6889351851851852 0.013859375000000066 0.018775925925925946
4 0.6918072916666667 0.6801337962962963 0.007916666666666572 0.01760277777777775
4 0.5343723958333333 0.4841578703703704 0.008578125000000015 0.01760277777777775
0 0.6736536458333333 0.32103935185185184 0.04158854166666662 0.10209537037037035
0 0.6726640624999999 0.6725060185185184 0.048848958333333435 0.08918611111111113
0 0.5785989583333333 0.6795472222222223 0.053468750000000044 0.08918703703703704
0 0.5251328124999999 0.5422462962962963 0.07195312499999999 0.1384740740740741
0 0.3363434895833333 0.6367138888888889 0.04950781250000003 0.08566666666666665
0 0.5145713541666667 0.4782898148148148 0.06799270833333336 0.11617777777777777
0 0.4960869791666667 0.6150041666666667 0.05610729166666666 0.08683981481481474
