3 0.15085546875 0.08281708796296297 0.12607864583333334 0.16781212037037038
4 0.7723385416666666 0.3697402777777778 0.021125000000000088 0.01877685185185185
1 0.780921875 0.3720870370370371 0.04092708333333341 0.06571666666666666
4 0.8532005208333333 0.30754398148148154 0.021786458333333297 0.014082407407407412
4 0.8700338541666666 0.3380555555555556 0.010557291666666658 0.05398148148148149
4 0.8518802083333333 0.33922870370370367 0.0072604166666665765 0.04224629629629633
4 0.83175 0.33453472222222225 0.01452083333333339 0.05163425925925925
2 0.84825 0.35683148148148147 0.07920833333333341 0.11969814814814815
4 0.564078125 0.5610222222222222 0.016499999999999914 0.018775925925925946
4 0.5320625 0.5510476851851852 0.009239583333333337 0.01760277777777775
4 0.17758958333333333 0.5187759259259259 0.019803124999999994 0.011735185185185166
4 0.7373541666666666 0.49530601851851846 0.013197916666666741 0.01642870370370375
4 0.7541875 0.5140819444444444 0.016500000000000032 0.021123148148148137
4 0.7281145833333333 0.5076277777777779 0.010562499999999985 0.01760185185185195
0 0.17362890624999996 0.5105615740740741 0.040926562500000006 0.06102314814814823
0 0.23303776041666666 0.5281643518518518 0.051488020833333314 0.09857500000000001
0 0.7485755208333332 0.49589305555555563 0.05413020833333337 0.07862500000000003
0 0.5558276041666667 0.5422462962962963 0.07129270833333337 0.12673888888888893
