3 0.553515625 0.1062873611111111 0.021781250000000085 0.04811416666666666
4 0.8357083333333333 0.35155092592592596 0.01452083333333339 0.015255555555555555
1 0.8406588541666666 0.3568314814814815 0.0257447916666667 0.05398148148148149
4 0.7772890625 0.696562962962963 0.01650520833333336 0.017601851851851844
4 0.3934419270833333 0.4524726851851852 0.014522395833333352 0.012908333333333362
4 0.39740286458333335 0.4665550925925926 0.011881770833333328 0.012908333333333362
4 0.3812302083333333 0.4606875 0.007261458333333337 0.01290833333333331
4 0.4224864583333333 0.3967314814814815 0.009241666666666681 0.011735185185185218
4 0.40730416666666663 0.3990782407407408 0.009241666666666622 0.009387962962962973
4 0.6261276041666667 0.4923722222222222 0.008578125000000015 0.015255555555555555
0 0.6149036458333333 0.4694888888888889 0.060067708333333296 0.09622777777777777
0 0.7796015625 0.6689856481481482 0.06204687500000006 0.11735092592592596
0 0.4145651041666667 0.39086342592592593 0.034324999999999994 0.05163425925925925
0 0.39047161458333335 0.4530592592592593 0.033665104166666696 0.05398148148148144
