3 0.46935286458333336 0.14207953703703705 0.10429427083333333 0.19715018518518518
4 0.9967734375 0.4442583333333333 0.010557291666666658 0.03403148148148145
2 1.0076640625 0.4554064814814815 0.05610937500000001 0.08214629629629626
4 0.7713489583333333 0.4348703703703704 0.012541666666666628 0.015255555555555555
1 0.7779505208333333 0.43721712962962966 0.0257447916666667 0.043419444444444476
4 0.13831354166666668 0.6707453703703704 0.012541666666666658 0.015255555555555555
4 0.1455744791666667 0.6801337962962963 0.011221874999999996 0.01760277777777775
4 0.11719036458333332 0.6854143518518518 0.019143229166666678 0.014082407407407358
4 0.22115598958333335 0.6126569444444444 0.010561979166666664 0.01642870370370375
4 0.19541223958333334 0.6108967592592593 0.00924114583333333 0.01760277777777775
4 0.06108203125 0.6085495370370371 0.016502604166666667 0.012908333333333258
4 0.06735286458333332 0.6214583333333333 0.00924114583333333 0.012909259259259266
4 0.046559713541666665 0.6214583333333333 0.012542031250000004 0.015255555555555555
4 0.24623984375 0.4759430555555556 0.010561979166666664 0.01056203703703702
4 0.23435781249999998 0.47183564814814816 0.006601041666666655 0.009387962962963025
4 0.8881848958333334 0.7024305555555556 0.015182291666666714 0.015255555555555661
4 0.8647526041666665 0.6924555555555556 0.01583854166666671 0.018775925925925946
4 0.8591406250000001 0.7059509259259259 0.01782291666666668 0.015255555555555555
4 0.6858671875 0.6666384259259259 0.00792187500000002 0.01642870370370375
4 0.6588020833333333 0.6660518518518519 0.013197916666666623 0.019950000000000048
4 0.8142552083333333 0.5850796296296297 0.0112187500000001 0.012909259259259266
4 0.8063333333333333 0.5709972222222223 0.008583333333333342 0.010561111111111065
4 0.9739973958333333 0.9647083333333334 0.020463541666666647 0.02112037037037032
4 0.9505677083333334 0.944175925925926 0.009239583333333337 0.022296296296296335
0 0.9703671875 0.9377217592592593 0.052807291666666596 0.09153796296296306
0 0.8733333333333334 0.6901087962962963 0.06468750000000002 0.08214537037037047
0 0.8149166666666666 0.5762782407407407 0.032343750000000074 0.05163425925925925
0 0.6624322916666666 0.6531430555555556 0.06007291666666662 0.11148425925925928
0 0.24128906249999998 0.4665550925925926 0.029704166666666657 0.04811388888888886
0 0.2099341145833333 0.5997486111111111 0.055448437499999975 0.10561574074074069
0 0.12412135416666666 0.656663425925926 0.06864999999999999 0.09740092592592592
0 0.054150859375 0.6120703703703705 0.04488682291666667 0.05750185185185183
