4 0.07131354166666666 0.4777032407407407 0.023763541666666676 0.023469444444444428
1 0.07857447916666667 0.46538148148148145 0.04752708333333334 0.09974814814814816
4 0.6145755208333334 0.5211231481481482 0.01583854166666671 0.018775925925925946
4 0.5845416666666666 0.5005870370370371 0.007260416666666695 0.019950000000000048
4 0.5931223958333334 0.34098935185185186 0.009901041666666662 0.015256481481481511
4 0.5789296875000001 0.35800509259259256 0.019807291666666654 0.0164287037037037
4 0.5142395833333333 0.36739305555555557 0.01452083333333333 0.014082407407407412
4 0.5218309895833333 0.38264907407407406 0.009900520833333341 0.018775925925925894
4 0.49905781250000003 0.37971527777777775 0.010561458333333343 0.0176027777777778
4 0.3815604166666667 0.509387962962963 0.010561458333333343 0.01642962962962955
4 0.35416614583333333 0.5158425925925926 0.013862499999999993 0.015255555555555555
4 0.44261953125000003 0.7294212962962964 0.020463020833333387 0.022296296296296335
4 0.3706684895833333 0.6807208333333333 0.013861979166666672 0.025817592592592628
4 0.4195158854166667 0.6848277777777778 0.01782239583333336 0.01994999999999994
0 0.4416291666666667 0.7288342592592594 0.054128124999999964 0.08449259259259266
0 0.40136328125000004 0.6584236111111111 0.09241406250000003 0.15959722222222222
0 0.37066848958333337 0.49295925925925926 0.05742864583333335 0.08449259259259266
0 0.6106145833333334 0.49530601851851846 0.06864583333333331 0.14551574074074078
0 0.5073091145833333 0.3691537037037037 0.04950677083333333 0.07627777777777778
0 0.5782708333333333 0.32690694444444446 0.05677083333333333 0.11383055555555557
