1 0.29046640625000003 0.22950555555555555 0.03300468750000001 0.08097222222222224
4 0.29607734374999994 0.22598518518518518 0.020463020833333387 0.019949999999999992
2 0.50004765625 0.1984078703703704 0.07855052083333333 0.12673981481481483
3 0.5000481770833333 0.15088055555555555 0.020463020833333328 0.015255555555555555
4 0.48222552083333337 0.1808050925925926 0.012541666666666687 0.05163425925925925
4 0.5195213541666667 0.1819787037037037 0.015842708333333337 0.05163518518518518
4 0.5007083333333333 0.18139166666666667 0.005940624999999974 0.045766666666666664
0 0.9914921875 0.5082148148148148 0.06732812499999999 0.11265740740740743
0 0.8951171875 0.4454319444444445 0.052807291666666596 0.07862500000000003
0 0.8327395833333334 0.5281643518518518 0.06270833333333325 0.08918611111111113
0 0.29046640625000003 0.5727574074074074 0.0924140625 0.15020925925925926
0 0.2670328125 0.4982393518518519 0.07591145833333333 0.14434166666666667
4 0.3109296875 0.5797986111111111 0.019803124999999967 0.02816388888888881
4 0.3063088541666667 0.6085499999999999 0.02640416666666668 0.02699074074074072
4 0.26175208333333333 0.6091365740740742 0.01782291666666665 0.0328583333333333
4 0.25053020833333334 0.519362962962963 0.015182291666666684 0.02464444444444443
4 0.8416510416666667 0.5269907407407408 0.01452083333333339 0.02112407407407404
4 0.8522109374999999 0.5451800925925926 0.011880208333333423 0.019949074074074036
4 0.82415625 0.5451800925925926 0.01782291666666668 0.02229722222222224
4 0.8792760416666666 0.46362129629629634 0.01452083333333339 0.025816666666666724
4 0.9799401041666668 0.539312962962963 0.020463541666666765 0.02699074074074072
