3 0.6215052083333333 0.1426662037037037 0.016500000000000032 0.024643518518518526
3 0.60434375 0.14207916666666667 0.008583333333333342 0.0164287037037037
3 0.5637473958333333 0.1661365740740741 0.013203124999999953 0.024643518518518526
3 0.47694479166666665 0.16554953703703704 0.015182291666666655 0.023469444444444452
3 0.39872291666666665 0.1937138888888889 0.010561458333333343 0.023470370370370357
3 0.4152252604166667 0.14090555555555556 0.011881770833333328 0.018775925925925946
4 0.9297734375 0.45599351851851855 0.015182291666666714 0.015255555555555555
1 0.9360442708333333 0.45658055555555555 0.0330052083333334 0.05398148148148144
4 0.990171875 0.4219615740740741 0.017166666666666566 0.012908333333333362
4 0.9736692708333333 0.4389777777777778 0.013203124999999953 0.0352055555555556
4 0.9875338541666667 0.44015138888888894 0.00792187500000002 0.03285833333333336
2 0.9832421875 0.4530597222222222 0.05610937500000001 0.09153425925925923
4 0.227096875 0.4536462962962963 0.010561458333333343 0.012909259259259266
4 0.21719557291666666 0.4653814814814815 0.014522395833333323 0.015255555555555555
4 0.23204765624999998 0.4606875 0.011221354166666645 0.0176027777777778
4 0.44393958333333333 0.5522212962962962 0.008581249999999999 0.015255555555555555
4 0.42050624999999997 0.5533949074074075 0.010561458333333343 0.017602777777777853
4 0.1478848958333333 0.6748532407407407 0.019803124999999994 0.016428703703703647
4 0.13567291666666667 0.6818939814814815 0.008581250000000014 0.01642870370370375
4 0.15118541666666663 0.6883486111111112 0.014521875000000002 0.017602777777777853
4 0.7964322916666667 0.5516342592592592 0.008583333333333342 0.01642962962962955
4 0.7756380208333333 0.5557416666666667 0.011880208333333423 0.015255555555555555
4 0.9855520833333334 0.8878453703703705 0.009239583333333337 0.01994999999999994
0 1.0033723958333334 0.8825629629629629 0.05280729166666672 0.08683703703703703
0 0.42908723958333334 0.5416597222222223 0.0554484375 0.09505462962962963
0 0.21950598958333334 0.4477787037037037 0.04026614583333335 0.06219629629629632
0 0.7792708333333334 0.5463537037037037 0.04686458333333334 0.08566666666666665
0 0.14821484375 0.6725060185185184 0.03762552083333333 0.0704101851851852
