3 0.6871848958333333 0.20075462962962964 0.006598958333333371 0.01642962962962963
3 0.6383385416666667 0.12917083333333335 0.011885416666666633 0.021123148148148137
3 0.5885026041666668 0.12330277777777779 0.005942708333333376 0.011735185185185178
3 0.5951015624999999 0.15322731481481483 0.009901041666666662 0.0176027777777778
3 0.47628463541666666 0.12682361111111112 0.009901562499999983 0.0164287037037037
3 0.41819583333333327 0.21953101851851853 0.012541666666666687 0.021123148148148137
3 0.3980627604166667 0.1766976851851852 0.00924114583333336 0.017602777777777773
1 -0.0006374739583333326 0.6425814814814815 0.03960598958333333 0.06689074074074082
4 0.7947838541666667 0.40377222222222225 0.011880208333333423 0.014081481481481454
1 0.8013828125 0.4061194444444445 0.023765625000000058 0.04224629629629633
4 0.31191979166666667 0.43134953703703705 0.012541666666666687 0.008213888888888871
4 0.3139 0.4401509259259259 0.012541666666666628 0.011735185185185166
4 0.29871770833333333 0.43311018518518524 0.007261458333333337 0.011735185185185166
4 0.09441692708333334 0.8098069444444445 0.011881770833333341 0.016428703703703647
4 0.10398828125 0.8197819444444445 0.007260937499999986 0.01760277777777775
4 0.07890442708333333 0.8326902777777777 0.016502604166666667 0.017602777777777853
4 0.85584375 0.5393125 0.007260416666666695 0.012908333333333362
4 0.8337291666666666 0.5398995370370371 0.010562500000000105 0.014082407407407464
0 0.8393385416666667 0.5310981481481482 0.04818749999999999 0.08566666666666665
0 0.31026953125 0.41668055555555555 0.035645312499999984 0.06571666666666666
0 0.08253515625 0.8115671296296297 0.0528078125 0.07627870370370368
