3 0.47430416666666664 0.1426662037037037 0.02178333333333337 0.03637870370370369
4 0.9393463541666667 0.45599351851851855 0.01320312500000007 0.015255555555555555
1 0.9373619791666666 0.4595138888888889 0.027723958333333344 0.05750185185185189
4 0.9390130208333334 0.6713324074074074 0.009901041666666662 0.01408148148148156
4 0.9159088541666667 0.6654648148148148 0.015182291666666596 0.01642962962962955
4 0.9129401041666667 0.677787037037037 0.0145260416666666 0.019950000000000048
4 0.18187994791666667 0.6889351851851852 0.007260937500000016 0.016429629629629655
4 0.16240729166666668 0.6983231481481481 0.010561458333333343 0.011735185185185166
4 0.15580598958333336 0.6824810185185186 0.007921354166666669 0.012908333333333258
4 0.8449505208333333 0.5821453703703704 0.00792187500000002 0.011735185185185166
4 0.8188776041666666 0.579212037037037 0.009901041666666662 0.010561111111111065
4 0.22346614583333332 0.8491194444444444 0.015182291666666655 0.015255555555555555
0 0.1673578125 0.6842412037037038 0.04554687500000002 0.06806388888888891
0 0.8307578124999999 0.5692370370370371 0.052151041666666606 0.08918703703703704
0 0.9238333333333333 0.656663425925926 0.058750000000000094 0.08331944444444446
0 0.21620520833333334 0.8455990740740742 0.045546874999999994 0.069237037037037
