4 0.5967526041666668 0.529337962962963 0.010557291666666658 0.01877592592592584
4 0.5581380208333333 0.5287509259259259 0.013859375000000066 0.01994999999999994
4 0.5736510416666666 0.34979074074074074 0.010562499999999985 0.018775925925925946
4 0.5607786458333333 0.36621990740740745 0.019140625 0.0164287037037037
4 0.5479036458333333 0.3650462962962963 0.00792187500000002 0.014081481481481454
4 0.5581354166666666 0.37854166666666667 0.0033020833333332906 0.017601851851851844
4 0.5376744791666667 0.3791282407407407 0.01122395833333331 0.0164287037037037
4 0.36043697916666667 0.5264037037037038 0.007920833333333377 0.01994999999999994
4 0.33964401041666664 0.5217097222222222 0.01782239583333336 0.010562037037036969
4 0.33832395833333334 0.540486111111111 0.015182291666666714 0.015255555555555555
4 0.42446666666666666 0.7405694444444445 0.02244375000000005 0.01877592592592584
4 0.39608229166666664 0.6953893518518519 0.017162499999999997 0.019949074074074036
4 0.34921536458333335 0.686587962962963 0.00924114583333336 0.023470370370370332
0 0.3818903645833333 0.6642916666666666 0.10099531249999998 0.178374074074074
0 0.34459453125 0.5158425925925926 0.051488020833333314 0.08801296296296289
0 0.5578072916666666 0.3351217592592593 0.06468749999999997 0.11148425925925923
0 0.5403140625 0.36680648148148143 0.0442260416666666 0.07862592592592593
0 0.5716692708333333 0.5099750000000001 0.08184895833333337 0.1584240740740741
0 0.42281640625 0.7352888888888889 0.04950781250000003 0.08566666666666665
