4 0.963109375 0.19840787037037036 0.019802083333333324 0.0164287037037037
1 0.9730104166666667 0.19664722222222222 0.03960416666666665 0.0504611111111111
4 0.14491458333333332 0.6959759259259259 0.02178333333333334 0.023470370370370332
4 0.10068776041666666 0.6519694444444444 0.012542187499999994 0.01994999999999994
4 0.06834296875 0.6590106481481481 0.01914322916666667 0.019949074074074143
4 0.49674765625 0.7569986111111112 0.01650260416666664 0.021123148148148137
4 0.46473281250000004 0.7493708333333334 0.015842708333333337 0.024643518518518526
4 0.46572291666666665 0.7188597222222223 0.013862499999999993 0.019949074074074036
4 0.8548515625 0.6496222222222223 0.009244791666666667 0.015255555555555555
4 0.2931067708333333 0.7376356481481482 0.021122916666666686 0.024643518518518422
4 0.27693437499999995 0.7112319444444445 0.012541666666666687 0.025817592592592628
4 0.3178606770833333 0.6725060185185184 0.020463020833333328 0.021123148148148137
0 0.837359375 0.6373004629629629 0.04951041666666664 0.08683981481481486
0 0.48123541666666664 0.7335287037037037 0.06733020833333334 0.1032685185185185
0 0.31290989583333334 0.6431680555555556 0.0858125 0.14786203703703707
0 0.28881614583333337 0.7118189814814815 0.06270937499999996 0.1020953703703703
0 0.14227421875 0.6689851851851851 0.09043385416666667 0.16194444444444442
0 0.07560414062499998 0.637300925925926 0.06535005208333332 0.09622777777777783
