4 0.8838958333333333 0.35917870370370375 0.01584375000000004 0.011735185185185166
1 0.8819166666666667 0.36328611111111114 0.025083333333333256 0.05515555555555554
1 0.00629359375 0.687175 0.044226666666666664 0.08801296296296304
4 0.9700390624999999 0.8678958333333333 0.016505208333333243 0.01760277777777775
0 0.9710286458333334 0.8502925925925926 0.05808854166666677 0.09270740740740743
4 0.34723489583333333 0.3738476851851852 0.010561458333333343 0.01056203703703702
4 0.34459453125 0.38382222222222223 0.007921354166666639 0.011735185185185218
4 0.23864843749999998 0.4911986111111111 0.008581249999999999 0.010562037037036969
4 0.25614140625 0.4911986111111111 0.011881770833333328 0.012908333333333362
4 0.3039984375 0.6249787037037038 0.011221875000000025 0.015255555555555555
4 0.27330390625 0.6296731481481482 0.01320156249999999 0.015255555555555555
4 0.6366901041666667 0.38558287037037037 0.009901041666666662 0.01056203703703702
4 0.6403203125 0.3949708333333333 0.006598958333333371 0.01290833333333331
4 0.6248046875 0.39379722222222224 0.00990104166666678 0.012909259259259266
4 0.7878515625000001 0.4759430555555555 0.008578125000000015 0.01525648148148146
4 0.7984114583333333 0.49002546296296295 0.01782291666666668 0.012908333333333362
4 0.8205260416666665 0.4929587962962964 0.0066041666666667 0.01642870370370375
4 0.5591276041666667 0.5862527777777778 0.01320312500000007 0.015255555555555555
0 0.802703125 0.47887685185185186 0.05016666666666663 0.07041111111111105
0 0.35383619791666665 0.3750212962962963 0.029044270833333385 0.0504611111111111
0 0.2521807291666667 0.4847444444444445 0.03828541666666668 0.05632777777777778
0 0.2841955729166667 0.6161777777777778 0.06799010416666669 0.11969814814814815
0 0.631078125 0.3849958333333333 0.03168749999999996 0.04459351851851852
0 0.5548359375 0.5592625 0.056109375000000065 0.11383055555555557
3 0.4733135416666666 0.07401580092592593 0.13729999999999998 0.15490358333333334
