3 0.39509244791666664 0.2564962962962963 0.01650260416666664 0.019949999999999992
3 0.5719999999999998 0.224225 0.019145833333333327 0.025816666666666648
3 0.6092942708333333 0.22305185185185186 0.011880208333333305 0.018775925925925918
3 0.6350390625000001 0.1984078703703704 0.014526041666666718 0.02816388888888889
3 0.5974114583333334 0.19723425925925925 0.009239583333333337 0.018775925925925918
4 0.8291093749999999 0.47887685185185186 0.014520833333333271 0.011735185185185166
1 0.8277890625 0.4759430555555556 0.022442708333333408 0.043419444444444476
4 0.9459453125 0.4565800925925926 0.014526041666666718 0.011734259259259262
4 0.9442942708333334 0.47476944444444447 0.008578125000000015 0.02933703703703701
4 0.9558463541666666 0.4777032407407407 0.00792187500000002 0.03520462962962959
4 0.9330729166666667 0.47359629629629635 0.01121874999999998 0.03403148148148145
2 0.9423151041666666 0.4870912037037037 0.052151041666666606 0.07979907407407406
4 0.24755989583333332 0.5117351851851852 0.009241666666666681 0.011735185185185166
4 0.23534817708333336 0.5111486111111112 0.00858177083333335 0.012908333333333258
4 0.2069640625 0.6754398148148149 0.008581249999999999 0.017601851851851844
4 0.19343177083333335 0.6854148148148149 0.010561458333333343 0.016429629629629655
4 0.7555078124999999 0.5762777777777778 0.009901041666666662 0.011735185185185166
4 0.7766302083333334 0.5797986111111111 0.0072604166666665765 0.014082407407407464
4 0.8733333333333334 0.5610226851851852 0.009239583333333337 0.016428703703703647
4 0.8822447916666667 0.5727578703703705 0.01121874999999998 0.014082407407407358
4 0.8670651041666666 0.5698240740740742 0.005942708333333376 0.015255555555555555
4 0.9429739583333333 0.8315166666666667 0.012541666666666628 0.017601851851851844
4 0.9442942708333334 0.8561601851851852 0.013859374999999948 0.019950000000000048
4 0.9680598958333334 0.8620282407407408 0.009901041666666662 0.01760277777777775
0 0.8786145833333333 0.5639564814814816 0.03564583333333336 0.05280740740740745
0 0.9508958333333334 0.8461856481481481 0.053468749999999926 0.08449351851851845
0 0.7637578125 0.5721712962962963 0.047526041666666664 0.08097222222222217
0 0.2429390625 0.5058675925925926 0.030364583333333337 0.042246296296296275
0 0.19904270833333335 0.6725060185185185 0.03498541666666665 0.061023148148148125
0 0.12841197916666666 0.5129083333333334 0.04554687500000001 0.07745185185185188
