3 0.6043437500000001 0.14090555555555556 0.016500000000000032 0.023470370370370384
3 0.5852005208333333 0.14149259259259261 0.009901041666666662 0.015255555555555555
3 0.6139166666666666 0.20486203703703704 0.010562499999999985 0.019949999999999992
3 0.5488958333333334 0.16144212962962964 0.012541666666666748 0.02229722222222221
3 0.40730416666666663 0.16906990740740743 0.014521875000000031 0.02816388888888889
3 0.3307325520833333 0.19430046296296297 0.010561979166666664 0.017602777777777773
3 0.3498755208333333 0.15381435185185188 0.010561458333333343 0.016428703703703727
4 0.8984192708333334 0.44953888888888893 0.01320312500000007 0.011735185185185166
1 0.9020494791666667 0.4518861111111111 0.027067708333333346 0.05867592592592593
3 0.9875338541666667 0.42313518518518517 0.02244270833333329 0.015255555555555555
4 0.9990833333333333 0.4454319444444445 0.005937500000000047 0.03168425925925925
4 0.9852213541666667 0.4436717592592593 0.007265624999999905 0.0328583333333333
4 0.9720208333333333 0.4424981481481482 0.012541666666666628 0.035205555555555545
2 0.9822500000000001 0.45129953703703707 0.06205208333333338 0.09036018518518518
4 0.21125442708333336 0.5903601851851852 0.00924114583333333 0.014081481481481454
4 0.18617057291666667 0.5886000000000001 0.007921354166666669 0.015255555555555555
4 0.13138255208333333 0.6918689814814815 0.011881770833333328 0.01525648148148146
4 0.11620026041666666 0.6807208333333333 0.011881770833333328 0.014082407407407464
4 0.11025937499999999 0.6953893518518518 0.009241666666666667 0.012908333333333362
4 0.7630963541666667 0.5557416666666667 0.00792187500000002 0.012909259259259266
4 0.7888411458333333 0.5569152777777777 0.009244791666666667 0.012908333333333258
0 0.7729999999999999 0.5492875 0.048843749999999984 0.08683981481481486
0 0.19739244791666666 0.579212037037037 0.05412864583333334 0.09740185185185182
0 0.12412135416666667 0.6789601851851853 0.04752708333333334 0.069237037037037
