4 0.9169010416666666 0.36328611111111114 0.01584375000000004 0.010561111111111117
1 0.9145911458333332 0.3668064814814815 0.027067708333333346 0.05515555555555554
4 0.971359375 0.8532268518518519 0.01121874999999998 0.023470370370370332
4 0.9858828125 0.8843245370370371 0.019140625 0.01760277777777775
0 0.9839010416666667 0.8643750000000001 0.05742708333333333 0.09505370370370372
4 0.3756192708333333 0.39086342592592593 0.010561458333333343 0.009387962962962973
4 0.3660479166666667 0.3820625 0.011221875000000025 0.012908333333333362
4 0.23204765624999998 0.49413240740740744 0.00858177083333332 0.011735185185185166
4 0.22313645833333334 0.5064541666666666 0.010561458333333313 0.012908333333333362
4 0.2954171875 0.6419949074074074 0.011221875000000025 0.01642870370370375
4 0.26472265625 0.6419944444444445 0.010561979166666693 0.018775925925925946
4 0.6465885416666667 0.40259861111111117 0.007260416666666695 0.011734259259259208
4 0.6314088541666666 0.40259861111111117 0.009901041666666662 0.014082407407407412
4 0.8198671875 0.4947189814814815 0.00792187500000002 0.012908333333333362
4 0.7984140624999999 0.49589259259259266 0.01650520833333336 0.015255555555555555
4 0.7885104166666667 0.48005046296296305 0.008583333333333342 0.014082407407407358
4 0.5690286458333332 0.5850796296296297 0.01583854166666671 0.015255555555555555
4 0.6003828125 0.5815592592592593 0.01122395833333331 0.015255555555555555
0 0.8000624999999999 0.47711666666666674 0.05148958333333328 0.07627777777777778
0 0.37132864583333336 0.3820625 0.03102499999999999 0.04811388888888886
0 0.22379635416666668 0.49413240740740744 0.034324999999999994 0.05867592592592588
0 0.27627447916666664 0.6284995370370372 0.06931041666666668 0.12556574074074073
0 0.5799192708333334 0.5709972222222223 0.06667187499999999 0.11148333333333338
0 0.6350390625000001 0.39321064814814816 0.0330052083333334 0.04693981481481481
3 0.5053291666666666 0.07284237037037038 0.14060208333333335 0.15020970370370368
