3 0.4686934895833333 0.13093101851851852 0.018482812499999984 0.03403240740740739
3 0.6353671875 0.1984078703703704 0.020463541666666647 0.02816388888888889
4 0.8479192708333334 0.45188611111111116 0.01122395833333331 0.011735185185185218
1 0.8469296875 0.45247268518518513 0.026401041666666694 0.05515462962962959
4 0.9089817708333333 0.6842412037037038 0.007921874999999901 0.014082407407407464
4 0.8789453125 0.6772 0.013859375000000066 0.018775925925925946
4 0.18088984375 0.6924560185185185 0.007921354166666669 0.014082407407407358
4 0.17296875 0.6813074074074074 0.011882291666666678 0.015255555555555555
4 0.15811666666666666 0.6942162037037037 0.011221875000000025 0.012908333333333362
4 0.8284479166666666 0.5833194444444445 0.009239583333333337 0.011735185185185166
4 0.2241263020833333 0.8485324074074074 0.016502604166666667 0.016429629629629655
0 0.16603776041666668 0.6860013888888888 0.049507812500000005 0.06219537037037031
0 0.8231666666666667 0.5709972222222223 0.04753125 0.09270740740740743
0 0.8885182291666666 0.6678120370370371 0.0633697916666667 0.07979814814814816
0 0.21785546875 0.8450124999999999 0.05016718749999998 0.07510462962962958
