1 0.19607213541666668 0.40611898148148157 0.04620677083333333 0.10561574074074075
4 0.6251354166666666 0.5528078703703704 0.02112499999999997 0.025817592592592628
4 0.5782682291666668 0.5352050925925926 0.011880208333333423 0.025817592592592524
4 0.36901822916666666 0.5715842592592593 0.03036458333333331 0.018775925925925946
4 0.36901848958333333 0.5979884259259259 0.03168489583333335 0.024643518518518526
4 0.3356833333333333 0.5704106481481481 0.008581249999999999 0.023469444444444428
4 0.4495505208333333 0.589187037037037 0.027723958333333285 0.018775925925925946
4 0.44724010416666665 0.6167643518518519 0.01914270833333334 0.024643518518518526
0 0.36769817708333336 0.5387259259259259 0.07921197916666665 0.1595981481481481
0 0.450540625 0.5891865740740742 0.0613895833333333 0.1056157407407408
0 0.6125963541666666 0.519362962962963 0.09901562499999994 0.17720000000000002
