3 0.9703671875 0.02238125199074074 0.05808854166666665 0.04459342194444445
4 0.3115895833333333 0.5733444444444444 0.02640416666666668 0.02229629629629623
1 0.31621041666666666 0.5592625 0.03828541666666668 0.08331944444444446
4 0.6482421875 0.33864212962962964 0.017161458333333237 0.012908333333333362
4 0.6670546875 0.34274953703703703 0.005942708333333376 0.0164287037037037
4 0.6472499999999999 0.3521375 0.019145833333333327 0.014082407407407412
4 0.5059888020833333 0.5645430555555556 0.009901562499999983 0.01877685185185185
4 0.47331406249999997 0.5756916666666667 0.014521874999999972 0.01994999999999994
4 0.29046640625000003 0.6132439814814815 0.014522395833333293 0.01760277777777775
4 0.26571276041666664 0.6085495370370371 0.011221354166666675 0.017602777777777853
4 0.5980729166666667 0.6719189814814815 0.010562499999999985 0.01760277777777775
4 0.5914713541666666 0.6936291666666667 0.01583854166666659 0.016428703703703647
4 0.5660572916666666 0.6930425925925926 0.01121874999999998 0.019950000000000048
4 0.5442734375 0.6443416666666667 0.015182291666666596 0.018775925925925946
4 0.5267833333333333 0.6214583333333333 0.013204166666666595 0.02464444444444443
4 0.5188596354166667 0.6355407407407407 0.009239062500000016 0.019950000000000048
4 0.6729947916666668 0.6719194444444445 0.021781249999999967 0.015255555555555555
4 0.6706822916666667 0.6906953703703704 0.01452083333333339 0.019950000000000048
4 0.6918072916666667 0.6824810185185186 0.006604166666666581 0.02229722222222224
4 0.5551666666666667 0.4882648148148149 0.009239583333333337 0.018775925925925946
4 0.52282109375 0.4964796296296296 0.01320156249999999 0.018775925925925946
0 0.6518697916666667 0.31810601851851855 0.04290624999999994 0.1009212962962963
0 0.5333822916666667 0.47887685185185186 0.062047916666666696 0.11735185185185186
0 0.48354557291666667 0.5522212962962963 0.07063072916666666 0.13730000000000012
0 0.5347044270833334 0.6243921296296296 0.05809114583333338 0.08449351851851856
0 0.5848697916666666 0.676613425925926 0.05677083333333333 0.08331944444444446
0 0.6736536458333333 0.6713324074074074 0.04950520833333331 0.08918703703703704
0 0.27825442708333337 0.5968148148148148 0.05742864583333332 0.08566666666666675
