0 0.5885 0.2611907407407408 0.06403125000000003 0.11852407407407407
0 0.17032838541666667 0.5727578703703705 0.10693593750000001 0.18776203703703706
0 0.27330390625 0.6554902777777778 0.09901510416666666 0.1748527777777778
0 0.7446171874999999 0.6889351851851852 0.08317187500000003 0.12439259259259254
0 0.9565078124999999 0.4847444444444445 0.06336979166666659 0.10092222222222226
4 0.14392447916666667 0.5968148148148148 0.019803124999999994 0.02699074074074072
4 0.19706223958333335 0.6009217592592593 0.020463020833333356 0.025817592592592628
4 0.31621041666666666 0.6977365740740741 0.01320208333333331 0.03403240740740741
4 0.27858463541666667 0.7170990740740741 0.034325520833333345 0.03051111111111111
4 0.9716874999999999 0.4823976851851852 0.01584374999999992 0.021123148148148085
4 0.9555182291666666 0.5029337962962963 0.019140625 0.024643518518518526
4 0.7657369791666667 0.6783736111111112 0.018484375000000004 0.025817592592592628
4 0.762765625 0.7129921296296297 0.017822916666666563 0.024643518518518526
4 0.7238229166666665 0.7106449074074074 0.019145833333333327 0.02933796296296302
