4 0.8723437500000001 0.3902768518518519 0.013864583333333395 0.010561111111111117
1 0.8693749999999999 0.39262407407407407 0.02904166666666666 0.0504611111111111
4 0.008273903645833334 0.6654648148148148 0.017822713541666667 0.01642962962962955
1 0.019495578124999996 0.6502097222222223 0.04554686458333333 0.07510462962962969
4 0.20366354166666667 0.5228833333333333 0.011221874999999996 0.012909259259259162
4 0.1861708333333333 0.5275773148148148 0.010561458333333313 0.012908333333333362
4 0.19046119791666666 0.5176027777777777 0.013861979166666672 0.011735185185185166
4 0.47265390625 0.5082143518518518 0.011881770833333328 0.014082407407407358
4 0.6690338541666667 0.42841574074074074 0.007265625000000024 0.011735185185185218
4 0.6548411458333334 0.4272425925925926 0.00792187500000002 0.011735185185185218
4 0.8198645833333332 0.5187759259259259 0.010562499999999985 0.011735185185185166
4 0.8132656249999999 0.5281643518518518 0.009239583333333337 0.014082407407407464
4 0.8386796874999999 0.5305111111111112 0.016505208333333243 0.011735185185185166
4 0.5647369791666667 0.5481138888888889 0.01122395833333331 0.016429629629629655
4 0.5937812499999999 0.5504611111111112 0.01121874999999998 0.016429629629629655
0 0.8320781250000001 0.5140819444444444 0.05479166666666669 0.06336944444444441
0 0.66078125 0.41961481481481483 0.03432291666666672 0.045766666666666664
0 0.5812395833333334 0.5381388888888889 0.05742708333333333 0.1044425925925926
0 0.4759544270833333 0.4917856481481482 0.051488020833333314 0.10561574074074069
0 0.19739244791666666 0.5152555555555556 0.03960572916666667 0.06102222222222222
3 0.6743151041666666 0.03176930555555556 0.027067708333333346 0.03989935185185185
3 0.47298411458333334 0.027662050925925927 0.023103645833333294 0.062196083333333346
3 0.3254518229166667 0.015340189814814813 0.014522395833333293 0.032858324074074075
3 0.5248020833333333 0.07753638888888889 0.03036458333333331 0.06336981481481482
