4 0.9921536458333333 0.39379722222222224 0.011880208333333305 0.0340314814814815
2 1.0023854166666666 0.40670601851851856 0.05742708333333333 0.08566574074074075
4 0.9541979166666666 0.41140000000000004 0.013864583333333276 0.012909259259259266
1 0.9588177083333334 0.4190277777777778 0.027062500000000017 0.05163518518518521
4 0.8083125 0.5064541666666666 0.007260416666666695 0.012908333333333362
4 0.8320781249999999 0.5111486111111112 0.01121874999999998 0.012908333333333258
4 0.6248072916666667 0.41140000000000004 0.0072604166666665765 0.010561111111111117
4 0.6191979166666667 0.4178541666666667 0.005281250000000052 0.00938796296296292
4 0.6307473958333333 0.420787962962963 0.008578125000000015 0.010561111111111117
4 0.18782109374999997 0.6085499999999999 0.007260937499999986 0.015255555555555555
4 0.17791953125 0.6232185185185186 0.012542187500000008 0.014081481481481454
0 0.07362374999999999 0.4366305555555556 0.04686708333333333 0.08214629629629626
0 0.17659947916666668 0.6120699074074074 0.03498541666666665 0.05984907407407413
0 0.6297578125 0.4137472222222222 0.027723958333333344 0.045766666666666664
0 0.8215182291666667 0.4982398148148148 0.05082812499999995 0.07627777777777778
