3 0.6284375 0.13445185185185185 0.017166666666666684 0.02699074074074072
3 0.5713385416666666 0.1303439814814815 0.007260416666666695 0.014082407407407412
3 0.5604479166666666 0.19195324074074077 0.011885416666666633 0.017602777777777773
3 0.5429557291666666 0.233612962962963 0.016505208333333243 0.028164814814814847
3 0.5248028645833334 0.19136666666666666 0.017165104166666605 0.03051111111111111
3 0.37925000000000003 0.1925402777777778 0.012541666666666687 0.0164287037037037
3 0.30795911458333336 0.20016805555555556 0.012542187500000008 0.02229722222222224
4 0.9974348958333333 0.4471921296296296 0.00792187500000002 0.025817592592592576
2 1.0086536458333333 0.4589268518518519 0.052807291666666596 0.07745185185185188
4 0.8060052083333333 0.44484537037037036 0.01584375000000004 0.011735185185185166
1 0.807984375 0.4477791666666667 0.023760416666666728 0.048113888888888914
4 0.14524453125 0.6725060185185184 0.014522395833333323 0.014082407407407358
4 0.15217552083333336 0.6842412037037038 0.008581249999999999 0.014082407407407464
4 0.13105234375 0.686588425925926 0.013861979166666672 0.014082407407407464
4 0.7472552083333334 0.8332768518518519 0.02112499999999997 0.018775925925925946
4 0.7234921875 0.8062861111111111 0.00792187500000002 0.023470370370370332
4 0.6766249999999999 0.6619444444444446 0.0066041666666667 0.014081481481481454
4 0.6495598958333333 0.6707458333333334 0.013203124999999953 0.01760277777777775
4 0.7918125 0.6549032407407407 0.016499999999999914 0.014082407407407358
4 0.7914817708333333 0.6678120370370372 0.011880208333333305 0.014081481481481454
0 0.002332994791666667 0.5 0.05214786458333333 0.08214629629629631
0 0.7931328125 0.6560768518518518 0.03366145833333339 0.06337037037037042
0 0.7456041666666666 0.8068731481481481 0.053468750000000044 0.08801296296296304
0 0.6561640625 0.657250462962963 0.05808854166666665 0.1056157407407408
0 0.13897369791666667 0.6736796296296297 0.04818697916666667 0.0680629629629629
