3 0.46803385416666665 0.0886844001388889 0.13466145833333337 0.17719971824074077
4 0.9905026041666666 0.9740972222222224 0.013859374999999948 0.02582407407407417
4 0.4053239583333333 0.4278291666666667 0.01320208333333331 0.010562037037037073
4 0.41753567708333333 0.43428333333333335 0.00858177083333338 0.014081481481481454
4 0.40136328125 0.4389777777777778 0.010561979166666664 0.011735185185185166
4 0.4152252604166667 0.49002546296296295 0.007921354166666639 0.012908333333333362
4 0.40433359375 0.5005870370370371 0.011221354166666645 0.015255555555555555
4 0.33172265625 0.5275777777777779 0.009901562499999983 0.015255555555555555
4 0.3036684895833333 0.5316847222222222 0.011881770833333387 0.014082407407407358
0 0.6020338541666667 0.5181893518518519 0.06865104166666663 0.11617685185185186
0 1.0063463541666666 0.972337962962963 0.05610937500000001 0.07628703703703703
0 0.40862447916666667 0.43193657407407404 0.03696562500000002 0.04459351851851852
0 0.31257994791666666 0.5217101851851852 0.06138906249999998 0.09974814814814816
0 0.40730416666666663 0.4888518518518519 0.034324999999999994 0.050461111111111054
