4 0.05118028645833333 0.6126569444444444 0.015182135416666664 0.021123148148148137
4 0.025106432291666664 0.6085499999999999 0.019802968749999997 0.015255555555555555
4 0.021475885416666667 0.6243921296296296 0.01914291666666667 0.01877685185185185
4 0.17263880208333332 0.5768652777777779 0.007260937500000016 0.01760277777777775
4 0.19772265625 0.5821458333333334 0.013861979166666672 0.01642870370370375
3 0.5871822916666666 0.06638787037037037 0.012541666666666748 0.02229666666666666
3 0.5591276041666667 0.11860925925925925 0.011880208333333423 0.025816666666666658
3 0.5472447916666667 0.1092212962962963 0.011885416666666633 0.023470370370370384
3 0.5624270833333334 0.17141712962962963 0.014520833333333271 0.023469444444444452
3 0.40862447916666667 0.09455226851851853 0.01320208333333331 0.02933805555555556
3 0.37891979166666667 0.10335342592592593 0.01320208333333337 0.02581722222222222
3 0.366378125 0.12154305555555557 0.010561458333333343 0.024643518518518526
4 0.9211927083333333 0.3926236111111111 0.01782291666666668 0.01760277777777775
1 0.9202005208333333 0.39673101851851855 0.02376562499999994 0.056328703703703686
4 0.8357083333333333 0.6020953703703703 0.010562499999999985 0.016429629629629655
4 0.8634322916666667 0.6091365740740742 0.010562499999999985 0.01642870370370375
4 0.6578125 0.4272421296296297 0.013864583333333276 0.014082407407407412
4 0.6617734375 0.43780416666666666 0.008578125000000015 0.014082407407407412
4 0.64725 0.43721759259259263 0.008583333333333342 0.015255555555555555
4 0.9746588541666665 0.9394768518518519 0.01122395833333331 0.026990740740740825
4 0.3152200520833333 0.5046939814814816 0.009901562499999983 0.01642870370370375
4 0.30498880208333334 0.5146689814814814 0.011881770833333328 0.012908333333333362
4 0.8921458333333333 0.6701592592592592 0.01782291666666668 0.01877592592592584
4 0.9225130208333333 0.6860013888888888 0.019140625 0.01760277777777775
1 -0.005588203125 0.6959759259259259 0.04158630208333333 0.07745185185185177
0 0.6541822916666666 0.4278291666666667 0.03432291666666672 0.05280833333333335
4 0.32116093749999997 0.5134953703703704 0.008581249999999999 0.017601851851851844
0 0.309609375 0.5076277777777779 0.03828541666666663 0.05750185185185183
0 0.19046145833333336 0.5692370370370371 0.056108333333333336 0.11265740740740737
0 0.8459401041666667 0.5938805555555556 0.06534895833333335 0.1009222222222222
0 0.9063385416666667 0.6619444444444446 0.06996874999999995 0.08918703703703704
4 0.952875 0.921287962962963 0.027062500000000017 0.0258129629629629
0 0.9561770833333334 0.9177675925925927 0.05479166666666669 0.09622407407407421
0 0.03401767447916667 0.5927074074074075 0.066669859375 0.1056166666666667
