1 0.03368783854166667 0.4325231481481482 0.04752744791666667 0.09036111111111109
4 0.7099583333333332 0.5498740740740741 0.0072604166666665765 0.022296296296296335
4 0.6802552083333334 0.5668898148148148 0.016500000000000032 0.018775925925925946
4 0.47232395833333335 0.4683152777777778 0.008581249999999999 0.01642870370370375
4 0.4558213541666667 0.46186064814814815 0.02178333333333337 0.01290833333333331
4 0.4518609375 0.48005046296296305 0.011221875000000025 0.0164287037037037
4 0.6290989583333333 0.3603523148148149 0.010562499999999985 0.0164287037037037
4 0.615234375 0.3761949074074074 0.02112499999999997 0.01760277777777775
4 0.30927942708333334 0.3855824074074074 0.009901562499999983 0.015255555555555555
4 0.2871658854166667 0.38616944444444445 0.014522395833333293 0.016429629629629655
4 0.42380677083333335 0.7200333333333333 0.02640416666666668 0.015255555555555555
4 0.42578697916666663 0.7446768518518518 0.021122916666666686 0.022296296296296335
0 0.2937671875 0.3767814814814815 0.04752708333333331 0.06571666666666666
0 0.6838854166666666 0.5416597222222223 0.07261458333333337 0.15138240740740747
0 0.6132552083333334 0.3468569444444445 0.05544791666666669 0.10913611111111109
0 0.4584619791666667 0.4577537037037037 0.045546874999999966 0.07745185185185183
0 0.41786588541666664 0.637300925925926 0.07921197916666665 0.14551481481481487
0 0.42281640625 0.7118185185185185 0.054788020833333326 0.09974814814814821
