3 0.6475807291666666 0.11332824074074074 0.0145260416666666 0.022297222222222225
3 0.6040130208333333 0.1109814814814815 0.006598958333333371 0.015255555555555569
3 0.5911432291666666 0.20016805555555556 0.015182291666666596 0.024643518518518526
3 0.5670494791666667 0.18843287037037038 0.01716145833333336 0.03403240740740741
3 0.43304791666666664 0.16378935185185184 0.010561458333333343 0.017602777777777773
3 0.3624171875 0.17024351851851852 0.006601041666666655 0.018775925925925946
4 0.8565026041666667 0.410812962962963 0.013859374999999948 0.011735185185185166
4 0.9954531249999999 0.40670601851851856 0.010562499999999985 0.03637870370370369
2 1.0060156249999999 0.4202013888888889 0.05677083333333333 0.07510462962962963
1 0.8545208333333333 0.41550740740740744 0.021781249999999967 0.04928703703703705
4 0.20498359374999997 0.6220453703703703 0.016502604166666667 0.011735185185185166
4 0.20762395833333336 0.6361273148148148 0.012541666666666658 0.014082407407407358
4 0.19178151041666666 0.6296726851851853 0.005941145833333324 0.012908333333333362
4 0.7215130208333334 0.7165125 0.011880208333333305 0.012908333333333258
4 0.6914765625000001 0.7135787037037037 0.009901041666666662 0.016429629629629655
4 0.8175546874999999 0.7822291666666668 0.020463541666666647 0.01760277777777775
0 0.7109505208333333 0.7006703703703704 0.06336979166666659 0.11030925925925927
0 0.8175572916666667 0.7534782407407408 0.04818749999999999 0.08683981481481474
0 0.20135312499999997 0.6196981481481482 0.036965624999999995 0.06102222222222222
0 0.11521015625000001 0.44484490740740745 0.036305729166666675 0.07041018518518515
0 0.14260416666666667 0.4295893518518519 0.04356666666666668 0.07979907407407406
