1 0.8657447916666666 0.37560787037037036 0.027062500000000017 0.04928796296296296
4 0.8687135416666667 0.37326064814814813 0.017166666666666684 0.0164287037037037
3 0.30201822916666665 0.08633768518518518 0.019142708333333282 0.034032037037037034
3 0.6026927083333333 0.02648851851851852 0.01584375000000004 0.024643703703703702
3 0.3815604166666667 0.08516407407407409 0.017162499999999997 0.03168481481481482
3 0.45120052083333334 0.0792963888888889 0.015182291666666655 0.026990555555555556
3 0.6518723958333332 0.08575060185185185 0.01122395833333331 0.021122870370370365
3 0.6604531250000001 0.09572560185185186 0.019145833333333327 0.02933768518518518
0 0.8353776041666667 0.49237222222222227 0.05082812499999995 0.09740185185185186
0 0.3043286458333333 0.6402347222222223 0.06468958333333337 0.1067898148148148
4 0.281225 0.6554898148148149 0.010561458333333343 0.02699074074074072
4 0.3112596354166667 0.6713328703703705 0.021782812499999988 0.021123148148148137
4 0.8376901041666667 0.5052810185185185 0.011880208333333305 0.01760277777777775
