4 0.6013749999999999 0.5797986111111111 0.014520833333333271 0.021123148148148245
4 0.6238177083333334 0.5692375 0.009239583333333337 0.021123148148148137
4 0.5244713541666667 0.5393125 0.009901041666666662 0.019949074074074143
4 0.5099494791666667 0.5639560185185185 0.011221874999999966 0.01760277777777775
4 0.40862421875 0.4882652777777777 0.009241145833333301 0.021123148148148137
4 0.3709986979166667 0.5064541666666666 0.014522395833333352 0.02229722222222224
4 0.43766875000000005 0.6637046296296296 0.014521874999999972 0.022296296296296335
4 0.4307377604166666 0.6912819444444445 0.0178223958333333 0.021123148148148137
4 0.40070312499999994 0.687175 0.011882291666666649 0.019950000000000048
4 0.214225 0.4812240740740741 0.029704166666666657 0.023470370370370332
1 0.21884583333333335 0.46538148148148145 0.04158645833333333 0.088012962962963
4 0.8499010416666666 0.2694050925925926 0.020458333333333318 0.01290833333333331
4 0.5314036458333333 0.8256490740740742 0.02376562499999994 0.02699074074074072
4 0.48717604166666667 0.5774518518518519 0.017162499999999997 0.023470370370370332
4 0.44558984375 0.5639560185185185 0.011881770833333328 0.024643518518518526
4 0.5251309895833333 0.5733444444444444 0.012540104166666665 0.02464444444444443
4 0.5475755208333334 0.5974013888888889 0.025744791666666583 0.01877685185185185
0 0.5066489583333333 0.5434199074074073 0.056108333333333364 0.09622870370370373
0 0.8462682291666667 0.23830694444444447 0.052807291666666596 0.09153425925925926
0 0.6043437500000001 0.559849074074074 0.05214583333333339 0.08918703703703704
0 0.53206328125 0.796311574074074 0.05676927083333331 0.11383055555555557
0 0.42446666666666666 0.6713328703703704 0.0646895833333333 0.11735092592592596
0 0.4710036458333333 0.5533944444444444 0.0785520833333333 0.17015925925925932
0 0.5475765625 0.5715842592592593 0.0679927083333333 0.11265740740740737
0 0.3782596354166667 0.47711620370370367 0.08317239583333334 0.12556574074074073
