4 0.04391940104166667 0.4184407407407408 0.027064322916666668 0.015255555555555555
4 0.10398854166666666 0.49941296296296295 0.008581249999999999 0.06923703703703706
4 0.06735260416666666 0.4595138888888889 0.01320208333333334 0.0504611111111111
4 0.047879947916666665 0.45540694444444446 0.016502604166666667 0.05632870370370363
4 0.024446328124999996 0.46362129629629634 0.007921197916666668 0.04928703703703705
4 0.04887010416666667 0.5023472222222223 0.02112333333333333 0.016429629629629655
2 0.045569453125000006 0.48005046296296305 0.13069963541666665 0.1666379629629629
4 0.30894921875 0.48709166666666665 0.02112343750000001 0.018775925925925946
1 0.31489010416666663 0.47711620370370367 0.03828541666666663 0.08331944444444446
4 0.28056510416666663 0.3650462962962963 0.01320208333333337 0.016429629629629655
4 0.7848828124999999 0.37795509259259263 0.01320312500000007 0.014082407407407412
4 0.34030390624999995 0.7652134259259259 0.012542187500000008 0.023469444444444532
4 0.24095885416666665 0.7141652777777778 0.023763541666666683 0.01760277777777775
4 0.2340278645833333 0.7382226851851853 0.016502604166666667 0.021123148148148137
0 0.2914567708333333 0.33864212962962964 0.056108333333333336 0.09740092592592592
0 0.24789010416666668 0.7153393518518518 0.06799062500000001 0.1067898148148148
0 0.3274322916666667 0.755825 0.06733020833333334 0.10796296296296298
0 0.7865312499999999 0.3609388888888889 0.05214583333333339 0.10678888888888889
