4 0.840328125 0.3603523148148149 0.01584375000000004 0.014082407407407412
1 0.8409895833333332 0.36328611111111114 0.026406250000000023 0.05280740740740739
1 -0.00822859375 0.6977365740740741 0.044226666666666664 0.09036018518518524
0 0.9944635416666666 0.8890180555555556 0.07194791666666672 0.10209351851851849
4 0.40235338541666665 0.3996648148148148 0.007260937500000016 0.012909259259259266
4 0.38750104166666666 0.4043587962962963 0.010561458333333284 0.01290833333333331
4 0.33700364583333337 0.46303472222222225 0.012541666666666687 0.01290833333333331
4 0.35218593749999993 0.4583402777777778 0.008581249999999999 0.012908333333333362
4 0.26010208333333334 0.3844092592592593 0.010561458333333343 0.010561111111111117
4 0.26439244791666666 0.3926236111111111 0.009901562500000013 0.012908333333333362
4 0.24359947916666666 0.391450462962963 0.014521875000000002 0.012908333333333362
4 0.18815104166666666 0.7669736111111112 0.017162499999999997 0.019949074074074143
4 0.14656484374999998 0.7763615740740741 0.02112343750000001 0.024643518518518526
4 0.6574817708333334 0.4008384259259259 0.00792187500000002 0.01056203703703702
4 0.6465911458333333 0.3902768518518519 0.01122395833333331 0.010561111111111117
4 0.6416380208333333 0.3996648148148148 0.00792187500000002 0.012909259259259266
4 0.7043489583333333 0.5035208333333333 0.0066041666666667 0.014082407407407464
4 0.6809166666666667 0.5046939814814816 0.012541666666666748 0.01642870370370375
0 0.6858645833333334 0.4953055555555556 0.05544791666666657 0.09622777777777783
0 0.39575234374999996 0.39731805555555555 0.03234531249999997 0.041073148148148185
0 0.2495403645833333 0.3703268518518518 0.04884739583333332 0.07393148148148149
0 0.34393463541666663 0.4489523148148148 0.035645312499999984 0.057502777777777736
0 0.16207708333333332 0.7564120370370371 0.08383229166666666 0.14903518518518516
0 0.6512109375 0.390863425925926 0.03366145833333339 0.04693981481481481
3 0.6168854166666667 0.031769351851851854 0.01782291666666668 0.025817222222222228
3 0.65253125 0.11156805555555557 0.019145833333333327 0.02112314814814815
3 0.5238127604166666 0.06052037037037037 0.013864062500000015 0.02699074074074074
3 0.41555546875 0.11860925925925928 0.020463020833333328 0.03520555555555556
3 0.3637377604166667 0.10628703703703703 0.011881770833333328 0.022296296296296297
