3 0.5092893229166666 0.09865958333333333 0.07591093750000001 0.15255675925925927
3 0.46671328125 0.00888588425925926 0.029044270833333326 0.01994971296296296
4 0.9099687499999999 0.3679800925925926 0.013864583333333395 0.01525648148148146
4 0.98753125 0.3527240740740741 0.013197916666666623 0.03872592592592594
2 0.9997421875 0.37091342592592597 0.06667187499999999 0.08683981481481486
1 0.9165703125 0.3726740740740741 0.029703124999999986 0.05750185185185183
4 0.18353046875 0.40494537037037037 0.015842187499999986 0.011735185185185166
4 0.18749088541666664 0.4172675925925926 0.015842187499999986 0.015255555555555555
4 0.16570755208333332 0.41140000000000004 0.00924114583333333 0.015255555555555555
4 0.9182213541666667 0.5938805555555555 0.011880208333333423 0.018775925925925946
4 0.3482252604166666 0.41609398148148147 0.009901562499999983 0.01290833333333331
4 0.33304296875 0.41609398148148147 0.007260937500000016 0.015256481481481511
4 0.8093046875 0.40025138888888884 0.011880208333333305 0.014082407407407412
4 0.8007213541666667 0.3879296296296296 0.00792187500000002 0.012909259259259266
0 0.5479057291666667 0.48063703703703703 0.055448958333333326 0.10444259259259255
0 0.9297734375 0.5850796296296297 0.06930729166666663 0.11148333333333338
0 0.933734375 0.8725893518518519 0.05479166666666657 0.08331944444444446
0 0.8079869791666666 0.390863425925926 0.03300520833333328 0.04459351851851852
0 0.17824947916666667 0.38910324074074076 0.04620729166666668 0.07393055555555553
0 0.3455848958333333 0.4061194444444445 0.03234479166666665 0.05398148148148149
