1 0.8654140625 0.6314328703703704 0.0633697916666667 0.12908611111111112
0 0.7928020833333332 0.6953893518518518 0.08185416666666671 0.12791203703703702
0 0.8571614583333333 0.7423300925925926 0.12871874999999994 0.1748527777777777
2 0.28287526041666666 0.4765296296296297 0.1577640625 0.2112314814814815
4 0.2845255208333333 0.3955574074074074 0.033005208333333334 0.02581666666666662
4 0.2845255208333333 0.5070412037037036 0.033005208333333334 0.0328583333333333
4 0.21092447916666668 0.5129087962962964 0.013862500000000022 0.08214537037037031
4 0.2614221354166667 0.4518861111111111 0.010561979166666693 0.05867592592592593
4 0.2881559895833333 0.4489523148148148 0.020463020833333328 0.07627870370370368
4 0.3115895833333333 0.4565800925925926 0.014521874999999972 0.06806388888888891
4 0.35449609375 0.5134953703703703 0.010561979166666664 0.09270740740740738
4 0.32050104166666665 0.7129921296296297 0.037626041666666644 0.03403240740740741
0 0.3142302083333333 0.6631180555555556 0.09505416666666662 0.1713324074074074
4 0.2769346354166667 0.6754398148148149 0.0165026041666667 0.03168518518518521
4 0.7805911458333334 0.6906953703703704 0.02442187500000005 0.02933703703703701
4 0.8244869791666666 0.7616930555555557 0.019807291666666654 0.0328583333333333
4 0.8918177083333333 0.7605194444444444 0.018479166666666675 0.03051111111111111
