4 0.6323958333333333 0.2359601851851852 0.025083333333333374 0.018775925925925918
1 0.6320677083333333 0.24182777777777778 0.03234374999999995 0.0844925925925926
4 0.7852109375 0.17141712962962966 0.023098958333333287 0.014082407407407412
4 0.8073255208333333 0.20720925925925926 0.011880208333333305 0.06454259259259261
4 0.7845520833333333 0.20779583333333335 0.007260416666666695 0.056328703703703686
4 0.7617760416666667 0.2036888888888889 0.01584374999999992 0.0621962962962963
2 0.7819114583333333 0.22950555555555555 0.09307291666666657 0.14199444444444445
4 0.48849635416666665 0.4865046296296296 0.015842708333333337 0.01994999999999994
4 0.4482302083333334 0.47124907407407407 0.009241666666666681 0.02464444444444438
4 0.29904765624999996 0.4647949074074075 0.015842187500000014 0.0164287037037037
4 0.3082893229166667 0.48181064814814817 0.011881770833333328 0.022297222222222187
4 0.27990494791666665 0.4823976851851852 0.018482812499999984 0.021123148148148085
4 0.5086294270833334 0.6273259259259258 0.012542187500000008 0.029337037037037116
4 0.3442645833333334 0.8121537037037038 0.015182291666666655 0.028164814814814823
4 0.31720052083333333 0.795137962962963 0.024423958333333336 0.019950000000000048
4 0.30696901041666663 0.8197814814814816 0.01716302083333332 0.02699074074074072
4 0.45813177083333334 0.7229671296296296 0.014521874999999972 0.02816388888888892
4 0.4079643229166667 0.7311814814814814 0.015842187500000014 0.028164814814814823
0 0.47694453125 0.5974013888888889 0.08515260416666669 0.15725092592592596
0 0.47694453125 0.46186064814814815 0.09043385416666663 0.13730092592592597
0 0.28815625 0.46772824074074076 0.06534999999999999 0.09036018518518524
0 0.43370807291666663 0.7065379629629629 0.1122171875 0.1994962962962963
0 0.33007239583333337 0.7933777777777777 0.08053229166666664 0.1384740740740741
