4 0.04622953125 0.46362129629629634 0.025083645833333328 0.028164814814814768
1 0.05778143229166667 0.4530597222222222 0.05082776041666667 0.0868398148148148
4 0.807984375 0.7247273148148149 0.013197916666666623 0.029337962962962913
4 0.8185442708333334 0.7446768518518518 0.00792187500000002 0.02464444444444443
4 0.7898307291666666 0.7534782407407408 0.019140625 0.023469444444444428
4 0.7426328125 0.6672250000000001 0.013203124999999953 0.022296296296296335
4 0.7211822916666667 0.6918689814814815 0.016500000000000032 0.01525648148148146
4 0.33964401041666664 0.4301763888888889 0.013861979166666672 0.0176027777777778
4 0.3043283854166667 0.4202013888888889 0.011881770833333328 0.021123148148148137
4 0.4082942708333333 0.4964791666666667 0.024423958333333336 0.014082407407407464
4 0.4102747395833333 0.5158421296296297 0.0165026041666667 0.01760277777777775
4 0.38981145833333336 0.5041069444444445 0.008581249999999999 0.017602777777777853
4 0.10497864583333333 0.7388097222222222 0.017162499999999997 0.024643518518518526
4 0.12775182291666667 0.7611064814814815 0.02310364583333334 0.026990740740740825
4 0.6142447916666666 0.23948055555555559 0.01121874999999998 0.014081481481481481
4 0.6191953125 0.2506287037037037 0.00792187500000002 0.015255555555555555
4 0.5954322916666667 0.24945555555555554 0.018479166666666675 0.015255555555555555
0 -0.007568489583333334 0.49530601851851846 0.0640296875 0.13847500000000001
0 0.7904921874999999 0.7264875000000001 0.06667187499999999 0.1056157407407408
0 0.7277838541666666 0.6713324074074074 0.06667187499999999 0.09622777777777772
0 0.6013723958333334 0.22011759259259261 0.05808854166666677 0.08097222222222221
0 0.40565390625 0.49354583333333335 0.04686718749999995 0.08331944444444452
0 0.3284223958333333 0.4096398148148148 0.07591145833333333 0.12204444444444444
0 0.1244515625 0.7382226851851853 0.07195104166666666 0.1009212962962963
