4 0.628765625 0.2547361111111111 0.02310416666666673 0.016429629629629655
1 0.6238151041666666 0.2600166666666667 0.03828645833333333 0.08097222222222224
4 0.8423098958333334 0.18608564814814818 0.02376562499999994 0.017602777777777773
4 0.861453125 0.22481157407407407 0.01584375000000004 0.06454351851851849
4 0.8383489583333333 0.22363842592592592 0.009239583333333337 0.05515462962962961
4 0.8165651041666666 0.2201175925925926 0.01716145833333336 0.0621962962962963
2 0.8370286458333333 0.244175 0.09373437500000001 0.1431685185185185
4 0.6904869791666667 0.6977365740740742 0.02244270833333329 0.024643518518518526
4 0.6515416666666667 0.6730930555555555 0.010562499999999985 0.02933796296296302
4 0.45417135416666665 0.4665550925925926 0.019803124999999967 0.01994907407407409
4 0.5152299479166667 0.5052805555555555 0.017821354166666657 0.022296296296296335
4 0.4749643229166666 0.49061203703703704 0.011221354166666645 0.023470370370370332
4 0.5548359375 0.6742662037037037 0.020463541666666647 0.02229722222222224
4 0.5327239583333333 0.657837037037037 0.010562499999999985 0.02699074074074072
4 0.7066588541666666 0.4102263888888889 0.013859374999999948 0.022297222222222187
4 0.6967578125 0.42665555555555557 0.01122395833333331 0.019949999999999992
4 0.7261328125000001 0.43428333333333335 0.018484375000000004 0.018775925925925946
0 0.4521908854166667 0.45188611111111116 0.047527604166666626 0.07745185185185183
0 0.5069783854166666 0.48357083333333334 0.08449114583333331 0.1549027777777778
0 0.553515625 0.6466888888888889 0.05875000000000003 0.1009222222222222
0 0.6861953125 0.6678120370370372 0.08647395833333332 0.18541481481481475
0 0.7211796874999999 0.41198657407407413 0.06534895833333335 0.09388055555555558
