3 0.976640625 0.39731805555555555 0.013864583333333395 0.010562037037037073
4 0.9878619791666667 0.4184407407407408 0.007265625000000024 0.0340314814814815
4 0.974 0.4166810185185185 0.005937499999999929 0.028163888888888867
4 0.9614583333333333 0.41492083333333335 0.01121874999999998 0.03637870370370369
2 0.9703697916666667 0.4295893518518519 0.054124999999999916 0.07745092592592592
4 0.8964374999999999 0.4219615740740741 0.011885416666666633 0.010562037037037073
1 0.9023776041666667 0.4260689814814815 0.027723958333333344 0.04928796296296296
4 0.0138847265625 0.6689856481481482 0.023763567708333332 0.016428703703703647
1 0.019825643229166662 0.6595972222222223 0.038285796875 0.07041111111111109
4 0.9268020833333334 0.8778703703703704 0.013197916666666741 0.018775925925925946
0 0.9353828125 0.8637884259259259 0.05280729166666672 0.07979907407407406
4 0.15811666666666666 0.6496226851851852 0.015182291666666655 0.012908333333333362
4 0.16339713541666664 0.6619444444444446 0.009901562500000013 0.014081481481481454
4 0.14359427083333334 0.6613578703703703 0.011221874999999996 0.010562037037037073
4 0.09936744791666667 0.5739310185185186 0.013861979166666656 0.014082407407407464
4 0.10530859375 0.5833194444444445 0.011221354166666675 0.011735185185185166
4 0.08715598958333333 0.5839060185185185 0.011881770833333341 0.012908333333333362
4 0.28749609375 0.6208717592592593 0.009901562500000042 0.01642870370370375
4 0.26208229166666663 0.6249787037037038 0.010561458333333313 0.015255555555555555
4 0.6314088541666666 0.4442583333333333 0.01122395833333331 0.008214814814814828
4 0.6337187499999999 0.45481990740740746 0.009239583333333337 0.008213888888888923
4 0.6218359375 0.4524726851851852 0.006598958333333371 0.012908333333333362
4 0.7789401041666667 0.5369652777777778 0.009244791666666667 0.012908333333333362
4 0.7749791666666667 0.5445935185185186 0.0066041666666667 0.014081481481481454
4 0.7954427083333333 0.5492870370370371 0.01584375000000004 0.011735185185185166
4 0.6059947916666668 0.4964796296296296 0.009239583333333337 0.011735185185185166
4 0.5848723958333333 0.4953055555555556 0.00792187500000002 0.01173518518518527
0 0.7918125 0.5334453703703703 0.0442291666666667 0.06219629629629632
0 0.5980729166666667 0.48885138888888885 0.04753125 0.07158425925925929
0 0.6297578125 0.44660509259259257 0.02904687499999999 0.04107314814814813
0 0.2706635416666667 0.6103097222222222 0.059409374999999986 0.09857500000000001
0 0.15184557291666667 0.6525560185185186 0.04488697916666666 0.06336944444444441
0 0.093096875 0.5774513888888889 0.04092604166666667 0.06336944444444441
3 0.43271796874999996 0.18256574074074075 0.013861979166666672 0.026990740740740746
3 0.6033541666666666 0.13914537037037036 0.013197916666666623 0.01995000000000002
