3 0.5333828125 0.1303440277777778 0.08845312500000002 0.14786194444444445
3 0.5690286458333332 0.0622807962962963 0.07789062499999998 0.12908655555555557
4 0.8970963541666668 0.4219615740740741 0.01716145833333336 0.012908333333333362
1 0.8961067708333333 0.4254819444444444 0.0257447916666667 0.05515462962962959
1 0.06999317708333333 0.6901087962962963 0.04092614583333332 0.07275833333333329
4 0.7881796875 0.5299245370370371 0.013203124999999953 0.01525648148148146
4 0.8954479166666667 0.6801337962962963 0.012541666666666628 0.01760277777777775
4 0.8716822916666667 0.6707453703703704 0.01782291666666668 0.015255555555555555
4 0.8664010416666666 0.6848277777777778 0.017822916666666563 0.01994999999999994
4 0.6611119791666666 0.45188611111111116 0.008578125000000015 0.014081481481481507
4 0.6508802083333334 0.4430847222222222 0.011885416666666633 0.008213888888888871
4 0.6479114583333333 0.4530592592592593 0.01121874999999998 0.011735185185185218
4 0.3297424479166667 0.5768648148148149 0.007260937500000016 0.010561111111111065
4 0.32281145833333336 0.5897736111111112 0.010561458333333343 0.012908333333333362
4 0.16801796875000002 0.6437546296296297 0.009901562500000013 0.015255555555555555
4 0.1587765625 0.6613574074074074 0.013862499999999993 0.015255555555555555
0 0.15943671875 0.6484490740740741 0.04026614583333332 0.062196296296296215
0 0.7901614583333334 0.5187759259259259 0.046208333333333344 0.08449259259259255
0 0.8792760416666666 0.6654648148148148 0.06468750000000002 0.08449259259259255
0 0.6541822916666666 0.44601851851851854 0.03432291666666672 0.044592592592592566
0 0.32215130208333337 0.5797986111111111 0.035645312499999984 0.05867499999999992
0 0.0805546875 0.45599351851851855 0.0514875 0.08801296296296295
