4 0.2931067708333333 0.2664712962962963 0.03036458333333331 0.018775925925925946
4 0.84 0.2823138888888889 0.013864583333333276 0.019950000000000048
4 0.8868671875 0.28876805555555557 0.01650520833333336 0.021123148148148137
4 0.3587869791666667 0.3732611111111111 0.008581249999999999 0.0844925925925926
4 0.31687057291666665 0.3198662037037037 0.011881770833333328 0.062195370370370366
4 0.2944270833333333 0.3116513888888889 0.01848229166666666 0.07158425925925924
4 0.2700033854166667 0.3163453703703704 0.007921354166666639 0.05750185185185189
4 0.2927768229166666 0.3697402777777778 0.02706406250000004 0.021123148148148137
4 0.22511640624999998 0.37443472222222224 0.011881770833333328 0.07510462962962963
2 0.29013645833333335 0.34274953703703703 0.14720208333333332 0.20184351851851856
4 0.6102838541666666 0.3855828703703704 0.0257447916666667 0.024643518518518526
1 0.6188671874999999 0.3773680555555556 0.04950520833333331 0.11617685185185186
4 0.33304296875 0.5692370370370371 0.020463020833333328 0.023470370370370437
4 0.46143229166666666 0.3820625 0.007920833333333318 0.024643518518518526
4 0.4277671875 0.38088888888888894 0.03036458333333331 0.019949999999999992
4 0.42677708333333336 0.40377222222222225 0.03102499999999999 0.018775925925925946
4 0.5277729166666667 0.6414078703703704 0.015183333333333356 0.029337962962962913
4 0.5832213541666665 0.657250462962963 0.021786458333333415 0.025817592592592628
4 0.5284348958333334 0.745263425925926 0.015182291666666714 0.025817592592592628
4 0.34657499999999997 0.6296731481481482 0.019803124999999967 0.03168518518518521
4 0.4013630208333333 0.6513828703703705 0.023763541666666655 0.02816388888888892
0 0.8561718749999999 0.2694050925925926 0.10561458333333332 0.15607685185185186
0 0.5076393229166667 0.7147523148148148 0.08977343749999994 0.1337805555555555
0 0.3409643229166666 0.5381388888888889 0.07063072916666666 0.11148333333333327
4 0.5129200520833334 0.15498796296296297 0.010561979166666664 0.018775925925925946
0 0.4954273437499999 0.14149259259259261 0.05346822916666666 0.08566666666666667
0 0.4297473958333333 0.34157592592592595 0.07789166666666662 0.16663888888888892
0 0.5677072916666667 0.6220449074074075 0.12937708333333334 0.206537962962963
0 0.3782596354166667 0.6067893518518519 0.10957656249999997 0.15725092592592596
