1 0.8822473958333333 0.39321064814814816 0.0257447916666667 0.056328703703703686
4 0.885546875 0.3902768518518519 0.016499999999999914 0.015255555555555555
3 0.44228932291666667 0.033529583333333335 0.02112343750000001 0.03168472222222222
3 0.44360963541666665 0.06756138888888888 0.019802604166666644 0.03872592592592593
3 0.38585078125 0.030009074074074073 0.020463020833333328 0.03403185185185185
3 0.6198567708333333 0.029422314814814814 0.009244791666666667 0.02112314814814815
3 0.539984375 0.034116342592592594 0.010562499999999985 0.018776203703703705
3 0.6591328124999999 0.21483703703703705 0.008578125000000015 0.037551851851851836
3 0.5248010416666666 0.0646276388888889 0.01848124999999996 0.03520527777777778
0 0.9720208333333333 0.8942976851851853 0.06270833333333338 0.0985712962962963
0 0.3696783854166667 0.4096398148148148 0.03300468750000001 0.04928703703703705
0 0.42479661458333334 0.5117351851851852 0.05346822916666666 0.09622777777777772
0 0.23204765624999998 0.4031856481481482 0.04818697916666667 0.07158425925925924
0 0.6007135416666666 0.5 0.05281249999999993 0.08214629629629631
4 0.41654557291666666 0.5246435185185185 0.010561979166666664 0.01642962962962955
4 0.441959375 0.5222967592592593 0.011221875000000025 0.01877685185185185
4 0.24194921875 0.4172675925925926 0.012542187500000008 0.015255555555555555
4 0.24689973958333333 0.42782870370370374 0.011881770833333328 0.015255555555555555
4 0.227096875 0.4290027777777778 0.015842708333333337 0.015255555555555555
4 0.37858958333333337 0.41668055555555555 0.008581249999999999 0.016429629629629655
4 0.36769817708333336 0.4119870370370371 0.01320156249999999 0.011735185185185218
4 0.36571796875 0.4219615740740741 0.009241145833333301 0.010562037037037073
4 0.9961145833333332 0.9077949074074074 0.01584375000000004 0.029337962962962913
4 0.6489010416666666 0.4108134259259259 0.0066041666666667 0.014082407407407412
4 0.6535208333333333 0.4190277777777778 0.006604166666666581 0.016429629629629655
4 0.6396588541666667 0.4213745370370371 0.010557291666666658 0.014082407407407412
0 0.6439479166666667 0.410812962962963 0.032343750000000074 0.04694074074074077
