4 0.21521510416666667 0.26764490740740743 0.033005208333333334 0.018776851851851902
4 0.28551562500000005 0.37854166666666667 0.011221874999999966 0.08801296296296295
4 0.24260911458333334 0.3286671296296297 0.013861979166666672 0.06336944444444446
4 0.2204958333333333 0.3186925925925926 0.014521875000000002 0.07158333333333333
4 0.19409192708333334 0.32573379629629634 0.011881770833333328 0.059849074074074075
4 0.14722473958333335 0.3820625 0.014522395833333323 0.07862499999999997
2 0.21653515624999997 0.35155092592592596 0.15974427083333334 0.2077111111111111
1 0.48684609375 0.3380555555555556 0.04950781250000003 0.10561666666666665
4 0.569359375 0.5985750000000001 0.028385416666666666 0.023470370370370332
4 0.5990624999999999 0.6196981481481482 0.016500000000000032 0.023470370370370332
4 0.5611067708333333 0.6208717592592593 0.021119791666666644 0.025817592592592524
4 0.36010703125000004 0.29052824074074074 0.019143229166666664 0.022297222222222187
4 0.32710208333333335 0.28231342592592595 0.024423958333333277 0.0176027777777778
4 0.32083098958333334 0.30343703703703706 0.025083854166666697 0.022296296296296283
4 0.7026979166666666 0.6167638888888889 0.013864583333333395 0.02699074074074072
4 0.6522005208333332 0.6132435185185185 0.021119791666666644 0.026990740740740825
4 0.44790026041666664 0.6648782407407408 0.012542187500000008 0.03637870370370369
4 0.37627942708333334 0.6179375 0.01716302083333332 0.02933796296296302
4 0.39542239583333333 0.6672250000000001 0.03696562499999997 0.0340314814814815
0 0.40532369791666667 0.6314333333333333 0.11353697916666666 0.16663888888888892
0 0.33799375000000004 0.25180277777777776 0.08845312500000002 0.15842407407407408
0 0.5782708333333333 0.5950541666666667 0.07657291666666666 0.12908611111111112
0 0.6729921875 0.5974013888888889 0.11683854166666663 0.19245648148148145
4 0.21983567708333332 0.37736851851851855 0.029044270833333326 0.02699074074074072
