3 0.5122611979166667 0.12036925925925926 0.07261302083333335 0.10678925925925925
3 0.4977390625 0.1937138888888889 0.04620937499999999 0.10326851851851852
3 0.4122546875 0.14794722222222223 0.03894583333333337 0.07745185185185186
3 0.44625 0.18667268518518518 0.05940937499999996 0.11969722222222222
4 0.9914921875 0.42665555555555557 0.011880208333333305 0.0340314814814815
2 1.0020520833333333 0.4442583333333333 0.06072916666666662 0.07862592592592588
4 0.9353854166666666 0.4436717592592592 0.01452083333333339 0.014082407407407412
1 0.9423151041666666 0.4489523148148148 0.029703124999999986 0.05280833333333335
4 0.13501302083333333 0.6860013888888888 0.015182291666666669 0.01760277777777775
4 0.10134791666666668 0.6994967592592592 0.017822916666666667 0.01877685185185185
4 0.2577916666666667 0.6531430555555556 0.012541666666666658 0.012908333333333362
4 0.2310575520833333 0.6502092592592593 0.00924114583333333 0.01642962962962955
4 0.2033333333333333 0.6108967592592593 0.009241666666666652 0.012908333333333362
4 0.19640234374999999 0.6267393518518519 0.011221354166666675 0.014082407407407358
4 0.17989973958333336 0.6249787037037038 0.005941145833333324 0.015255555555555555
4 0.9452864583333332 0.6725060185185184 0.009239583333333337 0.021123148148148137
4 0.9106302083333332 0.6554902777777778 0.012541666666666748 0.01760277777777775
4 0.6333880208333333 0.4642078703703704 0.005942708333333257 0.01056203703703702
4 0.6238151041666666 0.4577537037037037 0.011880208333333423 0.007040740740740727
4 0.6211770833333332 0.4665550925925926 0.010562499999999985 0.010562037037037073
4 0.9601380208333334 0.9430000000000001 0.013859374999999948 0.022296296296296335
4 0.9439635416666666 0.963537037037037 0.01584374999999992 0.02112962962962957
0 0.9614583333333333 0.6566638888888889 0.0442291666666667 0.08097222222222226
0 0.9439661458333333 0.943001388888889 0.0594114583333333 0.08801574074074076
0 0.9102994791666666 0.6390611111111111 0.05148437500000007 0.10678888888888889
0 0.6244791666666667 0.45834027777777775 0.030364583333333427 0.04341944444444442
0 0.24755989583333332 0.6396476851851852 0.056768749999999986 0.11265648148148147
0 0.19574218750000003 0.6161777777777778 0.03894583333333334 0.05867592592592593
0 0.11851041666666666 0.6678120370370372 0.06931041666666665 0.1009222222222222
