3 0.49674661458333336 0.17200370370370371 0.06402760416666667 0.11852407407407407
4 0.872015625 0.45481990740740746 0.01452083333333339 0.01290833333333331
1 0.8680520833333333 0.4542328703703704 0.025083333333333374 0.044593518518518574
4 0.9746588541666666 0.43193611111111113 0.01650520833333336 0.011735185185185166
4 0.9594765625 0.4489523148148148 0.013859374999999948 0.03403240740740741
4 0.9723515625 0.4518861111111111 0.00792187500000002 0.03051111111111111
4 0.9848932291666666 0.45305972222222224 0.007921874999999901 0.03989907407407408
2 0.9697083333333333 0.46303472222222225 0.05544791666666669 0.08331944444444452
4 0.2927768229166666 0.4777032407407407 0.012542187500000008 0.014082407407407412
4 0.2891463541666667 0.46948842592592593 0.010561458333333284 0.00938796296296292
4 0.27495416666666667 0.4765296296296297 0.013862499999999993 0.011735185185185218
4 0.309609375 0.5545685185185185 0.007920833333333318 0.015255555555555555
4 0.2891463541666667 0.5627828703703703 0.010561458333333284 0.012908333333333258
4 0.04292911458333334 0.5393125 0.015842395833333335 0.01760277777777775
4 0.024776380208333334 0.5428328703703704 0.008581302083333334 0.01760277777777775
4 0.1650473958333333 0.6889351851851852 0.01320208333333334 0.016429629629629655
4 0.7634270833333333 0.5557416666666667 0.008583333333333342 0.015255555555555555
4 0.7855390625 0.5592625 0.007921874999999901 0.012908333333333362
4 0.9957838541666667 0.7634532407407407 0.01122395833333331 0.01760277777777775
4 0.9815911458333333 0.7411564814814816 0.009244791666666667 0.01994999999999994
0 0.7766276041666667 0.548700462962963 0.05082812500000008 0.08331944444444446
0 0.28320546875 0.4583402777777778 0.04488697916666666 0.06219537037037031
0 0.039958776041666665 0.5352050925925926 0.04554703125 0.05632870370370363
0 0.29607734374999994 0.5504611111111112 0.04818697916666667 0.08449259259259266
0 0.1630674479166667 0.6695722222222221 0.031684895833333324 0.06454259259259261
0 0.9961145833333332 0.7417435185185186 0.0448854166666667 0.07745185185185188
