4 0.6201875 0.6695722222222222 0.021781250000000085 0.02933703703703701
4 0.5680390625 0.6554902777777778 0.021786458333333297 0.02933796296296302
4 0.20795390625 0.5187763888888889 0.03168489583333335 0.025817592592592628
4 0.3561463541666666 0.5117347222222224 0.01914270833333334 0.021123148148148137
4 0.14557473958333333 0.6871749999999999 0.03366510416666667 0.015255555555555555
4 0.14062395833333333 0.7129925925925925 0.026404166666666666 0.02699074074074072
4 0.8310885416666667 0.7311814814814814 0.025083333333333374 0.028164814814814823
4 0.7928020833333332 0.7241402777777778 0.02904166666666666 0.02816388888888881
4 0.4323880208333333 0.528750925925926 0.01320208333333337 0.02464444444444443
4 0.3898114583333333 0.5428333333333334 0.01782291666666668 0.02229629629629623
0 0.80534375 0.7112319444444445 0.08053124999999994 0.12204537037037035
0 0.5960911458333332 0.6331935185185186 0.10825520833333341 0.18424074074074076
0 0.39938307291666664 0.5187759259259259 0.09241406250000003 0.16898518518518515
0 0.21059453125 0.47711666666666663 0.08845364583333334 0.14199444444444442
0 0.14359427083333334 0.6906953703703704 0.06799062499999999 0.11148333333333338
0 0.36010703125000004 0.49589259259259255 0.04950781249999997 0.08566666666666665
