4 0.8614531249999998 0.14501342592592595 0.02904166666666666 0.017602777777777773
1 0.8588125 0.1485337962962963 0.040927083333333295 0.08331944444444443
4 0.2937671875 0.7728412037037037 0.017162499999999997 0.029337962962962913
4 0.3139 0.8021787037037038 0.024423958333333336 0.03168518518518511
4 0.9914921875 0.4765296296296297 0.018484375000000004 0.02581666666666662
4 0.92878125 0.5082143518518518 0.019802083333333324 0.021123148148148137
4 0.9221796875 0.5375523148148148 0.027723958333333344 0.021123148148148137
4 0.8895078125 0.5264041666666667 0.01650520833333336 0.02933796296296302
0 0.9122786458333332 0.5176027777777777 0.07260937500000005 0.09622777777777783
0 0.31456015625 0.775774537037037 0.07327135416666669 0.12908611111111112
0 0.9911614583333334 0.4542333333333334 0.08515625 0.15490370370370377
