4 0.5036786458333333 0.35976527777777784 0.023763541666666655 0.0176027777777778
4 0.5013682291666667 0.43839074074074075 0.02178333333333331 0.017601851851851844
4 0.4851958333333333 0.40435925925925925 0.009241666666666681 0.0504611111111111
4 0.5030184895833333 0.40670601851851856 0.011881770833333328 0.04576759259259257
4 0.5215020833333334 0.4061189814814815 0.007922916666666661 0.04928796296296296
4 0.45087083333333333 0.4401513888888889 0.006601041666666655 0.021123148148148137
2 0.50334765625 0.420787962962963 0.11683593749999996 0.15372962962962966
4 0.49443723958333335 0.5451800925925926 0.029044270833333326 0.02229722222222224
4 0.5865208333333333 0.4219615740740741 0.012541666666666748 0.019949074074074036
4 0.34294427083333334 0.43487037037037035 0.02574375 0.022296296296296283
1 0.34624479166666666 0.44249768518518523 0.03894583333333331 0.09857500000000007
4 0.5442734375 0.4982398148148148 0.015182291666666596 0.01994999999999994
4 0.05514088541666667 0.9623657407407408 0.03762552083333334 0.023472222222222137
4 0.055801119791666666 0.9905277777777778 0.024423802083333338 0.021129629629629783
4 0.6439479166666667 0.4706620370370371 0.01782291666666668 0.016429629629629655
4 0.6621041666666667 0.48357083333333334 0.01452083333333339 0.021123148148148137
4 0.6363567708333333 0.48591759259259254 0.013203124999999953 0.01877592592592584
4 0.08121484375 0.97175 0.010561979166666664 0.025814814814814915
0 0.055800989583333335 0.9541472222222223 0.06666989583333333 0.10561296296296298
0 0.6515390624999999 0.4683152777777778 0.05280729166666672 0.07745092592592598
0 0.5475744791666666 0.4829842592592593 0.06402812499999998 0.1419944444444444
0 0.49476614583333334 0.5035203703703705 0.06270729166666668 0.12673888888888887
0 0.5802499999999999 0.4090532407407408 0.07392708333333337 0.12556574074074078
