4 0.9921536458333333 0.39262407407407407 0.011880208333333305 0.0340314814814815
2 1.0050260416666668 0.40846620370370373 0.058749999999999976 0.08214537037037035
4 0.9264713541666667 0.4008384259259259 0.013859375000000066 0.01056203703703702
1 0.9334036458333334 0.4055324074074074 0.026401041666666694 0.04811481481481482
4 0.8086432291666666 0.5046944444444444 0.00792187500000002 0.01173518518518527
4 0.8314192708333332 0.5099745370370371 0.009901041666666662 0.012908333333333362
4 0.6842161458333335 0.4143333333333334 0.009901041666666662 0.011735185185185218
4 0.6918072916666667 0.4237217592592593 0.009239583333333337 0.009387962962962973
4 0.67959375 0.4219615740740741 0.007260416666666695 0.010562037037037073
4 0.18716093749999999 0.6073759259259258 0.007261458333333337 0.015255555555555555
4 0.17791953125 0.6220449074074074 0.013861979166666672 0.014082407407407464
0 0.07230364583333333 0.43721712962962966 0.048187499999999994 0.07627870370370368
0 0.1799 0.6108967592592593 0.03894583333333334 0.05750277777777784
0 0.6891666666666666 0.41609398148148147 0.03036458333333331 0.045767592592592624
0 0.8218463541666667 0.5 0.05280729166666672 0.08214629629629631
