3 0.6254661458333333 0.1620287037037037 0.013859375000000066 0.023470370370370357
3 0.572328125 0.18256527777777778 0.01584374999999992 0.02229722222222224
3 0.4152255208333333 0.21131666666666665 0.01320208333333337 0.018775925925925918
4 0.7871927083333332 0.4466055555555556 0.013864583333333395 0.015255555555555555
1 0.7908229166666667 0.4471921296296296 0.026406250000000023 0.04459351851851852
4 0.9819192708333332 0.4295893518518519 0.015182291666666596 0.011734259259259262
4 0.9799427083333333 0.44953888888888893 0.007260416666666695 0.03051111111111111
4 0.9667395833333332 0.4477787037037037 0.0112187500000001 0.038725925925925886
4 0.992484375 0.45188611111111116 0.007260416666666695 0.03990000000000004
2 0.9746614583333333 0.4630342592592593 0.053468750000000044 0.08566666666666665
4 0.0917765625 0.5839060185185185 0.013202083333333324 0.01525648148148146
4 0.12511145833333334 0.5299245370370371 0.011221874999999996 0.01525648148148146
4 0.13006223958333335 0.538725925925926 0.00924114583333333 0.014081481481481454
4 0.11355989583333333 0.5440064814814816 0.01320208333333334 0.015255555555555555
4 0.17791953125 0.6807208333333333 0.011221354166666645 0.014082407407407464
4 0.15976692708333334 0.6813074074074075 0.011881770833333328 0.012909259259259266
4 0.15910651041666668 0.6648782407407408 0.011881770833333357 0.012908333333333362
4 0.7888411458333333 0.5616092592592593 0.011880208333333305 0.015255555555555555
4 0.9584869791666667 0.9136625 0.01320312500000007 0.02229722222222224
0 0.09012604166666667 0.5827324074074074 0.045546874999999994 0.06689074074074071
0 0.1201609375 0.5299245370370371 0.03696562500000001 0.05046018518518515
0 0.16933828125 0.6707458333333334 0.042906770833333316 0.06454351851851851
0 0.7885130208333334 0.548114351851852 0.04554687500000002 0.07510462962962958
0 0.9627786458333333 0.8978180555555556 0.04950520833333331 0.08214166666666664
