4 0.6323984374999999 0.26881805555555555 0.026401041666666694 0.02112314814814819
1 0.6261276041666667 0.27468611111111113 0.04158854166666662 0.09388148148148151
4 0.9548567708333332 0.1849125 0.027067708333333346 0.0176027777777778
4 0.9786197916666667 0.22657175925925926 0.013864583333333276 0.07510462962962966
4 0.9522161458333334 0.22598564814814817 0.009901041666666662 0.05984907407407405
4 0.9264739583333332 0.22246481481481484 0.021781249999999967 0.07158333333333332
2 0.947265625 0.2512157407407407 0.10429166666666655 0.15725000000000003
4 0.6300885416666666 0.5070407407407408 0.008583333333333342 0.023470370370370437
4 0.5871822916666666 0.5228837962962963 0.019145833333333327 0.024643518518518526
4 0.5201799479166667 0.6425814814814815 0.011879687499999984 0.0340314814814815
4 0.476284375 0.6689856481481482 0.03234479166666671 0.025817592592592628
4 0.46110234375 0.8702425925925927 0.01650260416666664 0.02699074074074072
4 0.4323880208333333 0.8485328703703705 0.023763541666666714 0.021123148148148137
4 0.42083619791666665 0.8772837962962964 0.01650260416666664 0.03168425925925931
4 0.34195416666666667 0.5610226851851852 0.01320208333333331 0.025817592592592628
4 0.29640729166666663 0.5674768518518519 0.017162499999999997 0.02464444444444443
0 0.3082893229166667 0.5475273148148149 0.09901510416666669 0.1795472222222222
0 0.44558984375 0.8502930555555555 0.08713281249999998 0.14434166666666667
0 0.48618645833333335 0.6138305555555555 0.08779374999999998 0.16663888888888892
0 0.5941119791666667 0.5023472222222222 0.08977604166666672 0.16194444444444447
