1 0.16471744791666665 0.440150925925926 0.046867187500000004 0.0844925925925926
4 0.727453125 0.5932939814814816 0.011885416666666633 0.024643518518518526
4 0.7155703125 0.6232185185185186 0.017161458333333237 0.023470370370370332
4 0.6885078124999999 0.6091361111111111 0.00792187500000002 0.023470370370370437
4 0.5300833333333334 0.44836574074074076 0.010562500000000044 0.018775925925925946
4 0.4904765625 0.45012592592592593 0.01320208333333331 0.019949999999999992
4 0.548234375 0.5974013888888889 0.0112187500000001 0.025817592592592628
4 0.4931171875 0.5721708333333334 0.01320208333333331 0.02229722222222224
4 0.5082986979166666 0.5979884259259259 0.02640260416666666 0.024643518518518526
0 0.7132604166666667 0.6003351851851852 0.061385416666666734 0.09505370370370372
0 0.5066502604166666 0.4336967592592593 0.08911614583333331 0.14199537037037044
0 0.51457109375 0.5692370370370371 0.0877953125 0.11265740740740737
