1 0.08286510416666666 0.6912819444444445 0.03630520833333333 0.06806388888888891
1 0.8271276041666666 0.45775324074074075 0.021119791666666644 0.04459351851851847
4 0.070653125 0.6977365740740741 0.010561458333333336 0.02229722222222224
4 0.8274557291666668 0.4530597222222222 0.015182291666666596 0.014082407407407412
3 0.392121875 0.22129120370370373 0.01320208333333331 0.02229722222222221
3 0.43139791666666666 0.22070416666666667 0.015182291666666714 0.021123148148148137
3 0.40862421875 0.2083824074074074 0.009241145833333301 0.015255555555555555
3 0.5957630208333333 0.17317731481481483 0.013859375000000066 0.02229722222222221
3 0.5462552083333333 0.1960611111111111 0.013864583333333276 0.023470370370370357
0 0.1630671875 0.6537296296296297 0.05808854166666665 0.08449259259259255
0 0.22181614583333334 0.619111574074074 0.03168437499999997 0.05280833333333335
0 0.2927768229166666 0.6314333333333334 0.05478802083333329 0.1009222222222222
0 0.3485552083333333 0.913076388888889 0.05280833333333336 0.0751064814814815
0 0.7574869791666666 0.5487004629629629 0.0455468749999999 0.07862499999999997
0 0.6624322916666666 0.9048597222222223 0.07194791666666672 0.096225
0 0.9327447916666666 0.5715837962962964 0.03432291666666659 0.05632870370370363
0 0.9558463541666666 0.5616092592592593 0.03432812500000004 0.05280740740740734
4 0.2841955729166667 0.6437550925925926 0.012542187500000008 0.01760277777777775
4 0.3076291666666667 0.6419949074074074 0.01320208333333331 0.01642870370370375
4 0.177259375 0.6584236111111113 0.009901041666666662 0.021123148148148137
4 0.17032838541666664 0.676026851851852 0.01848281250000001 0.018775925925925946
4 0.14524453125 0.6789601851851853 0.011881770833333328 0.01994999999999994
4 0.3568065104166667 0.9089685185185185 0.012542187500000008 0.01994999999999994
4 0.36835833333333334 0.9201166666666667 0.010561458333333284 0.023470370370370332
4 0.34393463541666663 0.9341981481481482 0.015842187500000014 0.021122222222222233
4 0.21191458333333332 0.6273259259259258 0.009241666666666652 0.015255555555555555
4 0.22280625 0.6208717592592593 0.013862499999999993 0.014082407407407358
4 0.22676692708333335 0.6343666666666666 0.011221354166666675 0.015255555555555555
4 0.947265625 0.5533949074074075 0.007916666666666572 0.012908333333333258
4 0.9551875 0.5709972222222222 0.011885416666666633 0.015255555555555555
4 0.7508854166666666 0.558088888888889 0.01121874999999998 0.015255555555555555
4 0.7713489583333333 0.5569152777777777 0.008583333333333342 0.01525648148148146
4 0.9274635416666667 0.5668902777777779 0.009239583333333337 0.01642870370370375
4 0.9357135416666666 0.5839060185185185 0.012541666666666628 0.01525648148148146
2 0.92878125 0.460100462962963 0.05016666666666675 0.07510462962962969
3 0.9334036458333334 0.42841574074074074 0.0145260416666666 0.014081481481481507
4 0.9198723958333335 0.4454319444444445 0.009901041666666662 0.03168425925925925
4 0.9429739583333333 0.4512990740740741 0.007260416666666695 0.03168518518518516
