3 0.6185364583333334 0.1808050925925926 0.014520833333333271 0.025817592592592604
3 0.5980729166666667 0.20486250000000003 0.010562499999999985 0.017602777777777773
3 0.5634166666666667 0.2066222222222222 0.012541666666666628 0.023470370370370357
3 0.5644088541666666 0.24124074074074073 0.013203124999999953 0.022296296296296283
3 0.44559010416666667 0.24006759259259264 0.017162499999999997 0.026990740740740746
3 0.400703125 0.2289189814814815 0.014521875000000031 0.025817592592592576
4 0.8083151041666667 0.4577537037037037 0.013859374999999948 0.014081481481481507
1 0.8056744791666667 0.4624476851851852 0.021786458333333297 0.04928796296296296
4 0.9446249999999999 0.43721712962962966 0.013197916666666623 0.012908333333333362
4 0.9320833333333333 0.4507125 0.011885416666666633 0.0328583333333333
4 0.9436354166666666 0.4542328703703704 0.008583333333333342 0.03285833333333336
4 0.9551875 0.45716666666666667 0.009239583333333337 0.03403148148148145
2 0.9409947916666667 0.46596851851851856 0.05214583333333327 0.07745185185185188
4 0.19541223958333334 0.6607708333333333 0.00924114583333333 0.01642870370370375
4 0.20135286458333332 0.6695722222222222 0.007921354166666669 0.017601851851851844
4 0.18088984375 0.6766129629629629 0.01848281250000001 0.015255555555555555
4 0.36868828124999997 0.6818944444444445 0.009901562499999983 0.018775925925925946
4 0.34591484375000003 0.6901087962962963 0.011881770833333328 0.021123148148148245
4 0.40565390625 0.4759430555555556 0.01254218749999995 0.01056203703703702
4 0.4069739583333334 0.4859180555555556 0.008581249999999999 0.014082407407407358
4 0.39707265625 0.4818101851851852 0.005941145833333295 0.015255555555555555
4 0.7789401041666667 0.5850796296296297 0.010557291666666658 0.012909259259259266
4 0.7845520833333333 0.6830675925925925 0.01121874999999998 0.016429629629629655
4 0.7980833333333334 0.6795472222222223 0.0066041666666667 0.016429629629629655
4 0.8904973958333334 0.5651296296296295 0.010557291666666776 0.015255555555555555
4 0.8799348958333333 0.5528078703703704 0.009244791666666667 0.01642870370370375
4 0.8746536458333334 0.559849074074074 0.00792187500000002 0.016429629629629655
0 0.4033434895833333 0.48063703703703703 0.027724479166666663 0.045766666666666664
0 0.35119557291666664 0.6748532407407407 0.05544843749999995 0.09857500000000001
0 0.18155000000000002 0.6519694444444444 0.05280833333333333 0.08566666666666665
0 0.7749791666666667 0.5727578703703705 0.04224999999999994 0.07510462962962958
0 0.8858776041666666 0.5557416666666667 0.036963541666666565 0.05046111111111116
0 0.7875208333333333 0.6719194444444445 0.03564583333333336 0.057501851851851936
