4 0.20927421875000002 0.47653009259259255 0.029044270833333354 0.021123148148148137
1 0.2171953125 0.46010092592592594 0.0514875 0.09622777777777772
4 0.31059947916666664 0.5727574074074074 0.012541666666666628 0.023470370370370332
4 0.3667080729166667 0.5498740740740741 0.012542187500000008 0.015255555555555555
4 0.35449609375 0.5774518518518519 0.027724479166666663 0.023470370370370332
4 0.6373489583333334 0.5774513888888889 0.01782291666666668 0.021123148148148137
4 0.5931223958333334 0.5404861111111111 0.013859374999999948 0.02933703703703701
4 0.5069791666666668 0.44836574074074076 0.011882291666666649 0.018775925925925946
4 0.48651614583333336 0.43839074074074075 0.02244374999999999 0.015255555555555555
4 0.4815653645833333 0.4589273148148148 0.01782239583333336 0.0164287037037037
4 0.6224947916666667 0.410812962962963 0.010562499999999985 0.018775925925925946
4 0.5871822916666666 0.4260689814814815 0.01782291666666668 0.021123148148148137
4 0.6498906249999999 0.6748527777777779 0.028385416666666666 0.023470370370370332
4 0.6254661458333333 0.6443416666666667 0.013859375000000066 0.023470370370370332
4 0.6135833333333333 0.6537296296296297 0.007260416666666695 0.018775925925925946
4 0.5538463541666666 0.5416597222222223 0.010557291666666658 0.019949074074074036
4 0.54790625 0.4900250000000001 0.01452083333333339 0.022296296296296335
0 0.5637473958333333 0.4718356481481482 0.0633697916666667 0.08918611111111113
0 0.5931223958333334 0.39731805555555555 0.07591145833333333 0.12556574074074073
0 0.6508802083333334 0.6414078703703704 0.08977083333333329 0.13730092592592602
0 0.5719999999999998 0.529337962962963 0.05742708333333333 0.08918703703703704
0 0.34195442708333335 0.5322717592592592 0.0897734375 0.16077129629629627
0 0.6248072916666667 0.5281643518518518 0.10891666666666673 0.18306759259259262
0 0.4934479166666667 0.43311018518518524 0.05875000000000003 0.0844925925925926
