4 0.8779557291666668 0.4735958333333334 0.02244270833333329 0.024643518518518582
4 0.5703489583333333 0.2717523148148148 0.01584375000000004 0.01760277777777775
4 0.8159062499999999 0.8056995370370371 0.01584375000000004 0.02229722222222224
4 0.7759713541666666 0.7998319444444445 0.020463541666666647 0.024643518518518526
4 0.7723385416666667 0.7652134259259259 0.018479166666666675 0.021123148148148137
4 0.6921354166666667 0.4002513888888889 0.012541666666666748 0.021123148148148137
4 0.6515416666666667 0.4043587962962963 0.011885416666666633 0.01994907407407409
4 0.4406393229166667 0.6437546296296297 0.009901562499999983 0.026990740740740825
4 0.39575234374999996 0.6443416666666667 0.02574427083333332 0.025816666666666724
4 0.3818901041666667 0.6144171296296297 0.015182291666666655 0.024643518518518526
0 0.5680390625 0.2606037037037037 0.04422395833333326 0.07275740740740738
0 0.8842265625000001 0.4536462962962963 0.10099479166666671 0.16311851851851858
0 0.6693645833333333 0.3885166666666667 0.08977083333333329 0.1384740740740741
0 0.789171875 0.7869231481481481 0.08911458333333329 0.12321851851851844
0 0.40730416666666663 0.6167643518518519 0.09373437500000001 0.13026018518518523
0 0.3584567708333333 0.2523893518518519 0.044886458333333344 0.08214537037037038
