3 0.6406484375 0.10276657407407408 0.013859374999999948 0.022296481481481487
3 0.5878437499999999 0.12506342592592593 0.012541666666666748 0.019949074074074077
3 0.4363486979166667 0.15264074074074072 0.011881770833333328 0.01642962962962963
3 0.40466380208333336 0.15498796296296297 0.011881770833333328 0.01642962962962963
4 0.9489166666666667 0.4155069444444444 0.016500000000000032 0.014082407407407412
1 0.9545260416666667 0.4202013888888889 0.03564583333333336 0.04928796296296296
4 0.05811138020833333 0.657250462962963 0.02112307291666667 0.01642870370370375
1 0.06570252604166667 0.646102314814815 0.04290640625 0.07158425925925929
4 0.8152473958333334 0.5240569444444445 0.011880208333333423 0.01525648148148146
4 0.17791927083333334 0.6343666666666666 0.008581249999999999 0.015255555555555555
4 0.16735807291666666 0.6490356481481482 0.013861979166666672 0.01642870370370375
0 0.16768776041666666 0.6361273148148148 0.042246354166666666 0.06336944444444441
0 0.8175572916666667 0.5134953703703704 0.04818749999999999 0.08801296296296295
