4 0.5799192708333333 0.3673935185185185 0.020463541666666647 0.016429629629629603
1 0.5855312500000001 0.37326064814814813 0.03564583333333336 0.07510462962962963
4 0.7050104166666666 0.3093046296296296 0.021125000000000088 0.015255555555555555
4 0.7241536458333333 0.34157592592592595 0.011880208333333305 0.05867592592592593
4 0.7046796875000001 0.3433365740740741 0.005942708333333376 0.048113888888888914
4 0.6838854166666666 0.3392291666666667 0.013197916666666623 0.05632870370370374
2 0.7023671875 0.3615259259259259 0.08449479166666668 0.1243925925925926
4 0.5627578124999999 0.6220449074074075 0.016505208333333243 0.021123148148148137
4 0.28650598958333334 0.6683990740740742 0.022443229166666613 0.015255555555555555
4 0.2927768229166666 0.6871745370370371 0.0165026041666667 0.01760277777777775
4 0.26538255208333333 0.6813074074074075 0.014522395833333323 0.019950000000000048
4 0.41423515625 0.707124537037037 0.01254218749999995 0.024643518518518526
4 0.3739690104166667 0.7223800925925926 0.023103645833333353 0.019949074074074036
0 0.5779401041666666 0.6044425925925926 0.0838281249999999 0.14551481481481476
0 0.38684114583333334 0.676613425925926 0.0805322916666667 0.1419953703703703
0 0.2799046875 0.6701592592592592 0.06072916666666665 0.08918703703703704
