3 0.6191953125 0.1978212962962963 0.013203124999999953 0.022296296296296307
3 0.63371875 0.2559097222222223 0.010562500000000105 0.0164287037037037
3 0.598734375 0.21953101851851853 0.010562499999999985 0.014082407407407412
3 0.5875130208333333 0.22305185185185186 0.011880208333333423 0.018775925925925918
3 0.4584619791666667 0.224225 0.011221874999999966 0.023470370370370357
3 0.3709986979166667 0.21483703703703705 0.010561979166666664 0.018775925925925946
3 0.41324505208333334 0.2500425925925926 0.010561979166666664 0.018775925925925946
4 0.874984375 0.47653009259259255 0.013864583333333276 0.014082407407407358
1 0.8723463541666666 0.4777032407407407 0.020463541666666647 0.04459351851851852
1 0.08385520833333333 0.7212064814814815 0.039606249999999996 0.0692370370370371
4 0.070653125 0.7282476851851851 0.010561458333333336 0.02229722222222224
4 0.9881927083333333 0.4542333333333334 0.014520833333333271 0.011735185185185166
4 0.9984244791666667 0.4753564814814815 0.005942708333333376 0.037551851851851836
4 0.9858802083333332 0.47476944444444447 0.0072604166666665765 0.02933703703703701
4 0.9720208333333333 0.470075462962963 0.012541666666666628 0.036378703703703746
2 0.9809322916666666 0.4847444444444445 0.05148958333333328 0.07745185185185183
4 0.3495455729166667 0.5862532407407408 0.009901562500000042 0.012908333333333362
4 0.32776223958333334 0.5909467592592592 0.009901562499999983 0.012908333333333362
4 0.1614171875 0.7165129629629631 0.008581249999999999 0.015255555555555555
4 0.14194427083333333 0.7217935185185186 0.01320208333333334 0.016429629629629655
4 0.8904973958333334 0.6032685185185185 0.010557291666666776 0.011735185185185166
4 0.8951171875 0.6155907407407407 0.01583854166666659 0.012909259259259266
4 0.8739947916666667 0.6015083333333333 0.011885416666666633 0.015255555555555555
4 0.9063385416666667 0.5657162037037038 0.010562499999999985 0.009387962962962973
4 0.9178932291666667 0.578625 0.009901041666666662 0.011735185185185166
4 0.9003984374999999 0.5739310185185186 0.006598958333333253 0.014082407407407464
0 0.14788515625 0.7065375 0.04224635416666665 0.05632870370370363
0 0.3353533854166667 0.5809722222222223 0.051488020833333314 0.08214629629629626
0 0.9132708333333334 0.5686500000000001 0.03498958333333325 0.050461111111111054
0 0.8822447916666666 0.5968148148148148 0.04290624999999994 0.06454259259259261
