4 0.7366953125 0.2564962962962963 0.027723958333333344 0.019949999999999992
4 0.9198723958333335 0.18784629629629632 0.029703124999999986 0.01642962962962963
4 0.9439661458333333 0.2300925925925926 0.01716145833333336 0.07275740740740738
4 0.9165703125 0.2300925925925926 0.013859374999999948 0.05867592592592593
4 0.8928072916666667 0.22598518518518518 0.02442708333333338 0.06923703703703706
2 0.9136015624999999 0.2506291666666666 0.11353645833333334 0.16077129629629627
1 0.7347135416666667 0.26705833333333334 0.04356250000000005 0.09974814814814813
4 0.30663880208333333 0.6238055555555556 0.029704687500000007 0.02699074074074072
4 0.25548125 0.6284995370370371 0.023763541666666655 0.029337962962962913
4 0.5832213541666667 0.5134953703703704 0.020463541666666647 0.015255555555555555
4 0.582890625 0.5369652777777778 0.01584374999999992 0.01760277777777775
4 0.5644088541666666 0.6038555555555556 0.018484375000000004 0.02229629629629623
4 0.517209375 0.5797986111111111 0.012539583333333345 0.02816388888888881
0 0.28650598958333334 0.5839060185185185 0.10957656249999997 0.1725064814814815
0 0.5515359375000001 0.5663032407407408 0.09835520833333326 0.18658796296296296
0 0.5762916666666666 0.5105615740740741 0.05544791666666669 0.09622870370370373
0 0.054810947916666665 0.5164291666666667 0.10429581249999999 0.1666379629629629
