3 0.6109453125 0.015926949074074073 0.028380208333333337 0.03403184259259259
4 0.24855026041666667 0.5187759259259259 0.009901562499999983 0.023470370370370332
4 0.21488515625 0.5346185185185185 0.019143229166666664 0.01994999999999994
4 0.724484375 0.7564120370370371 0.017822916666666563 0.022296296296296335
4 0.6934583333333334 0.7440898148148148 0.012541666666666628 0.023470370370370437
4 0.7498958333333334 0.7071245370370371 0.013197916666666623 0.017602777777777853
4 0.7947838541666667 0.7235537037037038 0.018484375000000004 0.02229629629629623
4 0.9086510416666668 0.9201157407407408 0.01782291666666668 0.030509259259259302
4 0.8951197916666667 0.9594305555555556 0.025083333333333374 0.0246388888888889
4 0.8545234374999999 0.9324370370370371 0.015182291666666714 0.031681481481481595
4 0.9677291666666666 0.4172675925925926 0.017166666666666684 0.015255555555555555
4 0.9383541666666666 0.40787962962962965 0.020458333333333318 0.015255555555555555
4 0.9317552083333334 0.4243083333333334 0.02310416666666673 0.019949999999999992
0 0.9489166666666667 0.4031856481481482 0.07987499999999995 0.09036018518518518
0 0.8865364583333334 0.9289194444444444 0.09109374999999993 0.12556851851851844
0 0.7845520833333334 0.7000837962962964 0.09439583333333333 0.1748527777777778
0 0.7182109375000001 0.735288888888889 0.07393229166666669 0.09505370370370372
0 0.22148619791666668 0.5134953703703704 0.07723177083333335 0.14668888888888892
0 0.23666848958333334 0.4589273148148148 0.06799010416666666 0.11735092592592591
