4 0.5908098958333333 0.29287546296296296 0.022442708333333408 0.019949074074074036
1 0.5865208333333333 0.2969824074074074 0.037625000000000006 0.0844925925925926
4 0.8248177083333333 0.224225 0.023104166666666613 0.01642962962962963
4 0.8007239583333333 0.25708333333333333 0.018479166666666675 0.06337037037037037
4 0.8231666666666667 0.2594300925925926 0.010562499999999985 0.056328703703703686
4 0.8456119791666666 0.2623638888888889 0.011880208333333305 0.06219629629629632
2 0.8205260416666667 0.2823138888888889 0.09505208333333333 0.14199444444444445
4 0.35416588541666666 0.5974013888888889 0.020463020833333328 0.025817592592592628
4 0.3082890625 0.6097231481481481 0.021122916666666686 0.019950000000000048
4 0.6970885416666666 0.5645430555555556 0.01584374999999992 0.023469444444444428
4 0.4416291666666667 0.3345351851851852 0.010561458333333343 0.018775925925925946
4 0.4208359375 0.3398162037037037 0.015182291666666714 0.0176027777777778
4 0.38717109375000003 0.5123217592592593 0.012542187500000008 0.019949074074074143
4 0.35944687499999994 0.5082148148148148 0.012541666666666687 0.018775925925925946
4 0.35812682291666664 0.4894384259259259 0.013861979166666613 0.014082407407407358
4 0.4832153645833333 0.5275777777777778 0.018482812500000043 0.019950000000000048
4 0.5218302083333333 0.519362962962963 0.008579166666666657 0.01994999999999994
4 0.42776744791666665 0.7423300925925926 0.018482812499999984 0.024643518518518526
4 0.42842734375 0.715338888888889 0.02640364583333336 0.019950000000000048
4 0.7063307291666666 0.35213796296296296 0.00792187500000002 0.018775925925925894
0 0.4300776041666667 0.32573379629629634 0.0442270833333333 0.07158425925925924
0 0.49245677083333333 0.5076277777777778 0.08449270833333339 0.1537296296296296
0 0.37231901041666665 0.4964791666666667 0.05280781249999998 0.09388055555555558
0 0.33106276041666666 0.5657166666666666 0.09439427083333332 0.14551481481481487
0 0.42809713541666666 0.7170990740740741 0.05742864583333329 0.10796296296296298
0 0.7109479166666667 0.5545685185185185 0.08053124999999994 0.15372962962962966
