4 0.5297526041666667 0.41316018518518516 0.012546875000000016 0.011735185185185218
4 0.5238122395833333 0.43311018518518524 0.023104687500000054 0.018775925925925946
4 0.12973229166666667 0.5076277777777779 0.015182291666666669 0.01760185185185195
4 0.10167812500000001 0.51995 0.017162499999999997 0.01877592592592584
4 0.4980677083333333 0.47887685185185186 0.011221874999999966 0.018775925925925946
4 0.4607721354166667 0.48591759259259254 0.014522395833333352 0.01877592592592584
4 0.692796875 0.3943837962962963 0.01121874999999998 0.014082407407407412
4 0.676953125 0.38440925925925923 0.017822916666666563 0.012909259259259266
4 0.6716744791666667 0.3984916666666667 0.015182291666666714 0.015255555555555555
4 0.4109346354166667 0.47183564814814816 0.01650260416666664 0.01877685185185185
4 0.6597916666666667 0.39790462962962964 0.008583333333333342 0.016429629629629603
4 0.6479088541666668 0.41550740740740744 0.015182291666666596 0.016429629629629655
0 0.6838854166666666 0.38147546296296303 0.05148958333333328 0.07745092592592592
0 0.41324479166666667 0.4507125 0.06733020833333334 0.12908611111111112
0 0.6495598958333333 0.39614444444444447 0.04884895833333332 0.06923703703703706
0 0.5119291666666667 0.40083842592592595 0.07458958333333332 0.11617685185185186
0 0.47364427083333327 0.4647949074074075 0.07987187499999997 0.14082129629629633
0 0.11620026041666666 0.5 0.06469010416666665 0.09388148148148154
