4 0.9215208333333335 0.3580055555555556 0.014520833333333271 0.011735185185185166
4 0.9971041666666667 0.3521375 0.008583333333333342 0.028163888888888867
2 1.0056848958333333 0.3644597222222222 0.054786458333333364 0.0833194444444444
1 0.9258124999999999 0.36035231481481483 0.029708333333333312 0.05163425925925925
4 0.9508958333333334 0.8579203703703704 0.013864583333333276 0.018775925925925946
4 0.9525468749999999 0.8878453703703705 0.017166666666666566 0.01994999999999994
4 0.9855520833333333 0.8954731481481482 0.01452083333333339 0.01642962962962955
0 0.9631067708333333 0.8778689814814815 0.06732812499999999 0.096225
4 0.36010703125000004 0.3826486111111111 0.012542187500000008 0.009387962962962973
4 0.35581640625 0.3937972222222223 0.010561979166666664 0.010561111111111117
4 0.25845182291666663 0.49178518518518527 0.007260937499999986 0.011735185185185166
4 0.24921015624999998 0.5052805555555555 0.012542187500000008 0.015255555555555555
4 0.08847604166666667 0.5275777777777779 0.009241666666666667 0.015255555555555555
4 0.07824427083333332 0.5463537037037037 0.021783333333333325 0.017601851851851844
4 0.2766044270833333 0.6343666666666666 0.010561979166666664 0.015255555555555555
4 0.24491979166666666 0.6373009259259259 0.01320208333333334 0.018775925925925946
4 0.8357083333333333 0.4606875 0.009239583333333337 0.01290833333333331
4 0.8525390625 0.46479444444444445 0.00990104166666678 0.011735185185185166
4 0.8442890625 0.5557416666666667 0.00792187500000002 0.015255555555555555
4 0.8700338541666667 0.5704106481481481 0.01320312500000007 0.016428703703703647
0 0.8446197916666667 0.4542333333333334 0.034989583333333366 0.04928703703703705
0 0.3620875 0.3902768518518519 0.028384375000000024 0.03872592592592594
0 0.072303515625 0.5246435185185185 0.06006901041666667 0.09153333333333333
0 0.25614140625 0.6214583333333333 0.06997031249999998 0.11617777777777777
0 0.8664036458333333 0.5569152777777777 0.05874479166666677 0.1020953703703704
0 0.25053046875 0.4953060185185186 0.034984895833333356 0.06102314814814818
3 0.3525158854166667 0.08164351851851852 0.015842187500000014 0.026990740740740746
3 0.3997130208333334 0.10687398148148149 0.017822916666666622 0.0305112962962963
3 0.5640781250000001 0.0904450462962963 0.01782291666666668 0.030511759259259252
3 0.6069843749999999 0.04057064814814815 0.016500000000000032 0.024643703703703702
