3 0.6149036458333332 0.11508888888888888 0.009901041666666662 0.018775925925925932
3 0.6647447916666667 0.17317731481481483 0.01452083333333339 0.01994907407407409
3 0.6267890625 0.1637888888888889 0.009901041666666662 0.015255555555555555
3 0.5660572916666666 0.13327777777777777 0.01121874999999998 0.015255555555555555
3 0.5868515625 0.11450185185185187 0.006598958333333253 0.010561111111111117
3 0.4627526041666667 0.11450185185185187 0.009241666666666622 0.015255555555555555
3 0.40697395833333333 0.2013416666666667 0.012541666666666628 0.01995000000000002
3 0.37231901041666665 0.16437592592592595 0.007921354166666639 0.01642962962962963
4 0.8713541666666667 0.4096398148148148 0.013197916666666741 0.011735185185185166
4 0.998421875 0.4119870370370371 0.007260416666666695 0.018775925925925894
2 1.0106354166666667 0.4160939814814815 0.054125000000000034 0.08331944444444446
1 0.8683854166666666 0.41316018518518516 0.02310416666666673 0.04694074074074071
4 0.2993778645833333 0.42137453703703703 0.011221354166666645 0.009387962962962973
4 0.30168828125 0.431349537037037 0.011881770833333328 0.01056203703703702
4 0.2845255208333333 0.4260685185185185 0.009241666666666622 0.011735185185185166
4 0.07560390625 0.8139138888888889 0.013861979166666672 0.01994999999999994
4 0.08715598958333333 0.8262361111111112 0.011881770833333341 0.018775925925925946
4 0.06009166666666667 0.8385578703703703 0.017162499999999997 0.017602777777777853
4 0.8145859375000001 0.5187759259259259 0.006598958333333253 0.011735185185185166
4 0.7937916666666667 0.5187763888888889 0.01121874999999998 0.014082407407407464
0 0.7984140624999999 0.5082143518518518 0.04554687500000002 0.08214537037037041
0 0.29607734374999994 0.4078791666666667 0.037625520833333384 0.0668898148148148
0 0.06570255208333334 0.815087962962963 0.0561084375 0.08097222222222217
