3 0.6241458333333334 0.1444263888888889 0.016500000000000032 0.023469444444444452
3 0.5954322916666667 0.1432527777777778 0.006604166666666581 0.01642962962962963
3 0.5551666666666667 0.1737638888888889 0.009239583333333337 0.01642962962962963
3 0.5366822916666667 0.21014305555555557 0.01584375000000004 0.03285833333333333
3 0.5568151041666667 0.244175 0.015182291666666714 0.023470370370370357
3 0.3805700520833334 0.20075462962962964 0.011221354166666645 0.018775925925925946
3 0.3370033854166667 0.21072962962962963 0.009901562499999983 0.022296296296296283
3 0.9967734375 0.4219615740740741 0.009244791666666667 0.010562037037037073
4 0.9977630208333332 0.44484490740740745 0.005942708333333376 0.03520462962962959
4 0.9839010416666666 0.4419115740740741 0.01121874999999998 0.03637870370370369
2 0.9951223958333333 0.4565800925925926 0.06139062499999994 0.08214537037037041
4 0.005633479166666667 0.7294212962962963 0.008581270833333333 0.02464444444444443
4 0.8931380208333334 0.4477787037037037 0.0145260416666666 0.010561111111111065
1 0.021805931848958335 0.7188597222222223 0.04356657380208333 0.07393055555555558
1 0.8904973958333334 0.45305972222222224 0.02244270833333329 0.05163425925925925
4 0.15415572916666664 0.6683990740740742 0.015182291666666655 0.015255555555555555
4 0.16042682291666666 0.6818939814814815 0.010561979166666664 0.014082407407407358
4 0.13963385416666665 0.6813074074074074 0.011221874999999996 0.015255555555555555
4 0.7825729166666666 0.8238888888888889 0.012541666666666628 0.023470370370370437
4 0.7739895833333333 0.835037037037037 0.00990624999999999 0.022296296296296335
4 0.7155703125 0.7047773148148149 0.006598958333333371 0.01760277777777775
4 0.6911458333333333 0.697149537037037 0.010562500000000105 0.021123148148148137
4 0.7835598958333333 0.5686504629629631 0.011880208333333305 0.012908333333333362
4 0.7878515625000001 0.5797986111111111 0.009901041666666662 0.014082407407407464
4 0.7720104166666667 0.5774513888888889 0.008583333333333342 0.014082407407407358
0 0.020815783854166665 0.5041069444444445 0.046867078124999996 0.08331944444444446
0 0.7964322916666667 0.8244754629629629 0.06403124999999991 0.09036018518518514
0 0.7779505208333333 0.5692370370370371 0.04026562499999997 0.05398148148148155
0 0.6954375 0.6860013888888888 0.061385416666666734 0.11852499999999995
0 0.14755494791666665 0.6689856481481482 0.046867187500000004 0.06336944444444452
