3 0.008273880208333332 0.44191111111111114 0.019142864583333332 0.015255555555555555
4 0.39773255208333336 0.5410731481481481 0.024423437499999957 0.023470370370370437
1 0.4030135416666667 0.5310981481481482 0.045546874999999966 0.09505370370370372
4 0.03335768229166667 0.48063703703703703 0.020463072916666665 0.07627777777777778
4 0.0026630468749999996 0.48239722222222226 0.007921197916666668 0.06571666666666666
2 0.022795989583333336 0.5099745370370371 0.08911322916666667 0.1748527777777778
4 0.5954322916666667 0.5440064814814816 0.01452083333333339 0.015255555555555555
4 0.5568177083333333 0.5404861111111111 0.01121874999999998 0.017601851851851844
4 0.42446692708333333 0.5475273148148149 0.011881770833333328 0.017602777777777853
4 0.5383333333333333 0.4777037037037037 0.011218749999999921 0.011735185185185112
4 0.51688203125 0.45305972222222224 0.007923437499999983 0.009387962962962973
4 0.5158916666666666 0.47300925925925924 0.009904166666666648 0.014081481481481454
4 0.37033854166666663 0.5768648148148149 0.014521874999999972 0.019950000000000048
4 0.3310625 0.5668898148148148 0.011221875000000025 0.018775925925925946
4 0.43436796875 0.6126569444444444 0.011881770833333328 0.021123148148148137
4 0.40664401041666665 0.6138305555555555 0.011881770833333328 0.018775925925925946
0 0.3393138020833334 0.3257333333333334 0.06469010416666669 0.12321851851851849
0 0.42413671875 0.5422462962962963 0.05346822916666666 0.08214629629629626
0 0.3548263020833333 0.5551546296296297 0.07855156250000003 0.138474074074074
0 0.4224864583333333 0.5985750000000001 0.06336979166666665 0.07979814814814816
0 0.5277729166666666 0.4624476851851852 0.0508291666666666 0.07510462962962963
0 0.5822291666666667 0.5240569444444444 0.08185416666666671 0.14434166666666673
