3 0.6353671875000001 0.11743564814814815 0.01122395833333331 0.01877685185185185
3 0.5686979166666667 0.07694949074074074 0.01121874999999998 0.01525564814814815
3 0.5505442708333333 0.018273935185185185 0.00792187500000002 0.01525564814814815
3 0.45021041666666667 0.15557453703703705 0.010561458333333343 0.0176027777777778
3 0.4495505208333333 0.11567546296296295 0.019803125000000026 0.03168425925925925
3 0.40565390625 0.09161856481481481 0.009901562499999983 0.016429537037037034
3 0.47628463541666666 0.18608611111111112 0.01650260416666664 0.031685185185185184
3 0.467703125 0.2594300925925926 0.012541666666666628 0.028163888888888867
4 0.7825729166666666 0.4348703703703704 0.012541666666666628 0.015255555555555555
1 0.789171875 0.4383902777777778 0.027062500000000017 0.04811388888888886
4 0.11058932291666666 0.6936291666666667 0.012542187500000008 0.016428703703703647
4 0.10068802083333334 0.7153393518518519 0.02178333333333334 0.01760277777777775
4 0.07032317708333333 0.717099537037037 0.009901562500000006 0.021123148148148137
4 0.21587526041666666 0.5739310185185186 0.00924114583333333 0.014082407407407464
4 0.19145130208333333 0.579212037037037 0.011881770833333328 0.015255555555555555
4 0.09672708333333334 0.6308462962962964 0.011221874999999996 0.015255555555555555
4 0.07725416666666667 0.6320199074074074 0.01320208333333334 0.015256481481481565
4 0.18980130208333332 0.46479444444444445 0.009901562499999983 0.011735185185185166
4 0.8726744791666666 0.6936291666666667 0.01716145833333336 0.016428703703703647
4 0.850890625 0.6801342592592593 0.013197916666666741 0.015255555555555555
4 0.8439609375 0.6930421296296296 0.013859375000000066 0.01760277777777775
4 0.5538463541666666 0.6056157407407408 0.011880208333333305 0.016429629629629655
4 0.8254765625 0.5856662037037037 0.009901041666666662 0.014082407407407464
4 0.8149140625000001 0.5727574074074074 0.009901041666666662 0.011735185185185166
4 0.807984375 0.5809722222222223 0.00791666666666669 0.014081481481481454
0 0.8208567708333333 0.5756912037037037 0.04026562499999997 0.04811388888888886
0 0.8631015625000001 0.6772 0.06534895833333335 0.07979814814814816
0 0.5525260416666666 0.5821458333333334 0.048843749999999984 0.1056157407407408
0 0.19838255208333333 0.5668902777777779 0.05346822916666666 0.09388055555555552
0 0.08484557291666667 0.6167643518518519 0.0442265625 0.05280833333333324
0 0.09408671875 0.6877615740740741 0.0666703125 0.1032694444444444
0 0.19046145833333333 0.4595138888888889 0.02574375 0.04342037037037038
