4 0.21257473958333334 0.5170157407407407 0.031684895833333324 0.022296296296296335
1 0.2204958333333333 0.5041069444444445 0.0514875 0.1020953703703704
4 0.6505494791666667 0.737636111111111 0.015182291666666714 0.01994999999999994
4 0.5993932291666667 0.7388092592592592 0.022442708333333408 0.02699074074074072
4 0.3327130208333333 0.5410726851851853 0.010561458333333343 0.025817592592592524
4 0.2964072916666667 0.5457666666666667 0.02640416666666668 0.023470370370370332
4 0.23402786458333333 0.7235537037037038 0.020463020833333328 0.02229629629629623
4 0.19640234374999999 0.7253138888888888 0.020463020833333356 0.02581666666666662
4 0.5099497395833333 0.5545680555555557 0.013861979166666613 0.02229722222222224
4 0.4617622395833333 0.5545680555555556 0.0165026041666667 0.024643518518518526
0 0.21554505208333333 0.7053638888888889 0.0838328125 0.10796296296296289
0 0.2980575520833333 0.5064541666666666 0.0877932291666667 0.14903611111111117
0 0.4845364583333333 0.5322717592592592 0.10693750000000002 0.16311759259259262
0 0.6145755208333334 0.7047777777777778 0.1122135416666667 0.19362962962962965
