4 0.890828125 0.4589273148148148 0.013864583333333395 0.014082407407407412
1 0.8957786458333333 0.4630342592592593 0.02904687499999999 0.05046111111111116
4 0.9637682291666666 0.43428333333333335 0.013203124999999953 0.011735185185185166
4 0.9624479166666667 0.4542333333333334 0.00791666666666669 0.03051111111111111
4 0.9736692708333333 0.4559930555555555 0.00792187500000002 0.03637870370370369
4 0.9499062500000001 0.4512990740740741 0.013197916666666623 0.03403148148148145
2 0.9588177083333332 0.46538148148148145 0.053468750000000044 0.08097222222222221
4 0.20300312499999998 0.657250462962963 0.011221874999999996 0.01877685185185185
4 0.20927421875000002 0.6672254629629629 0.00924114583333333 0.017602777777777853
4 0.18683098958333333 0.6730925925925927 0.01848281250000001 0.015255555555555555
4 0.37858958333333337 0.6666384259259259 0.008581249999999999 0.014082407407407358
4 0.3548263020833333 0.6742666666666668 0.013861979166666672 0.015255555555555555
4 0.47529453124999993 0.47887685185185186 0.007921354166666639 0.011735185185185166
4 0.46836328125 0.4894384259259259 0.009901562500000042 0.011734259259259262
4 0.13633333333333333 0.5316847222222222 0.011221875000000011 0.014082407407407358
4 0.14095390624999998 0.540486111111111 0.009901562500000013 0.015255555555555555
4 0.12544166666666667 0.5428328703703704 0.013202083333333324 0.012908333333333362
4 0.7756380208333333 0.558088888888889 0.011880208333333423 0.015255555555555555
4 0.7957708333333334 0.5557416666666667 0.0072604166666665765 0.012909259259259266
4 0.8878567708333333 0.5404861111111111 0.00792187500000002 0.010561111111111065
4 0.896765625 0.5539814814814814 0.012541666666666628 0.014081481481481454
4 0.8819166666666667 0.5487009259259259 0.006604166666666581 0.015255555555555555
4 0.9660807291666667 0.5991615740740741 0.00990104166666678 0.012908333333333362
4 0.9475963541666667 0.5950541666666667 0.011223958333333428 0.014082407407407464
4 0.9449557291666667 0.579799074074074 0.008578125000000015 0.011735185185185166
0 0.13039244791666665 0.529337962962963 0.03762552083333333 0.04928703703703695
0 0.19013125 0.6443416666666667 0.05676875000000002 0.09153333333333333
0 0.3604372395833333 0.6613578703703703 0.0554484375 0.09505462962962963
0 0.4713338541666667 0.4841574074074074 0.027723958333333344 0.04576666666666672
0 0.7802604166666666 0.5481138888888889 0.04356250000000005 0.07745185185185188
0 0.8944583333333334 0.5457666666666667 0.035645833333333245 0.046940740740740665
0 0.9525468749999999 0.5880134259259259 0.04356250000000005 0.058675000000000026
