1 0.8393385416666667 0.10804740740740741 0.0442291666666667 0.07745148148148147
4 0.8307578125 0.10335324074074075 0.023098958333333287 0.02112314814814815
2 0.9505651041666666 0.09513893518518518 0.09241145833333336 0.13143324074074075
3 0.9574973958333333 0.03998388888888889 0.023098958333333287 0.01877611111111111
4 0.9330729166666667 0.07460259259259258 0.017822916666666563 0.057502222222222225
4 0.9555182291666665 0.07636273148148148 0.009901041666666662 0.049287500000000005
4 0.9763098958333334 0.07518944444444445 0.010557291666666658 0.06102296296296296
0 0.5726588541666667 0.4072925925925926 0.08647395833333332 0.16194444444444447
0 0.6495598958333333 0.5434194444444445 0.07260937499999992 0.10796296296296298
0 0.7168906249999999 0.6725060185185184 0.06601041666666667 0.12439166666666664
0 0.21389505208333331 0.6860018518518519 0.10693593750000001 0.18893518518518526
4 0.17461875000000002 0.7253138888888888 0.015182291666666684 0.028164814814814823
4 0.22511666666666666 0.7411564814814816 0.034324999999999994 0.03168518518518511
4 0.7363645833333333 0.687175 0.012541666666666628 0.02933703703703701
4 0.7132604166666667 0.677786574074074 0.03234374999999995 0.029337962962962913
4 0.7079791666666667 0.7030171296296296 0.021781249999999967 0.02816388888888892
4 0.559125 0.42430833333333334 0.019802083333333324 0.02699074074074072
4 0.5974140625 0.42430879629629636 0.01716145833333336 0.024643518518518474
4 0.6657317708333332 0.5604356481481483 0.015182291666666596 0.02229722222222224
4 0.6350390625000001 0.5621962962962963 0.01716145833333336 0.023470370370370332
