4 0.1891411458333333 0.5886000000000001 0.03894583333333334 0.02699074074074072
1 0.19574218750000003 0.5715837962962964 0.056108333333333336 0.11735092592592586
4 0.7165625000000001 0.40201203703703703 0.01782291666666668 0.022296296296296335
4 0.6766249999999999 0.3902768518518519 0.011885416666666633 0.022296296296296283
4 0.45186093750000006 0.5041074074074073 0.015182291666666655 0.01994999999999994
4 0.48486588541666664 0.5833194444444445 0.024423437500000016 0.018775925925925946
4 0.49113671875000003 0.6091361111111111 0.018482812499999984 0.023470370370370437
4 0.44922031249999994 0.6056162037037036 0.015182291666666655 0.02816388888888892
4 0.39608229166666664 0.6103097222222222 0.017162499999999997 0.02816388888888881
0 0.4300776041666667 0.47711666666666674 0.08515312500000001 0.14668888888888892
0 0.47529453124999993 0.5868398148148148 0.06865052083333338 0.12439259259259254
0 0.4181958333333333 0.5821458333333334 0.11419687500000002 0.17837314814814817
0 0.6997291666666666 0.38088888888888894 0.08448958333333334 0.15372962962962966
