1 0.05316059895833334 0.717099537037037 0.041586093750000004 0.07275833333333329
1 0.7977552083333334 0.46890185185185185 0.023104166666666613 0.04342037037037038
4 0.03764833333333333 0.7270745370370371 0.010561562500000003 0.024643518518518526
4 0.8003932291666667 0.47007546296296293 0.013859374999999948 0.01525648148148146
3 0.4132450520833333 0.24006712962962967 0.0950546875 0.17954722222222222
0 0.15052526041666667 0.6742662037037037 0.059408854166666664 0.08566574074074075
0 0.26505260416666665 0.579212037037037 0.02574375 0.045766666666666664
0 0.43634843749999996 0.5868398148148148 0.04752708333333331 0.0985740740740741
0 0.7350416666666666 0.5668898148148148 0.04818749999999999 0.07745185185185188
0 0.9152526041666667 0.5903601851851852 0.04026562499999997 0.05398148148148155
4 0.4353583333333333 0.6038555555555556 0.012541666666666687 0.015255555555555555
4 0.16108697916666667 0.6860013888888888 0.014521875000000002 0.019949074074074036
4 0.16669791666666667 0.6989101851851852 0.015182291666666655 0.019950000000000048
4 0.1416140625 0.6994967592592592 0.016502083333333317 0.01877685185185185
4 0.2640625 0.5774513888888889 0.01320208333333331 0.009387962962962973
4 0.26439270833333334 0.5886 0.011221875000000025 0.012909259259259266
4 0.9228411458333333 0.5856662037037037 0.013203124999999953 0.014082407407407464
4 0.926140625 0.6009217592592593 0.010562499999999985 0.014082407407407464
4 0.9073307291666666 0.5944675925925927 0.01122395833333331 0.015255555555555555
4 0.730421875 0.5756916666666667 0.01121874999999998 0.015255555555555555
4 0.7515468750000001 0.5733444444444444 0.008583333333333342 0.015255555555555555
2 0.9056796874999999 0.4724226851851852 0.05148437499999995 0.07627870370370374
3 0.9112890625 0.4454319444444445 0.01650520833333336 0.01290833333333331
4 0.9205338541666668 0.4677282407407408 0.009901041666666662 0.036378703703703746
4 0.9083177083333334 0.4642078703703704 0.005281249999999934 0.029337962962962965
4 0.8977578125 0.4612740740740741 0.010557291666666658 0.035205555555555545
