1 0.2802348958333333 0.1849125 0.03630520833333334 0.07862500000000003
4 0.28188515625 0.18139166666666667 0.02112343750000001 0.019949999999999992
2 0.5495565104166666 0.15029370370370373 0.07855364583333332 0.11969777777777776
3 0.5515364583333333 0.10100648148148149 0.02310416666666673 0.014081481481481481
4 0.550875 0.13445138888888888 0.005937500000000047 0.045767592592592596
4 0.5703489583333333 0.13327824074074074 0.017166666666666684 0.05515462962962962
4 0.5317317708333333 0.13093101851851852 0.015182291666666655 0.05280833333333334
0 0.31323984374999997 0.5815587962962963 0.09703489583333332 0.16077129629629625
0 0.38552083333333337 0.46538101851851854 0.08977395833333332 0.1560768518518519
0 0.7594687499999999 0.4894384259259259 0.058749999999999976 0.08918611111111113
0 0.9489140625 0.4061194444444444 0.06139062499999994 0.08918703703703704
4 0.3379934895833333 0.6238055555555556 0.025083854166666697 0.02699074074074072
4 0.28947656250000003 0.6296726851851852 0.02178333333333331 0.02933796296296302
4 0.4122549479166667 0.4735958333333334 0.012542187500000008 0.024643518518518582
4 0.3693484375 0.479463425925926 0.015182291666666714 0.024643518518518582
4 0.7746484375 0.4870912037037038 0.013859375000000066 0.021123148148148137
4 0.7380130208333334 0.5005870370370371 0.011880208333333423 0.019950000000000048
4 0.7634270833333334 0.5123217592592593 0.019145833333333327 0.019949074074074143
4 0.9301041666666666 0.41844120370370375 0.01584375000000004 0.029337962962962965
