1 0.002002942708333335 0.5657166666666666 0.03960598958333333 0.07275740740740749
4 0.2782546875 0.5328583333333333 0.015182291666666655 0.011735185185185166
4 0.2944270833333333 0.5246435185185185 0.007920833333333318 0.011735185185185166
4 0.529421875 0.4659680555555556 0.011885416666666693 0.014082407407407412
4 0.5013682291666667 0.46831527777777776 0.015182291666666655 0.014082407407407412
4 0.526453125 0.3703273148148148 0.01121874999999998 0.01056203703703702
4 0.5297526041666667 0.3615259259259259 0.009901041666666721 0.007040740740740727
4 0.6667213541666667 0.7593458333333333 0.00792187500000002 0.01642870370370375
4 0.636359375 0.7393962962962963 0.010562499999999985 0.018775925925925946
4 0.6439505208333334 0.7669736111111112 0.01650520833333336 0.019949074074074143
4 0.9647578125 0.5575023148148148 0.015182291666666714 0.014082407407407358
4 0.9360442708333333 0.5557421296296297 0.018484375000000004 0.01760277777777775
4 0.27594427083333334 0.5868398148148148 0.01320208333333331 0.016429629629629655
4 0.259771875 0.5715842592592593 0.015182291666666655 0.014081481481481454
4 0.2544911458333334 0.5874263888888889 0.011221874999999996 0.012908333333333258
0 0.2693434895833333 0.5768648148148148 0.04884739583333335 0.06454259259259261
0 0.6472499999999999 0.7487842592592593 0.05610416666666668 0.07979814814814816
0 0.9449557291666667 0.5457666666666667 0.07063020833333328 0.10796296296296289
0 0.51192890625 0.45834074074074077 0.05874635416666667 0.09270740740740743
0 0.53305234375 0.3609388888888889 0.03234322916666669 0.04342037037037038
0 0.28287526041666666 0.5164291666666667 0.04026614583333332 0.06571574074074081
