4 0.26109192708333334 0.48357083333333334 0.024423437500000016 0.025817592592592576
1 0.27627421875 0.46772824074074076 0.054788020833333326 0.09505462962962963
4 0.46473281250000004 0.38499583333333337 0.007920833333333318 0.021123148148148137
4 0.51093984375 0.3726740740740741 0.011881770833333328 0.015255555555555555
4 0.49674765625 0.392037037037037 0.024423437500000016 0.018775925925925894
4 0.6644140625 0.5651296296296296 0.020463541666666647 0.019950000000000048
4 0.6264583333333335 0.5422462962962963 0.009239583333333337 0.023470370370370332
4 0.21356484374999998 0.6818944444444445 0.009901562500000013 0.023470370370370332
4 0.18749088541666667 0.6695722222222222 0.029044270833333326 0.017601851851851844
4 0.18121979166666666 0.6971495370370371 0.02178333333333334 0.025817592592592628
4 0.07197369791666668 0.27409907407407413 0.011881770833333334 0.019949999999999992
4 0.04589958333333333 0.27351250000000005 0.017822708333333333 0.01877685185185185
4 0.6617734375 0.795137962962963 0.008578125000000015 0.02464444444444443
4 0.6142473958333333 0.7693203703703704 0.009901041666666662 0.019950000000000048
4 0.6297578125 0.8033527777777779 0.021119791666666762 0.015255555555555555
4 0.5370130208333334 0.7540652777777778 0.021786458333333356 0.024643518518518526
4 0.582890625 0.7335287037037037 0.00791666666666669 0.039899999999999984
0 0.6594609375 0.5340319444444445 0.08317187500000003 0.1713324074074074
0 0.4914677083333333 0.35683148148148147 0.06799166666666666 0.11969814814814815
0 0.054810911458333327 0.2611902777777778 0.054128177083333326 0.07158425925925924
0 0.18980130208333332 0.6695722222222221 0.06799010416666666 0.12087222222222226
0 0.5442739583333334 0.7071245370370371 0.10099375000000001 0.1795472222222222
0 0.6353697916666666 0.7781222222222223 0.07459375000000001 0.11969814814814815
