4 0.2531708333333333 0.5269907407407407 0.023103125000000002 0.018775925925925946
1 0.26076197916666666 0.5129087962962964 0.044886458333333344 0.08214537037037031
2 -0.003937942708333333 0.538725925925926 0.06468973958333332 0.13143333333333332
4 0.35713645833333335 0.6161777777777778 0.014521875000000031 0.018775925925925946
4 0.5320625 0.5938810185185185 0.019802083333333324 0.01642870370370375
4 0.507309375 0.5751046296296297 0.011221875000000025 0.023470370370370437
4 0.5003783854166667 0.5886 0.011881770833333328 0.017601851851851844
4 0.17098854166666666 0.5099745370370371 0.014521874999999972 0.01760277777777775
4 0.6680442708333333 0.5974013888888889 0.013203124999999953 0.01877685185185185
4 0.6597916666666667 0.6126569444444444 0.01121874999999998 0.023469444444444428
4 0.6960963541666667 0.6150041666666667 0.019140625 0.01642870370370375
4 0.7135911458333334 0.3198662037037037 0.011880208333333305 0.01290833333333331
4 0.7175520833333332 0.30519722222222223 0.009239583333333337 0.011735185185185166
4 0.6964270833333333 0.32103981481481486 0.009239583333333337 0.015255555555555555
4 0.7845520833333334 0.4178541666666667 0.013864583333333395 0.014082407407407412
4 0.7997317708333334 0.42841574074074074 0.004619791666666729 0.018775925925925894
4 0.7819114583333333 0.43193657407407404 0.012541666666666628 0.0164287037037037
4 0.48684609375 0.5704106481481481 0.011221354166666704 0.01877685185185185
4 0.4779348958333333 0.5516342592592592 0.01320208333333331 0.018775925925925946
4 0.45879192708333333 0.5709972222222223 0.009241145833333301 0.019950000000000048
0 0.17527916666666665 0.49589259259259266 0.049507291666666654 0.07627777777777778
0 0.7073177083333333 0.31165185185185185 0.042906250000000055 0.06219629629629632
0 0.7868619791666667 0.4184407407407408 0.04356770833333326 0.06219629629629632
0 0.6855364583333333 0.5921208333333333 0.0825104166666667 0.1020953703703703
0 0.5630859375 0.4841574074074074 0.07393229166666664 0.12791296296296292
0 0.5277716145833333 0.5498740740740741 0.0732692708333334 0.1302592592592592
0 0.46935338541666666 0.5557416666666667 0.0554484375 0.07862592592592588
0 0.36142708333333334 0.6120699074074074 0.0719510416666667 0.13260648148148152
4 0.5409765625 0.4958930555555555 0.009901041666666662 0.017602777777777853
4 0.5766197916666668 0.49706620370370375 0.0112187500000001 0.012908333333333362
