3 0.5637473958333333 0.21014305555555557 0.06865104166666663 0.0704101851851852
4 0.8779557291666666 0.6138305555555555 0.011880208333333305 0.01642962962962955
4 0.8442890625 0.6120699074074074 0.011880208333333305 0.017602777777777853
4 0.1175203125 0.588012962962963 0.021122916666666672 0.018775925925925946
4 0.09639739583333333 0.578038425925926 0.01320208333333334 0.017602777777777853
4 0.08847604166666666 0.5921208333333333 0.014521875000000002 0.01760277777777775
4 0.26538281249999995 0.5434199074074074 0.01320208333333331 0.016428703703703647
4 0.25251067708333336 0.5310981481481482 0.009901562500000013 0.012909259259259266
4 0.24590989583333334 0.5445935185185186 0.008581249999999999 0.016429629629629655
4 0.8060026041666667 0.5504611111111112 0.018484375000000004 0.016429629629629655
4 0.7885130208333334 0.5340319444444445 0.01122395833333331 0.014082407407407464
4 0.97928125 0.5164291666666667 0.01121874999999998 0.01642870370370375
4 0.9957812500000001 0.5363787037037037 0.012541666666666748 0.018775925925925946
4 0.9700390624999999 0.5281643518518518 0.008578125000000015 0.016428703703703647
0 0.9891822916666667 0.5187763888888888 0.04951041666666664 0.0704101851851852
0 0.8036953125 0.5281643518518518 0.05610937500000001 0.07979907407407406
0 0.8631041666666666 0.5950541666666667 0.07459375000000001 0.12908611111111112
0 0.26142213541666665 0.5322717592592592 0.04224635416666664 0.06688981481481492
0 0.11091927083333333 0.5621958333333333 0.06997083333333333 0.11031018518518518
