3 0.44558984375 0.02472826388888889 0.022443229166666672 0.03520532407407407
3 0.7159010416666667 0.013579916666666667 0.029708333333333312 0.0316847962962963
4 0.9951223958333333 0.3010902777777778 0.015182291666666714 0.01760277777777775
1 0.9997447916666666 0.2981564814814815 0.03234374999999995 0.06102222222222222
4 0.2214859375 0.47476944444444447 0.0046208333333333405 0.012909259259259266
4 0.19211171875000002 0.4870912037037037 0.014522395833333323 0.016428703703703647
4 0.9971015624999999 0.6683986111111111 0.009901041666666662 0.019949074074074143
4 0.040948828124999996 0.5146685185185186 0.013202031249999998 0.015255555555555555
4 0.03401776041666667 0.5005865740740741 0.017822708333333333 0.01760277777777775
4 0.014874895833333334 0.5134953703703704 0.013862083333333334 0.017601851851851844
4 0.9456145833333333 0.7429166666666666 0.013864583333333395 0.02112407407407404
4 0.8980885416666666 0.7382226851851853 0.016500000000000032 0.021123148148148137
4 0.19607239583333333 0.7845763888888889 0.017162499999999997 0.02229722222222224
0 1.0066744791666666 0.656663425925926 0.0594114583333333 0.07862499999999997
0 0.9162395833333333 0.7241407407407408 0.09637499999999997 0.1689851851851851
0 0.19805234375 0.47418287037037044 0.06600989583333332 0.11265648148148147
0 0.028076947473958336 0.5064546296296296 0.05610860505208334 0.08097222222222226
0 0.18551067708333333 0.7734277777777777 0.0554484375 0.08214629629629626
