3 0.6868567708333333 0.18784583333333335 0.013859374999999948 0.021123148148148137
3 0.6538515625 0.10452731481481482 0.013859375000000066 0.02112314814814815
3 0.6564921875 0.12154305555555557 0.009901041666666662 0.012908333333333324
3 0.3891513020833333 0.1561611111111111 0.009901562500000042 0.018775925925925946
3 0.44129921875 0.15440138888888888 0.012542187500000008 0.017602777777777773
3 0.5987317708333334 0.12623703703703706 0.013203124999999953 0.019950000000000006
4 0.9050208333333333 0.4149203703703704 0.01584374999999992 0.012909259259259266
1 0.9030390625 0.41550740740740744 0.026401041666666694 0.04694074074074077
4 0.82415625 0.5246435185185185 0.0112187500000001 0.011735185185185166
4 0.18551067708333335 0.6314328703703704 0.00924114583333333 0.014082407407407464
4 0.17527916666666665 0.6490356481481482 0.015182291666666655 0.01642870370370375
0 0.17527890624999998 0.6349537037037037 0.04026614583333332 0.06337037037037042
0 0.82415625 0.5152560185185185 0.048187500000000105 0.0868398148148148
0 1.000734375 0.6343671296296297 0.05148958333333328 0.06454351851851851
