4 0.8145859375000001 0.3803018518518519 0.01320312500000007 0.016429629629629655
1 0.8215182291666667 0.3844092592592593 0.031026041666666632 0.05750185185185189
4 0.20498359374999997 0.5228833333333333 0.00858177083333335 0.012909259259259162
4 0.19772239583333331 0.5357921296296296 0.012541666666666658 0.012908333333333362
4 0.46935338541666666 0.5158425925925926 0.011881770833333387 0.015255555555555555
4 0.67134375 0.4336967592592593 0.010562499999999985 0.01290833333333331
4 0.6578125 0.43311018518518524 0.008583333333333342 0.011735185185185166
4 0.8449505208333332 0.5322717592592592 0.01583854166666671 0.012908333333333258
4 0.8244869791666666 0.5199495370370371 0.011880208333333423 0.014082407407407358
4 0.8192057291666667 0.5328583333333334 0.011880208333333305 0.014081481481481454
4 0.5706770833333333 0.557501851851852 0.012541666666666628 0.016429629629629655
0 0.8367005208333332 0.5164291666666667 0.05610937500000001 0.06336944444444441
0 0.19640234374999999 0.5252305555555556 0.03366510416666667 0.05750185185185183
0 0.4710036458333333 0.4994134259259259 0.04950729166666671 0.10913611111111109
0 0.5673776041666667 0.5310981481481482 0.052151041666666724 0.1185240740740741
0 0.6637526041666666 0.4254819444444444 0.03366145833333339 0.048113888888888914
3 0.6779453125 0.015926953703703704 0.02904687499999999 0.036378870370370374
3 0.5224921875 0.060520138888888894 0.0257447916666667 0.07158379629629628
3 0.4706736979166667 0.02472825 0.025083854166666638 0.05398146296296296
3 0.32116119791666664 0.00888588888888889 0.019143229166666664 0.022296740740740742
