3 0.636359375 0.20955601851851852 0.018479166666666675 0.03637870370370372
3 0.6172161458333333 0.09748597222222223 0.02376562499999994 0.04224657407407409
3 0.6330598958333333 0.10570046296296297 0.01320312500000007 0.025817592592592604
3 0.4403091145833333 0.056999814814814816 0.02112343750000001 0.04576685185185185
4 0.8003932291666667 0.3791287037037037 0.016505208333333243 0.011735185185185166
1 0.8020442708333333 0.38499583333333337 0.027723958333333344 0.058675000000000026
4 0.35185572916666663 0.4037722222222222 0.014521875000000031 0.007040740740740727
4 0.3518559895833333 0.4143333333333334 0.011881770833333328 0.011735185185185218
4 0.4346981770833333 0.5199495370370371 0.01254218749999995 0.01642870370370375
4 0.9944635416666666 0.9048611111111111 0.016500000000000032 0.018775925925925946
4 0.9726796875 0.9201157407407408 0.015182291666666596 0.02112037037037032
4 0.9149192708333334 0.6114833333333334 0.013203124999999953 0.016429629629629655
4 0.6234869791666665 0.40494583333333334 0.007265625000000024 0.009387962962962973
4 0.6145755208333332 0.41550740740740744 0.010557291666666658 0.011735185185185166
0 0.9621171875000001 0.6202847222222223 0.057432291666666656 0.07862499999999997
0 0.6165572916666666 0.40787962962962965 0.03036458333333331 0.04342037037037038
0 0.9825807291666667 0.9066222222222223 0.054786458333333364 0.09740370370370373
0 0.9129401041666667 0.5950541666666667 0.05941145833333342 0.1032694444444444
0 0.4346981770833333 0.4929587962962963 0.04818697916666667 0.12204537037037035
0 0.350865625 0.40259861111111117 0.02574375 0.04928796296296301
