4 0.98984375 0.3967314814814815 0.017822916666666563 0.011735185185185218
1 0.9865416666666667 0.40025185185185186 0.028385416666666666 0.06102222222222222
4 0.016525130208333336 0.7118185185185185 0.00924140625 0.02229629629629623
1 0.03467778645833333 0.7012569444444445 0.04818713541666666 0.07862500000000007
4 0.24623984374999996 0.5187759259259259 0.007921354166666669 0.011735185185185166
4 0.23732838541666668 0.5328583333333334 0.011221354166666645 0.014081481481481454
4 0.48750625 0.5187763888888889 0.012541666666666687 0.016428703703703647
4 0.6779453125 0.42841574074074074 0.009244791666666667 0.011735185185185218
4 0.6634244791666667 0.42665555555555557 0.00792187500000002 0.012909259259259266
4 0.8462708333333334 0.5234699074074075 0.009239583333333337 0.014082407407407358
4 0.8396692708333333 0.5328583333333334 0.00792187500000002 0.016429629629629655
4 0.864421875 0.5375523148148148 0.01782291666666668 0.014082407407407358
4 0.5891614583333333 0.5621958333333333 0.012541666666666628 0.01642870370370375
0 0.8601302083333333 0.5217101851851852 0.05544791666666669 0.06219629629629632
0 0.23864869791666668 0.5205361111111112 0.03498489583333333 0.05750185185185183
0 0.48981640625 0.5041074074074074 0.0554484375 0.10913703703703703
0 0.5858619791666667 0.5381393518518518 0.052151041666666724 0.11383055555555557
0 0.6710130208333334 0.4202013888888889 0.036307291666666686 0.04693981481481481
3 0.6911484375000001 0.01240639351851852 0.0330052083333334 0.02699073148148148
3 0.5370130208333334 0.056413055555555564 0.027067708333333287 0.06336962962962964
3 0.48882630208333333 0.020620990740740742 0.027064062499999982 0.05046098148148148
