4 0.5947708333333334 0.4278291666666667 0.010562499999999985 0.01760277777777775
4 0.5835494791666667 0.4471921296296296 0.022442708333333408 0.02112314814814819
4 0.4749643229166667 0.46127407407407406 0.013861979166666672 0.018775925925925946
4 0.44393958333333333 0.4542328703703704 0.008581249999999999 0.0164287037037037
4 0.34690494791666665 0.48005 0.013861979166666672 0.018775925925925894
4 0.30696901041666663 0.479463425925926 0.015842187500000014 0.019949074074074036
0 0.32908229166666664 0.4683152777777778 0.08647291666666668 0.13847500000000001
0 0.5782708333333334 0.4125736111111112 0.06468750000000002 0.118525
0 0.46935364583333333 0.44484490740740745 0.07129062499999997 0.12673981481481478
0 0.5914713541666666 0.39790462962962964 0.04356770833333338 0.06571666666666666
