3 0.5162213541666667 0.18725925925925926 0.023765625 0.034031481481481475
4 0.9136015625 0.450125925925926 0.013203124999999953 0.012909259259259266
1 0.9109609375000001 0.45247314814814815 0.02376562499999994 0.045766666666666664
4 0.22775703125 0.5938810185185185 0.006600520833333334 0.014082407407407358
4 0.23864869791666668 0.6050291666666667 0.01782239583333333 0.012908333333333362
4 0.30729921875 0.5797986111111111 0.009901562499999983 0.014082407407407464
4 0.28518567708333337 0.578625462962963 0.006600520833333334 0.014082407407407358
4 0.8399973958333333 0.5844930555555556 0.015182291666666596 0.014082407407407358
4 0.8274583333333333 0.5721708333333334 0.007260416666666695 0.012908333333333258
0 0.8400000000000001 0.5698236111111111 0.04158333333333329 0.05984907407407403
0 0.30168802083333335 0.5621958333333333 0.04752708333333331 0.10561574074074069
0 0.24095911458333333 0.5774518518518518 0.04620677083333333 0.08918703703703704
0 0.5442757812500001 0.8133273148148149 0.058750520833333354 0.1056157407407408
0 0.5904817708333333 0.8543999999999999 0.052151041666666606 0.08214629629629626
