4 0.20597395833333335 0.5774518518518518 0.036965624999999995 0.028164814814814823
1 0.21521510416666664 0.557501851851852 0.05808854166666668 0.11265740740740737
4 0.66309375 0.5762782407407407 0.028385416666666666 0.01877685185185185
4 0.6621015625 0.6015087962962963 0.02904687499999999 0.024643518518518526
4 0.6304166666666667 0.5698236111111111 0.009239583333333337 0.024643518518518526
4 0.4403091145833333 0.5833189814814815 0.014522395833333352 0.025817592592592628
4 0.3861809895833333 0.5886000000000001 0.018482812499999984 0.02699074074074072
0 0.6779453125 0.4759430555555556 0.08317187500000003 0.17485277777777775
0 0.40862447916666667 0.5604356481481483 0.11749791666666666 0.18189351851851857
0 0.6647421874999999 0.5463532407407408 0.07789062499999998 0.167812037037037
