4 0.5389947916666668 0.5393125 0.012541666666666687 0.02229722222222224
4 0.5726588541666667 0.557501851851852 0.008578125000000015 0.016429629629629655
4 0.5472447916666667 0.5663032407407408 0.017166666666666684 0.017602777777777853
4 0.46077239583333335 0.5375523148148149 0.01320208333333331 0.01877685185185185
4 0.34294453124999996 0.4735958333333333 0.007260937500000016 0.02229722222222224
4 0.30597890624999996 0.49354583333333335 0.0165026041666667 0.019949074074074143
4 0.37561927083333335 0.6085499999999999 0.014521874999999972 0.015255555555555555
4 0.3528458333333333 0.5891865740740742 0.007261458333333278 0.016428703703703647
4 0.016195096354166667 0.4595138888888889 0.031024703125 0.019949999999999992
1 0.023456195312499997 0.4483652777777778 0.048187296875 0.09388055555555552
4 0.7772890625 0.2523893518518519 0.020463541666666647 0.0164287037037037
4 0.47793463541666664 0.8098069444444445 0.014522395833333352 0.025817592592592628
4 0.4366786458333333 0.5886 0.019142708333333282 0.02229629629629623
4 0.39839296874999997 0.5709976851851852 0.009901562499999983 0.024643518518518526
4 0.51325 0.5704106481481481 0.011221874999999966 0.021123148148148245
4 0.4818953125 0.5727578703703705 0.023763541666666655 0.014082407407407358
4 0.47892500000000005 0.5956412037037038 0.02574375 0.02229722222222224
0 0.4525208333333333 0.5181893518518519 0.05478854166666664 0.09036018518518514
0 0.7726692708333334 0.22246481481481484 0.05346354166666659 0.09740185185185185
0 0.5528567708333333 0.5469407407407407 0.05610937499999995 0.08918703703703704
0 0.3152203125 0.4653814814814815 0.08251249999999999 0.13260740740740742
0 0.37363906249999995 0.5809722222222223 0.055447916666666625 0.09388148148148143
0 0.4274372395833333 0.5610226851851852 0.0811921875 0.1642916666666666
0 0.4911364583333333 0.559849074074074 0.07657083333333331 0.11265740740740737
0 0.48123515624999996 0.7798824074074074 0.0554484375 0.11617777777777777
