4 0.17890963541666668 0.7047777777777777 0.01320156249999999 0.019950000000000048
4 0.1630671875 0.7311819444444445 0.02640416666666668 0.021123148148148137
4 0.37429921875 0.6595972222222223 0.014522395833333352 0.018775925925925946
4 0.3393138020833333 0.6590106481481481 0.010561979166666664 0.01760277777777775
3 0.4274372395833333 0.06052037037037037 0.024423437500000016 0.05280796296296296
3 0.359446875 0.0863374074074074 0.024423958333333336 0.04341962962962964
3 0.31323984374999997 0.11274166666666667 0.0165026041666667 0.02816481481481481
4 0.9571666666666666 0.3398157407407407 0.018479166666666675 0.015255555555555555
1 0.9545286458333333 0.3433361111111111 0.027723958333333344 0.06219629629629632
4 0.6462604166666668 0.4859180555555556 0.00791666666666669 0.01642870370370375
4 0.6215052083333333 0.4818101851851852 0.008583333333333342 0.015255555555555555
0 0.3584567708333333 0.6390611111111112 0.07525104166666666 0.14668888888888887
0 0.16240703125 0.6959759259259259 0.06865052083333333 0.12673888888888882
0 0.636359375 0.47476944444444447 0.05677083333333333 0.09740185185185182
