3 0.5937812499999999 0.1878462962962963 0.016500000000000032 0.023470370370370384
3 0.6667213541666667 0.18021851851851853 0.013203124999999953 0.022296296296296283
3 0.577609375 0.12330324074074077 0.01584375000000004 0.02816388888888889
3 0.5696875000000001 0.0746024537037037 0.010562499999999985 0.019949722222222233
3 0.48717630208333335 0.23067962962962965 0.015842187500000014 0.026990740740740746
3 0.49443723958333335 0.3093046296296296 0.018482812499999984 0.02933703703703706
3 0.457471875 0.17083055555555557 0.01320208333333331 0.01995000000000002
3 0.3917919270833333 0.1796314814814815 0.013861979166666672 0.023470370370370357
3 0.3825502604166666 0.1925402777777778 0.020463020833333328 0.03285833333333336
4 0.8366979166666667 0.45012592592592593 0.01121874999999998 0.010561111111111117
4 0.022796093750000003 0.6818944444444445 0.019142916666666666 0.018775925925925946
1 0.8353802083333333 0.45129953703703707 0.023104166666666613 0.0528083333333333
1 0.027746848958333334 0.6748532407407407 0.036965572916666675 0.06806388888888891
4 0.9872031250000001 0.43017592592592596 0.012541666666666628 0.010561111111111117
4 0.9730104166666665 0.44719166666666665 0.010562499999999985 0.03051111111111111
4 0.9852213541666667 0.4507125 0.007265624999999905 0.023469444444444428
4 0.9990833333333333 0.45247268518518513 0.005937500000000047 0.03168425925925925
2 0.9845624999999999 0.460100462962963 0.04818749999999999 0.07979907407407406
4 0.28848619791666663 0.5528078703703704 0.011881770833333328 0.007041666666666684
4 0.28980651041666666 0.5639564814814815 0.007921354166666698 0.008214814814814881
4 0.27924479166666666 0.558675462962963 0.006601041666666655 0.014082407407407464
4 0.6234869791666666 0.7675601851851851 0.013859375000000066 0.016429629629629655
4 0.6033541666666666 0.7875101851851852 0.018479166666666675 0.016429629629629655
4 0.19640234374999999 0.6678120370370372 0.009901562500000013 0.016429629629629655
4 0.9528776041666667 0.912488888888889 0.009901041666666662 0.015255555555555555
4 0.9264739583333332 0.9119023148148148 0.012541666666666628 0.021123148148148137
4 0.8099635416666667 0.6220449074074074 0.010562499999999985 0.014082407407407464
4 0.23897864583333334 0.8156745370370371 0.015842708333333337 0.016428703703703647
0 0.23468802083333332 0.8109800925925926 0.04290625 0.058675000000000026
0 0.19376197916666668 0.6507958333333334 0.03102500000000002 0.05984907407407403
0 0.28683593749999997 0.5522208333333334 0.029704166666666688 0.04811388888888886
0 0.6132552083333334 0.7716675925925925 0.06072916666666662 0.08566666666666665
4 0.6337187499999999 0.7880967592592593 0.009239583333333337 0.01760277777777775
0 0.8083151041666667 0.6120699074074074 0.046869791666666674 0.09036018518518524
0 0.931421875 0.9013388888888889 0.05544791666666669 0.08448888888888893
