3 0.6314088541666667 0.14501296296296298 0.015182291666666714 0.022296296296296283
3 0.6158958333333333 0.1461865740740741 0.007916666666666572 0.012908333333333336
3 0.6102838541666666 0.16848333333333332 0.009901041666666662 0.015255555555555555
3 0.6083046875000001 0.19547407407407408 0.01122395833333331 0.017601851851851844
3 0.5782682291666668 0.23302638888888888 0.01320312500000007 0.02229722222222224
3 0.49179687499999997 0.17141712962962963 0.011882291666666708 0.023469444444444452
3 0.4508705729166666 0.1432527777777778 0.011881770833333328 0.018775925925925918
3 0.4115947916666666 0.14794675925925926 0.009901041666666721 0.014082407407407412
3 0.39146171874999997 0.19899444444444445 0.010561979166666664 0.01995000000000002
3 0.4188559895833333 0.1960611111111111 0.009901562499999983 0.018775925925925918
4 0.07164348958333333 0.6948027777777778 0.009901562499999997 0.023470370370370437
1 0.08550546875000001 0.687175 0.03762552083333333 0.06689074074074071
4 0.9241640624999999 0.44836574074074076 0.013203124999999953 0.011735185185185166
4 0.9957838541666667 0.41844120370370375 0.01122395833333331 0.01056203703703702
4 0.9967734375 0.4395643518518519 0.006598958333333371 0.029337962962962965
4 0.9835703124999999 0.43487037037037035 0.011880208333333305 0.03403148148148145
2 0.9938020833333333 0.4507125 0.05479166666666669 0.07745092592592587
1 0.9297734375 0.4512990740740741 0.024421874999999933 0.045766666666666615
4 0.2954174479166667 0.4565800925925926 0.009901562499999983 0.009387962962962973
4 0.30036796875 0.46538148148148145 0.010561979166666664 0.010561111111111117
4 0.2825450520833333 0.46479444444444445 0.011881770833333328 0.011735185185185166
4 0.467703125 0.5768648148148149 0.012541666666666628 0.012909259259259266
4 0.15250546874999998 0.4665550925925926 0.011881770833333328 0.010562037037037073
4 0.16801822916666667 0.46890185185185185 0.008581249999999999 0.012909259259259266
4 0.17857968750000003 0.6719194444444445 0.012541666666666658 0.015255555555555555
4 0.1630671875 0.6654652777777778 0.007920833333333318 0.014082407407407464
4 0.914921875 0.5322717592592592 0.009239583333333337 0.012908333333333258
4 0.9264713541666666 0.5457666666666667 0.01122395833333331 0.011735185185185166
4 0.9086510416666668 0.5416597222222223 0.0072604166666665765 0.012908333333333258
4 0.923171875 0.6619444444444446 0.012541666666666628 0.016429629629629655
4 0.9165703125 0.6449287037037037 0.008578125000000015 0.010561111111111065
4 0.8287786458333334 0.8139143518518519 0.019140625 0.01760277777777775
4 0.8046848958333332 0.7968981481481483 0.011880208333333423 0.02112407407407404
4 0.7984114583333334 0.8092199074074075 0.012541666666666628 0.019949074074074143
0 0.9228411458333333 0.5334449074074075 0.03696354166666668 0.05280833333333324
0 0.923171875 0.6531430555555556 0.0336666666666666 0.05515462962962964
0 0.8205260416666665 0.7974847222222222 0.06468750000000002 0.08331944444444435
0 0.4673731770833333 0.5569152777777777 0.04488697916666666 0.1020953703703704
0 0.28914609375 0.4466055555555556 0.04224635416666664 0.069237037037037
0 0.16108697916666664 0.45834027777777786 0.034324999999999994 0.048113888888888914
0 0.17527916666666665 0.6554898148148148 0.03630520833333334 0.06219629629629632
