4 0.5030187500000001 0.371500462962963 0.019803125000000026 0.0176027777777778
1 0.49872812499999997 0.37736851851851855 0.03234479166666671 0.08097222222222221
4 0.6990677083333333 0.3057842592592593 0.02112499999999997 0.015255555555555555
4 0.7175520833333332 0.3392291666666667 0.010562499999999985 0.058675000000000026
4 0.6984088541666666 0.3380555555555556 0.006598958333333371 0.04694074074074071
4 0.6779453125 0.33570833333333333 0.013203124999999953 0.05867592592592593
2 0.6967578125 0.3574185185185185 0.07854687500000009 0.12321851851851855
4 0.5350338541666666 0.5516347222222222 0.01122395833333331 0.021123148148148137
4 0.49971796874999996 0.5498740740740741 0.014522395833333293 0.01994999999999994
4 0.25020052083333333 0.6654648148148148 0.017162499999999997 0.018775925925925946
4 0.2310575520833333 0.6484490740740741 0.015842187499999986 0.017601851851851844
4 0.22082604166666667 0.6660518518518519 0.011221874999999996 0.019950000000000048
4 0.39377213541666667 0.696562962962963 0.012542187500000008 0.026990740740740825
4 0.3561463541666666 0.7194467592592594 0.02574375 0.021123148148148137
0 0.24161901041666667 0.6525564814814815 0.05940885416666669 0.09153333333333333
0 0.3663778645833333 0.6742662037037037 0.08185260416666669 0.14199537037037038
0 0.5112690104166666 0.5381388888888889 0.0811911458333333 0.1302592592592592
