3 0.6759635416666666 0.11156805555555557 0.009239583333333337 0.016428703703703713
3 0.6485703125000001 0.08575078703703704 0.01122395833333331 0.018776203703703705
3 0.6353697916666667 0.05993356481481482 0.008583333333333342 0.01408212962962963
3 0.5759583333333333 0.12095601851851852 0.016500000000000032 0.02816388888888889
3 0.5485651041666666 0.14325277777777778 0.014526041666666718 0.023470370370370384
3 0.5376744791666667 0.14383935185185184 0.008578125000000015 0.017602777777777773
3 0.5149005208333334 0.039397129629629636 0.010561458333333343 0.01760259259259259
3 0.5221617187500001 0.2265722222222222 0.010561979166666725 0.028164814814814795
4 0.9485859374999999 0.4031856481481482 0.01320312500000007 0.01290833333333331
1 0.9482552083333333 0.40494583333333334 0.019145833333333327 0.04459351851851852
4 0.45813177083333334 0.41609398148148147 0.006601041666666714 0.01290833333333331
4 0.4449299479166666 0.4172675925925926 0.014522395833333352 0.012909259259259266
4 0.37297890625 0.6320199074074074 0.005280729166666671 0.015256481481481565
4 0.350865625 0.6466888888888889 0.011221874999999966 0.016429629629629655
4 0.7984140624999999 0.8420782407407408 0.01122395833333331 0.017602777777777853
4 0.7736588541666668 0.8391444444444445 0.01583854166666671 0.018775925925925946
4 0.7690390625 0.815087962962963 0.011880208333333305 0.015255555555555555
4 0.8370286458333334 0.6519694444444444 0.0145260416666666 0.015255555555555555
4 0.8522109374999999 0.666638425925926 0.010557291666666776 0.01877685185185185
4 0.8327395833333334 0.6648782407407408 0.012541666666666748 0.012908333333333362
4 0.23897890624999998 0.6015087962962963 0.011881770833333328 0.012908333333333362
4 0.21455520833333333 0.5944675925925927 0.006601041666666685 0.015255555555555555
4 0.8155755208333333 0.735875462962963 0.019140625 0.016428703703703647
4 0.7961041666666666 0.7176865740740741 0.009239583333333337 0.01760277777777775
4 0.789171875 0.7247273148148149 0.008583333333333342 0.01760277777777775
0 0.8429687499999999 0.656663425925926 0.04488541666666658 0.05984907407407403
0 0.8109557291666667 0.7200333333333333 0.054786458333333364 0.07627777777777778
0 0.78125 0.8274097222222222 0.05214583333333327 0.07510462962962958
0 0.4442697916666667 0.39966481481481486 0.034324999999999994 0.06219629629629627
0 0.35350598958333335 0.6308462962962963 0.04818697916666667 0.1044425925925926
0 0.23501822916666668 0.5856662037037037 0.0514875 0.09388055555555563
0 0.21818567708333336 0.5833189814814815 0.03366510416666667 0.05163425925925925
