4 0.4904765625 0.35917870370370375 0.023763541666666655 0.018775925925925946
4 0.48816640624999996 0.44191111111111114 0.023103645833333294 0.019949999999999992
4 0.5422942708333333 0.44601851851851854 0.007265625000000024 0.07041111111111109
4 0.5082994791666666 0.40494583333333334 0.009241666666666681 0.04928796296296296
4 0.48915651041666663 0.3996652777777778 0.00924114583333336 0.059849074074074075
4 0.4710036458333333 0.4031851851851852 0.008581249999999999 0.05046111111111116
4 0.4353583333333333 0.4301763888888889 0.005940625000000033 0.048113888888888914
2 0.48981640625 0.4237217592592593 0.11485677083333339 0.1572509259259259
4 0.19937265624999997 0.4565800925925926 0.025083854166666666 0.021123148148148137
1 0.19475208333333333 0.46420787037037037 0.04356666666666665 0.09974907407407402
4 0.493446875 0.5475273148148149 0.015182291666666714 0.02229722222222224
4 0.47331406249999997 0.5363787037037037 0.009241666666666681 0.01642962962962955
4 0.6274479166666667 0.48063703703703703 0.007260416666666695 0.019949999999999992
4 0.5931223958333334 0.4906115740740741 0.01650520833333336 0.021123148148148245
0 0.5957630208333333 0.4741828703703703 0.07591145833333333 0.13612685185185186
0 0.4904765625 0.5269907407407407 0.04752708333333331 0.08683888888888895
0 0.6320677083333334 0.4559935185185185 0.05742708333333333 0.11617777777777771
