4 0.6228255208333333 0.38147546296296303 0.020463541666666647 0.0164287037037037
1 0.6188645833333334 0.38675601851851854 0.03234374999999995 0.0668898148148148
4 0.7805911458333332 0.32925416666666674 0.019140625 0.01290833333333331
4 0.7977526041666666 0.3580055555555555 0.01122395833333331 0.05398148148148149
4 0.7789401041666667 0.3609388888888889 0.006598958333333371 0.04342037037037038
4 0.7617786458333333 0.3574185185185185 0.013203124999999953 0.05280740740740745
2 0.7769609375 0.3767814814814815 0.07789062499999998 0.11500370370370372
4 0.48420572916666665 0.5833194444444445 0.015182291666666655 0.018775925925925946
4 0.39806276041666666 0.647862037037037 0.02112343750000001 0.023470370370370332
4 0.359446875 0.6537300925925925 0.016502083333333317 0.021123148148148137
4 0.33106276041666666 0.5610226851851852 0.01650260416666664 0.014082407407407464
4 0.33865390625 0.5756916666666667 0.011881770833333328 0.015255555555555555
4 0.3142299479166667 0.5721708333333334 0.011881770833333328 0.017602777777777853
4 0.6690338541666667 0.5140819444444444 0.01122395833333331 0.01642870370370375
4 0.6861953125 0.5334449074074075 0.015182291666666596 0.01760277777777775
4 0.6604505208333333 0.5275773148148148 0.009901041666666662 0.01760277777777775
0 0.6805859375 0.5152555555555556 0.05413020833333337 0.07979814814814816
0 0.4828856770833333 0.5627828703703703 0.06138906249999998 0.12087129629629635
0 0.32314140624999993 0.5639564814814816 0.04950781249999997 0.07627777777777778
0 0.37991015625 0.617350925925926 0.07723177083333338 0.13143333333333332
