4 0.20201302083333333 0.5129083333333334 0.02640416666666668 0.023470370370370332
1 0.20927421875000002 0.4994134259259259 0.04884739583333332 0.09036018518518514
4 0.6198567708333333 0.5463537037037037 0.013203124999999953 0.019950000000000048
4 0.5957630208333333 0.35800509259259256 0.008578124999999895 0.014082407407407412
4 0.5809088541666666 0.3738472222222222 0.018484375000000004 0.015255555555555555
4 0.48750625 0.41140000000000004 0.015182291666666655 0.010561111111111117
4 0.48750625 0.4301759259259259 0.011221874999999966 0.015255555555555555
4 0.40730416666666663 0.509387962962963 0.009241666666666622 0.018775925925925946
4 0.38023984375000003 0.5199495370370371 0.011881770833333328 0.014082407407407358
4 0.45120078124999996 0.7470236111111112 0.0178223958333333 0.024643518518518526
4 0.4261169270833333 0.7059509259259259 0.01650260416666664 0.022296296296296335
4 0.37726953124999996 0.6983236111111111 0.013861979166666672 0.021123148148148137
0 0.5805807291666666 0.34274953703703703 0.05874479166666665 0.10561574074074075
0 0.48816640624999996 0.4143337962962963 0.040266145833333294 0.07979907407407406
0 0.3927817708333334 0.4976532407407408 0.05412812500000002 0.08683981481481486
0 0.6215078125 0.5234703703703704 0.06534895833333335 0.14551481481481487
0 0.4053239583333333 0.6772 0.10165520833333333 0.16663888888888892
0 0.4488903645833333 0.7499578703703704 0.050167187500000016 0.07510462962962958
