4 0.7990729166666667 0.7288347222222222 0.01121874999999998 0.0328583333333333
4 0.7878515625 0.7100583333333335 0.015182291666666714 0.028164814814814823
4 0.7555052083333333 0.7264875000000001 0.027062500000000017 0.025817592592592628
4 0.7535286458333333 0.6408212962962964 0.015182291666666596 0.025816666666666724
4 0.7324010416666666 0.6625314814814816 0.01782291666666668 0.019950000000000048
4 0.5099497395833333 0.5915337962962963 0.024423437499999957 0.014082407407407464
4 0.5102794270833333 0.6155907407407407 0.018482812499999984 0.01994999999999994
4 0.36802838541666666 0.4078791666666667 0.01650260416666664 0.01760277777777775
4 0.3353533854166667 0.4020115740740741 0.007921354166666639 0.0176027777777778
4 0.05514104166666667 0.7247273148148149 0.032345 0.024643518518518526
4 0.059761718750000005 0.7523046296296297 0.023103645833333332 0.03051111111111111
4 0.027746822916666664 0.7382226851851852 0.013201979166666666 0.023469444444444428
4 0.11454999999999999 0.49882638888888886 0.02970416666666667 0.01877685185185185
1 0.11983072916666666 0.4841578703703704 0.04422708333333335 0.09036018518518514
4 0.6300885416666666 0.23830740740740744 0.008583333333333342 0.018775925925925946
4 0.6079739583333333 0.23889351851851853 0.018479166666666675 0.015255555555555555
4 0.48684609375 0.5528078703703704 0.01782239583333336 0.021123148148148137
0 0.7376822916666667 0.6390606481481482 0.06403124999999991 0.09036018518518524
0 0.6089661458333333 0.21190277777777777 0.054786458333333364 0.09270740740740738
0 0.7621067708333332 0.7018435185185186 0.09175520833333325 0.13143333333333332
0 0.3597770833333333 0.38968981481481485 0.07129062500000002 0.13143333333333332
0 0.052500624999999995 0.7223800925925926 0.06799041666666668 0.11383055555555557
0 0.4848645833333334 0.5293375 0.07722916666666671 0.14082129629629625
0 0.5102802083333333 0.5932939814814815 0.05016875000000003 0.09505462962962963
