3 0.020815781250000002 0.44249768518518523 0.025743854166666667 0.014082407407407412
4 0.2482200520833333 0.49589259259259266 0.015842187499999986 0.015255555555555555
1 0.25911171875 0.48767824074074073 0.042906770833333316 0.0833194444444444
4 0.050850182291666664 0.4800500000000001 0.019802760416666666 0.07275740740740744
4 0.020155677083333334 0.4812240740740741 0.009901458333333335 0.06102222222222222
2 0.03203736979166667 0.5117351851851852 0.10099505208333334 0.16663888888888886
4 0.5825598958333332 0.5621958333333333 0.008578125000000015 0.01642870370370375
4 0.6191953125 0.5698236111111111 0.013203124999999953 0.01760277777777775
4 0.43766875 0.5569152777777777 0.010561458333333343 0.017602777777777853
4 0.4145653645833333 0.5663037037037036 0.015842187500000014 0.015255555555555555
4 0.3455848958333333 0.5645430555555556 0.012541666666666687 0.016428703703703647
4 0.31059947916666675 0.5557421296296297 0.008581249999999999 0.01760277777777775
4 0.43502838541666666 0.6120703703703705 0.018482812500000043 0.015255555555555555
4 0.4452598958333333 0.6290861111111111 0.011221875000000025 0.011735185185185166
4 0.41489531249999995 0.618524537037037 0.008581249999999999 0.021123148148148137
0 0.6353671875 0.5123217592592593 0.04158854166666662 0.07393055555555558
0 0.42347656250000004 0.5445935185185186 0.049507291666666654 0.08214629629629626
0 0.6076432291666667 0.5498740740740741 0.07723437499999998 0.14199444444444448
0 0.43139765625 0.6120703703703705 0.04686718749999995 0.08097222222222217
0 0.3366734375 0.5457671296296296 0.07657187500000001 0.1337805555555555
