3 0.6914765625000001 0.10804768518518518 0.009901041666666662 0.016428703703703713
3 0.6555 0.08575097222222224 0.010562499999999985 0.016429537037037048
3 0.6409791666666665 0.048785231481481485 0.0066041666666667 0.015255648148148145
3 0.558796875 0.10041944444444445 0.013864583333333395 0.022296296296296297
3 0.5660572916666666 0.1409060185185185 0.01121874999999998 0.025817592592592604
3 0.5515364583333333 0.1391458333333333 0.01121874999999998 0.017602777777777773
3 0.5238114583333333 0.03998388888888889 0.011220833333333324 0.01877611111111111
3 0.51786953125 0.21131620370370371 0.01121927083333336 0.025817592592592604
4 0.9670703125000001 0.4155069444444444 0.01320312500000007 0.014082407407407412
1 0.9726796875 0.4219615740740741 0.0257447916666667 0.04811388888888886
4 0.44360963541666665 0.42313518518518517 0.01320156249999999 0.010561111111111117
4 0.45714166666666667 0.42313518518518517 0.007261458333333337 0.012909259259259266
4 0.3693484375 0.579212037037037 0.011221875000000025 0.015255555555555555
4 0.8772968749999999 0.8585074074074074 0.010562499999999985 0.02229629629629623
4 0.8898359375 0.8860851851851852 0.01716145833333336 0.018775925925925946
4 0.9030390625 0.6284995370370371 0.0145260416666666 0.01760277777777775
4 0.9165729166666666 0.6425814814814815 0.012541666666666628 0.015255555555555555
4 0.8980885416666666 0.6396476851851852 0.012541666666666628 0.014082407407407358
4 0.259771875 0.6114837962962962 0.009901041666666662 0.014082407407407358
4 0.2310575520833333 0.6108967592592592 0.00924114583333333 0.01525648148148146
4 0.8330677083333333 0.7440902777777779 0.019802083333333324 0.014082407407407358
4 0.8142578125 0.7247273148148149 0.00990104166666678 0.019949074074074036
4 0.8066640625 0.7329416666666667 0.009244791666666667 0.02229629629629623
0 0.907 0.6349537037037037 0.040927083333333295 0.058675925925925826
0 0.8888463541666667 0.8696560185185185 0.05082812500000008 0.07510462962962958
0 0.8294374999999999 0.7305949074074074 0.05742708333333333 0.08566574074074075
0 0.44360937500000003 0.4061194444444445 0.03696562499999997 0.06571666666666666
0 0.37363906249999995 0.5674768518518519 0.04356666666666668 0.09505370370370361
0 0.24921015624999998 0.597988425925926 0.06006927083333332 0.09505462962962963
0 0.22544661458333334 0.5938810185185185 0.03762552083333333 0.05163425925925925
