3 0.4597833333333333 0.09689921495370371 0.12212083333333332 0.1936293478703704
4 0.8776276041666667 0.41668055555555555 0.015182291666666596 0.016429629629629655
1 0.8868671874999999 0.4260685185185185 0.03366145833333327 0.06571666666666671
4 0.7073177083333333 0.4624476851851852 0.012541666666666628 0.011734259259259208
4 0.6934583333333334 0.47183564814814816 0.008583333333333342 0.014082407407407412
4 0.7432942708333333 0.5668902777777779 0.009244791666666667 0.01642870370370375
4 0.7159010416666667 0.5663032407407408 0.013864583333333276 0.017602777777777853
4 0.1828703125 0.44895231481481485 0.01320208333333334 0.01290833333333331
4 0.21191458333333332 0.6038560185185186 0.014521875000000002 0.01760277777777775
4 0.19211145833333332 0.5997486111111111 0.010561458333333343 0.01642870370370375
4 0.4673731770833333 0.5803851851851852 0.01320156249999999 0.015255555555555555
4 0.055471067708333335 0.6983231481481481 0.025083906250000003 0.011735185185185166
4 0.054150703125000005 0.7147523148148148 0.026403802083333334 0.01877685185185185
0 0.056791328125 0.6754398148148149 0.062049635416666665 0.10913703703703699
0 0.20366328125 0.5915337962962964 0.04818697916666667 0.0704101851851852
0 0.18452057291666665 0.4389777777777778 0.03630572916666666 0.05398148148148144
0 0.466053125 0.559849074074074 0.054128124999999964 0.12204444444444455
0 0.7036874999999999 0.4653814814814815 0.040927083333333295 0.05280740740740745
4 0.7106197916666666 0.47535601851851855 0.0112187500000001 0.014082407407407464
0 0.7218411458333333 0.5539814814814814 0.06139062499999994 0.1032685185185186
