4 0.9971015624999999 0.3738476851851852 0.009901041666666662 0.024643518518518526
2 1.0096458333333334 0.3767814814814815 0.058750000000000094 0.09153333333333333
4 0.8716848958333333 0.3726740740740741 0.013859375000000066 0.010561111111111065
1 0.8690442708333334 0.3750212962962963 0.02442187500000005 0.04342037037037038
4 0.8406588541666666 0.48709166666666665 0.009901041666666662 0.011735185185185166
4 0.8165677083333333 0.4865046296296296 0.010562499999999985 0.01056111111111117
4 0.8875286458333332 0.5956412037037038 0.009901041666666662 0.01760277777777775
4 0.8799375 0.6050291666666667 0.010562499999999985 0.01760277777777775
4 0.9050182291666666 0.6120703703703705 0.017161458333333237 0.015255555555555555
4 0.6380104166666667 0.38675601851851854 0.008583333333333342 0.01056203703703702
4 0.63371875 0.3955578703703704 0.006604166666666581 0.009387962962962973
4 0.6465885416666667 0.39731805555555555 0.007260416666666695 0.010562037037037073
4 0.20564348958333334 0.5668902777777779 0.013861979166666642 0.01642870370370375
4 0.21224479166666665 0.5774513888888889 0.008581249999999999 0.014082407407407358
4 0.192771875 0.5797986111111111 0.010561458333333343 0.016428703703703647
4 0.0069536922656249995 0.7716675925925927 0.013862094635416666 0.01994999999999994
4 0.017185234374999997 0.7787087962962963 0.009241406250000002 0.024643518518518526
0 -0.002947786458333335 0.7775351851851853 0.05082765625 0.08331851851851856
0 0.20003307291666664 0.5715842592592593 0.042246354166666666 0.05867592592592593
0 0.6429609374999999 0.3879296296296296 0.02904687499999999 0.038725925925925886
0 0.8287786458333334 0.47711666666666674 0.05082812499999995 0.07627777777777778
0 0.9000677083333334 0.5956412037037038 0.05479166666666669 0.07158425925925929
3 0.400703125 0.059933425925925925 0.034324999999999994 0.08449240740740742
3 0.51886171875 0.12095597222222224 0.06865156249999996 0.12439175925925926
