1 0.39542239583333333 0.16026851851851853 0.034324999999999994 0.07393148148148149
4 0.39773255208333336 0.1590949074074074 0.024423437499999957 0.017602777777777773
2 0.6261276041666667 0.1373852314814815 0.08515104166666668 0.11969805555555559
3 0.6300885416666666 0.08516421296296296 0.02310416666666673 0.017603055555555563
4 0.6469192708333333 0.11978277777777778 0.011880208333333305 0.05632888888888888
4 0.6102864583333333 0.11508875 0.017822916666666563 0.05398175925925926
0 0.4254567708333333 0.46772824074074076 0.07987187499999997 0.14434166666666667
0 0.32413151041666666 0.607962962962963 0.09901510416666663 0.1642907407407407
4 0.34591484375000003 0.6155907407407407 0.018482812499999984 0.022296296296296335
4 0.29970781250000006 0.6613574074074074 0.02244374999999999 0.02699074074074072
4 0.34921536458333335 0.6496226851851852 0.025083854166666638 0.029337962962962913
4 0.39476223958333334 0.4724226851851852 0.010561979166666664 0.022297222222222187
4 0.4307377604166666 0.4865046296296296 0.0178223958333333 0.02464444444444443
