3 0.04886989583333333 0.41257314814814816 0.023763333333333338 0.015255555555555555
1 0.27627447916666664 0.43839074074074075 0.042906249999999965 0.07862592592592588
4 0.07824453125 0.4507125 0.01782239583333333 0.07510462962962963
4 0.049200026041666664 0.45364675925925924 0.008581197916666665 0.05984907407407403
4 0.0218059375 0.4507125 0.013201979166666666 0.07041018518518524
2 0.05382080989583333 0.479463425925926 0.11287713020833334 0.16077129629629625
4 0.5076393229166667 0.5363787037037037 0.011881770833333328 0.01408148148148156
4 0.35020546874999997 0.6196976851851852 0.01650260416666664 0.021123148148148137
4 0.8700338541666666 0.2870078703703704 0.011880208333333305 0.012908333333333362
4 0.9730078125 0.32573379629629634 0.011880208333333305 0.0176027777777778
4 0.9924817708333333 0.3351217592592593 0.015182291666666714 0.015256481481481511
4 0.36241744791666664 0.6067893518518519 0.007921354166666698 0.016428703703703647
4 0.3980627604166667 0.6232185185185186 0.015842187500000014 0.016429629629629655
4 0.4960875 0.6003351851851851 0.015182291666666655 0.02464444444444443
0 0.39377213541666667 0.5985750000000001 0.07723177083333331 0.14551481481481476
0 0.8726744791666666 0.272925462962963 0.031682291666666744 0.0668898148148148
0 0.990171875 0.3186925925925926 0.05016666666666663 0.07862592592592593
0 0.4993888020833333 0.5797986111111111 0.052149479166666644 0.08918611111111104
0 0.5059898437499999 0.5140819444444444 0.07459322916666664 0.13612685185185186
0 0.3591166666666667 0.5709972222222222 0.07129062499999997 0.15138333333333337
