3 0.4845356770833334 0.12623657407407407 0.015842187500000014 0.029337962962962965
3 0.631078125 0.09631226851851853 0.01584375000000004 0.023469907407407405
3 0.6287682291666667 0.1837388888888889 0.013859374999999948 0.02464444444444446
3 0.5894921875 0.09513902777777777 0.006598958333333371 0.016429351851851855
3 0.5690286458333332 0.12095601851851852 0.014526041666666718 0.025817592592592604
3 0.3964125 0.15498750000000003 0.013862499999999993 0.021123148148148165
4 0.8858750000000001 0.4237217592592593 0.01584374999999992 0.014082407407407412
1 0.88290625 0.4260685185185185 0.02442708333333338 0.05398148148148144
4 0.46935364583333333 0.5686500000000001 0.01320208333333331 0.015255555555555555
4 0.13996380208333334 0.6742662037037037 0.010561979166666664 0.01760277777777775
4 0.11818046874999999 0.6836546296296296 0.011881770833333328 0.015255555555555555
4 0.7914817708333333 0.5369652777777778 0.010557291666666658 0.01760277777777775
4 0.8159062499999999 0.5416592592592593 0.009239583333333337 0.015255555555555555
0 0.8010546875000001 0.5322712962962963 0.05610937500000001 0.08801296296296295
0 0.4710036458333333 0.5504611111111112 0.056108333333333364 0.11500370370370377
0 0.13105234375 0.6660513888888888 0.05082760416666668 0.07158425925925929
