4 0.3736388020833334 0.28994166666666665 0.018482812499999984 0.023470370370370332
1 0.38453072916666664 0.2981564814814815 0.04686666666666669 0.08918703703703704
4 0.7825703124999999 0.23713333333333333 0.02442187500000005 0.018775925925925918
4 0.7591380208333334 0.27057870370370374 0.01716145833333336 0.06219629629629627
4 0.8033619791666666 0.27351250000000005 0.01320312500000007 0.06336944444444446
4 0.7809192708333333 0.27409907407407413 0.00792187500000002 0.05280740740740739
2 0.7786093749999999 0.293462037037037 0.09307291666666669 0.14316851851851853
4 0.32743203125 0.6179375 0.011881770833333328 0.024643518518518422
4 0.2894763020833333 0.6431680555555556 0.027064062499999982 0.021123148148148137
4 0.6267864583333332 0.6543166666666668 0.013864583333333395 0.022296296296296335
4 0.5795885416666666 0.647275462962963 0.01584375000000004 0.022297222222222135
4 0.4792549479166666 0.34861712962962965 0.014522395833333352 0.01877685185185185
4 0.45549140625 0.3492037037037037 0.010561979166666664 0.022296296296296283
4 0.46473281250000004 0.3351217592592593 0.014521874999999972 0.015256481481481511
4 0.47067369791666663 0.5416597222222223 0.01716302083333332 0.02229722222222224
4 0.43073750000000005 0.5281643518518518 0.008581249999999999 0.021123148148148137
4 0.5413046875 0.6519694444444444 0.010557291666666658 0.022296296296296335
4 0.7904921874999999 0.5041069444444445 0.01122395833333331 0.024643518518518526
4 0.821515625 0.5123217592592593 0.01782291666666668 0.019949074074074143
0 0.45978203125 0.5187763888888889 0.0864734375 0.14551574074074072
0 0.29739765625000003 0.589187037037037 0.08383281249999996 0.15724999999999995
0 0.47298411458333334 0.3404023148148148 0.04950781250000003 0.06806388888888891
0 0.555828125 0.6378875 0.05544791666666669 0.09740092592592592
0 0.8083125 0.49061203703703704 0.07327083333333337 0.10092222222222226
0 0.6033541666666666 0.6284990740740741 0.09637499999999997 0.1772
