4 0.05580114583333332 0.5334449074074075 0.03762583333333333 0.024643518518518526
1 0.06504249999999999 0.5140824074074075 0.06006916666666667 0.11500370370370372
4 0.7297630208333333 0.5551546296296297 0.020463541666666647 0.023470370370370332
4 0.6927994791666667 0.5322717592592592 0.009901041666666662 0.024643518518518422
4 0.6198567708333333 0.5398995370370371 0.011880208333333305 0.021123148148148245
4 0.6386692708333332 0.5704106481481481 0.031026041666666632 0.023469444444444428
4 0.44625 0.5727578703703704 0.015842708333333337 0.025817592592592628
4 0.39245182291666664 0.5733444444444444 0.019143229166666664 0.02464444444444443
0 0.7264635416666666 0.5258171296296297 0.0825104166666667 0.18306759259259262
0 0.6449401041666666 0.5211231481481482 0.09241145833333336 0.1642907407407407
0 0.41720572916666665 0.5445935185185184 0.11749791666666666 0.1854148148148148
