3 0.34591484375000003 0.19019305555555557 0.010561979166666664 0.0164287037037037
3 0.33700364583333337 0.1544009259259259 0.011221875000000025 0.01995000000000002
3 0.3908015625 0.18843287037037038 0.010561458333333284 0.017602777777777773
3 0.411925 0.16378935185185184 0.01320208333333337 0.024643518518518502
3 0.5498854166666667 0.15968194444444445 0.013197916666666741 0.025817592592592604
3 0.628765625 0.20838287037037037 0.012541666666666628 0.017602777777777773
3 0.5795911458333334 0.13445138888888888 0.00792187500000002 0.017602777777777773
3 0.6043437500000001 0.13738564814814816 0.013864583333333395 0.021123148148148137
4 0.8829036458333333 0.44660509259259257 0.015182291666666714 0.01290833333333331
1 0.8815859375 0.44601851851851854 0.023098958333333287 0.04928703703703705
3 0.9954531249999999 0.42430879629629636 0.017166666666666684 0.01290833333333331
4 0.9957838541666666 0.4442583333333333 0.005942708333333257 0.03168518518518516
4 0.9812604166666666 0.44132453703703706 0.01121874999999998 0.037552777777777796
2 0.9921536458333333 0.4477791666666667 0.05808854166666665 0.09036018518518514
4 0.21917578125 0.5839060185185185 0.00924114583333333 0.01525648148148146
4 0.19409192708333337 0.5856662037037037 0.00924114583333333 0.014082407407407464
4 0.13369296875 0.696562962962963 0.007260937500000001 0.017601851851851844
4 0.10761901041666666 0.6848277777777778 0.007921354166666669 0.015255555555555555
4 0.11455 0.7000833333333333 0.011221874999999996 0.015255555555555555
4 0.7947838541666667 0.5569152777777777 0.006598958333333253 0.012908333333333258
4 0.7713489583333333 0.5604356481481482 0.008583333333333342 0.012908333333333362
0 0.11818046874999999 0.6895217592592594 0.047527604166666675 0.06454351851851851
0 0.20201328124999998 0.5762782407407407 0.0554484375 0.09388055555555563
0 0.7789401041666667 0.5498740740740741 0.047526041666666664 0.08801296296296295
