4 0.3825502604166666 0.3480305555555556 0.03102447916666667 0.022296296296296283
4 0.44988072916666666 0.46772870370370373 0.008581249999999999 0.07627777777777778
4 0.40763437499999994 0.40905277777777777 0.015182291666666655 0.06219629629629632
4 0.38420052083333334 0.3990782407407408 0.017162499999999997 0.07510462962962963
4 0.35878671875 0.40377222222222225 0.01254218749999995 0.06102222222222222
4 0.31191953125 0.4606875 0.009901562499999983 0.07862500000000003
2 0.37957994791666666 0.4301759259259259 0.15710364583333333 0.2053648148148148
1 0.660453125 0.43134999999999996 0.04951041666666664 0.11148333333333332
4 0.4323880208333333 0.6906953703703704 0.023763541666666714 0.02699074074074072
4 0.5647369791666667 0.6261527777777778 0.031026041666666632 0.026990740740740825
4 0.5297526041666667 0.597987962962963 0.020463541666666647 0.03168518518518521
4 0.51853046875 0.6238055555555556 0.016501562499999997 0.0340314814814815
4 0.7063281250000001 0.7388092592592592 0.01584374999999992 0.02699074074074072
4 0.6406510416666668 0.7464370370370371 0.01782291666666668 0.028164814814814823
4 0.8076536458333333 0.7839893518518518 0.015182291666666714 0.02816388888888892
4 0.7769583333333333 0.7634532407407408 0.03564583333333336 0.02229722222222224
4 0.3498755208333333 0.6578375000000001 0.021122916666666686 0.02933796296296302
4 0.3063088541666667 0.6525564814814815 0.03432500000000006 0.023470370370370332
4 0.29871770833333333 0.6824810185185186 0.03234479166666671 0.02933796296296302
0 0.3247916666666667 0.6378875 0.10957604166666665 0.15138240740740735
0 0.5541776041666666 0.5639560185185185 0.11551979166666672 0.21005833333333335
0 0.43997916666666664 0.6678120370370372 0.08251249999999999 0.12673888888888893
0 0.7865312499999999 0.7628662037037038 0.09175000000000004 0.15490277777777775
0 0.6640807291666666 0.7141657407407408 0.12938020833333339 0.2382222222222222
4 0.38453072916666664 0.4595138888888889 0.024423958333333336 0.022296296296296283
