4 0.7482447916666667 0.4495393518518519 0.012541666666666748 0.014082407407407412
1 0.7525364583333333 0.45012546296296296 0.026406250000000023 0.04811388888888886
4 0.9475963541666667 0.4424981481481482 0.015182291666666714 0.011735185185185218
4 0.9456145833333333 0.460100462962963 0.007260416666666695 0.028163888888888867
4 0.9578255208333334 0.4624476851851852 0.00792187500000002 0.03520462962962959
4 0.9334036458333334 0.45775324074074075 0.013203124999999953 0.0328583333333333
2 0.9419843750000001 0.4712490740740741 0.05148958333333328 0.07862592592592597
4 0.2043234375 0.6613578703703703 0.012541666666666658 0.017602777777777853
4 0.20927421875000002 0.6719194444444445 0.011881770833333357 0.02229629629629623
4 0.18815104166666666 0.6772 0.017162499999999997 0.016429629629629655
4 0.34921536458333335 0.6672250000000001 0.011881770833333328 0.015255555555555555
4 0.3264419270833333 0.6719194444444445 0.012542187500000008 0.015255555555555555
4 0.41258489583333335 0.47887685185185175 0.010561458333333343 0.009388888888888877
4 0.411925 0.4882648148148149 0.010561458333333343 0.011735185185185166
4 0.22115598958333335 0.4947189814814815 0.011881770833333328 0.012908333333333362
4 0.7733307291666667 0.5692370370370371 0.009901041666666662 0.014081481481481454
4 0.7541875 0.558675462962963 0.007260416666666695 0.016428703703703647
4 0.6799244791666667 0.8215416666666667 0.009244791666666667 0.01642962962962955
4 0.8934661458333333 0.5698240740740742 0.01122395833333331 0.015255555555555555
4 0.8832343749999999 0.558675462962963 0.010562499999999985 0.014082407407407464
4 0.8769635416666667 0.5651296296296295 0.007260416666666695 0.015255555555555555
0 0.19244166666666668 0.6502092592592593 0.05478854166666664 0.08918703703703694
0 0.3333729166666667 0.6584236111111111 0.054128124999999964 0.09857500000000001
0 0.22742682291666666 0.490025 0.03366510416666667 0.0504611111111111
0 0.6693619791666666 0.8133273148148149 0.047526041666666664 0.0657157407407407
4 0.6591328124999999 0.8197814814814816 0.008578125000000015 0.015255555555555555
0 0.8888463541666667 0.558675925925926 0.036307291666666686 0.05398148148148144
0 0.7680494791666668 0.5557416666666667 0.04554687500000002 0.07393148148148149
0 0.411925 0.48181064814814817 0.023763541666666655 0.04107314814814813
