4 0.6307499999999999 0.16320231481481481 0.02310416666666673 0.014082407407407412
4 0.7928020833333334 0.1021800925925926 0.02244791666666662 0.0164287037037037
4 0.8129348958333333 0.1373851851851852 0.01122395833333331 0.06102222222222222
4 0.7898333333333334 0.1373851851851852 0.007260416666666695 0.04694074074074073
4 0.7690390624999999 0.1344513888888889 0.01583854166666671 0.06454351851851853
2 0.7858697916666666 0.15557467592592591 0.09307291666666669 0.13730064814814816
1 0.6290989583333333 0.17259074074074074 0.03960416666666677 0.08918703703703704
4 0.3894815104166666 0.7305949074074074 0.015842187500000014 0.024643518518518526
4 0.35449609374999996 0.7376356481481482 0.019802604166666703 0.024643518518518422
4 0.6683723958333334 0.5029337962962963 0.015182291666666596 0.019949074074074143
4 0.6251354166666666 0.5035208333333333 0.01584375000000004 0.021123148148148137
4 0.5802499999999999 0.5481138888888889 0.010562499999999985 0.018775925925925946
4 0.5947708333333334 0.5756916666666667 0.019802083333333324 0.01994999999999994
0 0.5957630208333333 0.5557416666666667 0.05874479166666665 0.09505370370370372
0 0.3733091145833333 0.7129921296296297 0.07723177083333331 0.11617685185185186
0 0.6502213541666666 0.48357083333333334 0.08977604166666661 0.16429166666666672
