3 0.38849140625 0.06814792592592593 0.09703489583333334 0.14082081481481482
3 0.28749609375 0.06404074074074075 0.033665104166666696 0.08801296296296297
4 0.9053489583333333 0.40670601851851856 0.01782291666666668 0.012908333333333362
1 0.9023776041666667 0.4102263888888889 0.02904687499999999 0.057502777777777785
4 0.4145653645833333 0.450125925925926 0.007921354166666698 0.012909259259259266
4 0.39872291666666665 0.4477787037037037 0.009241666666666622 0.012909259259259266
4 0.40862421875 0.5287509259259259 0.009241145833333301 0.015255555555555555
4 0.38089999999999996 0.5334453703703704 0.01320208333333331 0.015255555555555555
4 0.19607239583333333 0.4278291666666667 0.01320208333333331 0.010562037037037073
4 0.20069296875 0.4389777777777778 0.011881770833333357 0.011735185185185166
4 0.17824947916666667 0.4348703703703704 0.01320208333333334 0.015255555555555555
0 0.6013749999999999 0.5217097222222222 0.06072916666666674 0.10678981481481489
0 0.18749114583333334 0.4149203703703704 0.05412812500000002 0.07627777777777778
0 0.40499375 0.4430847222222222 0.03498541666666668 0.04576759259259257
0 0.3888213541666667 0.5228833333333333 0.06468958333333337 0.09974814814814811
