4 0.5149010416666666 0.30402361111111115 0.02112499999999997 0.014082407407407412
4 0.6769557291666667 0.2447611111111111 0.021786458333333415 0.015255555555555555
4 0.6941171875 0.27527268518518516 0.01122395833333331 0.0528083333333333
4 0.6759661458333334 0.2740990740740741 0.006598958333333371 0.045766666666666664
4 0.6568203125000001 0.2717518518518518 0.011880208333333305 0.0504611111111111
2 0.6710130208333334 0.28994166666666665 0.08251562499999991 0.11969814814814815
1 0.5112687499999999 0.30578379629629626 0.03498333333333334 0.07158425925925924
4 0.7314140625000001 0.9400648148148149 0.02904687499999999 0.028166666666666736
4 0.7215104166666667 0.9664722222222222 0.03036458333333331 0.03168518518518521
4 0.7498958333333334 0.3879296296296296 0.009239583333333337 0.015255555555555555
4 0.7281119791666666 0.38910324074074076 0.014526041666666718 0.015256481481481511
4 0.4274372395833333 0.49061203703703704 0.012542187500000008 0.01642962962962955
4 0.39146171875 0.5005870370370371 0.015842187500000014 0.019950000000000048
0 0.4040033854166667 0.48591759259259254 0.07921197916666665 0.13143333333333332
0 0.735375 0.37619444444444444 0.05016666666666663 0.06219629629629627
0 0.7515442708333333 0.9248092592592594 0.1115572916666667 0.15490000000000004
