3 0.42578671875 0.15616157407407408 0.011881770833333328 0.016428703703703727
3 0.5918020833333333 0.12506342592592593 0.013864583333333276 0.024643518518518526
3 0.6185364583333334 0.15850833333333336 0.014520833333333271 0.01642962962962963
3 0.6663932291666667 0.17141712962962966 0.013859374999999948 0.01877685185185185
3 0.6515390624999999 0.10335361111111112 0.01716145833333336 0.02347055555555556
4 0.7967630208333334 0.3943837962962963 0.011880208333333305 0.014082407407407412
1 0.8030338541666665 0.39790462962962964 0.029703124999999986 0.04694074074074071
4 0.8116145833333333 0.5228833333333333 0.012541666666666628 0.012909259259259162
4 0.9277942708333333 0.6613578703703703 0.015182291666666714 0.012908333333333258
4 0.9050208333333333 0.6502092592592593 0.01584374999999992 0.011735185185185166
4 0.8984166666666666 0.6619444444444444 0.01452083333333339 0.018775925925925946
4 0.7168906249999999 0.4360435185185186 0.010562499999999985 0.010561111111111117
4 0.7079791666666666 0.4260689814814815 0.008583333333333342 0.009387962962962973
4 0.7036874999999999 0.4348699074074074 0.010562499999999985 0.01290833333333331
4 0.18121979166666666 0.6320199074074074 0.008581249999999999 0.015256481481481565
4 0.17098828125 0.6478625 0.011881770833333328 0.016428703703703647
0 0.1716484375 0.6343666666666666 0.03960624999999999 0.06219629629629632
0 0.8149166666666667 0.5129083333333334 0.04686458333333334 0.0844925925925926
0 0.9159114583333333 0.6484490740740741 0.06666666666666667 0.08331851851851856
0 0.7126015625 0.4278291666666667 0.03498437500000004 0.043419444444444476
0 0.08781588541666666 0.4466050925925926 0.048847395833333335 0.08331944444444446
