1 0.19673229166666667 0.42665555555555557 0.044886458333333344 0.09505370370370367
4 0.16570755208333332 0.3820625 0.022443229166666672 0.012908333333333362
4 0.7597968749999999 0.6173513888888889 0.01584375000000004 0.021123148148148137
4 0.740984375 0.589187037037037 0.012541666666666628 0.023470370370370332
4 0.7300937500000001 0.6056157407407408 0.010562499999999985 0.023470370370370437
4 0.703359375 0.6150041666666667 0.027062500000000017 0.01642870370370375
4 0.6799244791666667 0.617350925925926 0.00792187500000002 0.023470370370370332
4 0.7046796875000001 0.6408212962962964 0.016505208333333243 0.018775925925925946
4 0.5462552083333333 0.4243083333333334 0.00990624999999999 0.019949999999999992
4 0.5079692708333333 0.42841574074074074 0.013862499999999993 0.018775925925925894
4 0.5241408854166667 0.5504606481481481 0.014520312500000009 0.021123148148148137
4 0.5554973958333332 0.5674768518518519 0.02442187500000005 0.02229629629629623
4 0.5152291666666666 0.5674768518518519 0.016500000000000032 0.02464444444444443
0 0.7564973958333333 0.5956412037037038 0.06469270833333335 0.09505462962962963
0 0.701046875 0.6120703703703704 0.05544791666666669 0.1044425925925926
0 0.5469148437500001 0.5393129629629629 0.09175364583333334 0.1044425925925926
0 0.5211723958333334 0.4137472222222222 0.08515520833333336 0.14199444444444442
0 0.17164869791666668 0.3738476851851852 0.05280781250000001 0.07393055555555553
0 0.17395911458333332 0.3873430555555556 0.05742864583333332 0.07510462962962963
