1 0.6667239583333334 0.10863425925925925 0.03432291666666659 0.06923703703703704
4 0.6700234375 0.10628703703703703 0.02244270833333329 0.019950000000000006
2 0.8116145833333333 0.10335342592592593 0.08911458333333329 0.12204500000000001
3 0.8195364583333333 0.04995875 0.021781250000000085 0.01525564814814815
4 0.7980833333333333 0.08105689814814815 0.01584375000000004 0.0563287962962963
4 0.8168958333333334 0.0834038425925926 0.00990624999999999 0.04694046296296297
4 0.8363697916666666 0.08399060185185185 0.014520833333333271 0.057502129629629625
0 0.251190625 0.6695722222222221 0.11287708333333335 0.19362962962962965
0 0.45813177083333334 0.755825462962963 0.07393124999999999 0.11735092592592586
0 0.4977372395833333 0.4471921296296297 0.08845260416666664 0.15725092592592596
0 0.6409817708333333 0.48591759259259254 0.0633697916666667 0.1009222222222222
4 0.21752526041666667 0.7206199074074074 0.020463020833333328 0.032858333333333406
4 0.2769346354166667 0.6754398148148149 0.020463020833333328 0.03168518518518521
4 0.27231380208333333 0.7141657407407408 0.03102447916666664 0.03168518518518521
4 0.44261953125000003 0.7464370370370371 0.0178223958333333 0.028164814814814823
4 0.45978203125 0.7740148148148148 0.028383854166666642 0.02699074074074072
4 0.48981640625 0.4665550925925926 0.018482812500000043 0.024643518518518526
4 0.5271114583333333 0.4612740740740741 0.01386041666666659 0.023470370370370384
4 0.6545104166666665 0.4765296296296297 0.012541666666666748 0.023470370370370384
4 0.6479114583333333 0.5046939814814816 0.017822916666666563 0.021123148148148137
4 0.6188645833333334 0.49413240740740744 0.012541666666666628 0.025816666666666724
