4 0.4931171875 0.36387268518518523 0.023763541666666655 0.01877685185185185
4 0.49245703124999995 0.4512990740740741 0.025083854166666638 0.019949999999999992
4 0.5475755208333333 0.46362083333333337 0.007265625000000024 0.05632870370370374
4 0.51258984375 0.41316018518518516 0.007260937500000016 0.05163518518518521
4 0.4934471354166667 0.40963935185185185 0.009901562499999983 0.056328703703703686
4 0.4729838541666666 0.4125736111111111 0.008581249999999999 0.05280833333333335
4 0.4366786458333333 0.4477787037037037 0.005940624999999974 0.0340314814814815
2 0.49245625 0.4325231481481482 0.11881666666666663 0.16311851851851847
4 0.19079140625 0.46714212962962964 0.027724479166666663 0.021123148148148085
1 0.18518072916666667 0.4753564814814815 0.04818750000000002 0.10796296296296294
4 0.4957575520833333 0.5639564814814816 0.018482812499999984 0.022296296296296335
4 0.6376796875 0.4888518518518519 0.009244791666666667 0.01994999999999994
4 0.6010442708333333 0.49706620370370375 0.016505208333333243 0.022297222222222135
0 0.6053333333333333 0.48063703703703703 0.0792083333333333 0.14199444444444442
0 0.4931169270833333 0.540486111111111 0.04488697916666666 0.09505370370370372
0 0.6426302083333333 0.4653814814814815 0.06666666666666667 0.12556481481481482
