3 0.5393231770833333 0.11743560648148149 0.22707239583333336 0.2370491574074074
4 0.813265625 0.41785462962962966 0.01452083333333339 0.011735185185185166
1 0.8172265625 0.42137500000000006 0.027723958333333344 0.04694074074074071
4 0.008603932291666666 0.6730925925925927 0.01980296875 0.015255555555555555
1 0.009264036458333331 0.6619444444444446 0.038285781250000005 0.07041111111111109
4 0.7159010416666667 0.519362962962963 0.01121874999999998 0.012909259259259266
4 0.8994062500000001 0.6948027777777778 0.012541666666666748 0.016429629629629655
4 0.8759765625 0.6889351851851852 0.018484374999999886 0.014081481481481454
4 0.8720130208333332 0.7006703703703704 0.02244270833333329 0.018775925925925946
4 0.6508828124999999 0.4630342592592593 0.013203124999999953 0.008214814814814776
4 0.6502213541666666 0.4730092592592593 0.011880208333333305 0.011735185185185218
4 0.9340651041666667 0.6549032407407407 0.011880208333333305 0.014082407407407358
4 0.9192135416666666 0.638474537037037 0.012541666666666748 0.014082407407407464
4 0.9126093750000001 0.6502092592592593 0.01121874999999998 0.01408148148148156
4 0.25053046875 0.5680638888888889 0.00858177083333335 0.011735185185185166
4 0.234028125 0.5698236111111111 0.011221875000000025 0.012908333333333362
4 0.17263880208333332 0.6437550925925926 0.01782239583333333 0.012908333333333362
4 0.17725937499999997 0.6560768518518518 0.011221874999999996 0.011735185185185166
4 0.15910677083333333 0.6531435185185185 0.010561458333333343 0.015255555555555555
0 0.16933828125 0.6402347222222223 0.04422656249999998 0.06454351851851851
0 0.7168906249999999 0.5099750000000001 0.04356250000000005 0.09270740740740743
0 0.8845546875 0.6807208333333333 0.0633697916666667 0.08214537037037035
0 0.6515416666666667 0.46244768518518525 0.02904166666666666 0.046939814814814865
0 0.23963880208333332 0.5610226851851853 0.038285937500000006 0.058675000000000026
0 0.9264713541666666 0.6425814814814815 0.046869791666666674 0.05750185185185183
