3 0.16900807291666667 0.039983890879629634 0.13069947916666666 0.07979869972222221
4 0.6749739583333332 0.3738476851851852 0.016500000000000032 0.0176027777777778
1 0.6835546874999999 0.3785416666666667 0.036307291666666686 0.07158333333333333
4 0.7855416666666667 0.32103935185185184 0.018479166666666675 0.01290833333333331
4 0.8030338541666665 0.3509638888888889 0.012546874999999957 0.05398148148148144
4 0.783890625 0.35155092592592596 0.005937500000000047 0.045766666666666664
4 0.7660677083333333 0.34861712962962965 0.013864583333333395 0.05163425925925925
2 0.78125 0.3697402777777778 0.07855208333333341 0.11735092592592596
4 0.490146875 0.5756912037037037 0.015182291666666714 0.01760277777777775
4 0.400703125 0.6384740740740741 0.019803124999999967 0.018775925925925946
4 0.3624171875 0.6455152777777778 0.017162499999999997 0.021123148148148137
4 0.2568013020833333 0.5498740740740741 0.015842187499999986 0.015255555555555555
4 0.24062890625000002 0.5639564814814816 0.016502604166666667 0.015255555555555555
4 0.2640625 0.5663032407407408 0.014521875000000002 0.017602777777777853
4 0.6743125 0.5070412037037036 0.012541666666666628 0.01642870370370375
4 0.6918072916666667 0.5258171296296297 0.01452083333333339 0.01877685185185185
4 0.6654036458333333 0.5205361111111112 0.009244791666666667 0.015255555555555555
0 0.24921015624999998 0.5545680555555557 0.05346822916666666 0.07627870370370368
0 0.3815604166666667 0.6091361111111111 0.07789166666666662 0.11969814814814815
0 0.48717630208333335 0.5533949074074075 0.062049479166666664 0.12556574074074073
0 0.684546875 0.5105615740740741 0.054125000000000034 0.07979907407407412
