1 0.85584375 0.6296731481481482 0.06270833333333338 0.1302592592592592
0 0.11190947916666666 0.5621962962962963 0.12607895833333332 0.21123148148148144
0 0.045569395390625 0.6549032407407407 0.09109350088541666 0.1408212962962964
0 0.4063138020833333 0.46362129629629634 0.07459114583333334 0.10796296296296294
0 0.6997265625 0.6795472222222223 0.07789062499999998 0.11500370370370377
2 0.2729739583333333 0.4829842592592593 0.16040416666666663 0.2124055555555556
4 0.2742940104166667 0.39731805555555555 0.03102447916666667 0.024643518518518526
4 0.2739640625 0.5082148148148148 0.03036458333333331 0.03051111111111111
4 0.24855026041666667 0.4595138888888889 0.012542187500000008 0.07158333333333329
4 0.2766044270833333 0.4712486111111111 0.014522395833333352 0.03637870370370369
4 0.30003802083333336 0.4624476851851852 0.015182291666666655 0.0657157407407407
4 0.3445947916666666 0.5451800925925926 0.006601041666666655 0.029337962962962913
4 0.20036276041666667 0.5416597222222223 0.009901562500000013 0.02933796296296302
4 0.08187499999999999 0.5944675925925927 0.021122916666666672 0.02699074074074072
4 0.05481088541666666 0.6942162037037037 0.03432510416666666 0.041073148148148185
4 0.6947760416666666 0.7024305555555556 0.021781250000000085 0.026990740740740825
4 0.4290872395833334 0.48239722222222226 0.011881770833333328 0.028164814814814823
4 0.38783098958333334 0.4577537037037037 0.013861979166666672 0.023470370370370384
4 0.39443203125 0.4894384259259259 0.020463020833333328 0.025817592592592524
