4 0.6238177083333334 0.6560773148148148 0.01452083333333339 0.021123148148148137
4 0.5921328124999999 0.6531430555555556 0.013203124999999953 0.024643518518518526
4 0.6083020833333334 0.43076296296296296 0.012541666666666628 0.016429629629629655
4 0.6172161458333334 0.4471921296296296 0.010557291666666658 0.018776851851851902
4 0.5924609375000001 0.44836574074074076 0.013859374999999948 0.018775925925925946
4 0.837359375 0.6015087962962963 0.013864583333333276 0.024643518518518526
4 0.7911510416666667 0.6038560185185186 0.019145833333333327 0.024643518518518526
4 0.3327130208333333 0.4624476851851852 0.01320208333333331 0.011734259259259208
4 0.36307734375 0.48709166666666665 0.011881770833333328 0.018775925925925946
4 0.3376635416666667 0.48533101851851856 0.015182291666666655 0.01760277777777775
4 0.25779166666666664 0.4477791666666667 0.02574375 0.0176027777777778
1 0.26439244791666666 0.43545694444444444 0.04422656250000001 0.08449351851851851
4 0.8304296875000001 0.23830740740740744 0.018484375000000004 0.011735185185185192
4 0.8248177083333333 0.25180231481481485 0.019145833333333327 0.0176027777777778
4 0.8525416666666668 0.2459351851851852 0.012541666666666748 0.015255555555555555
4 0.4663830729166667 0.8514666666666667 0.019143229166666664 0.02699074074074072
4 0.5003783854166667 0.4360435185185186 0.011881770833333328 0.019949999999999992
4 0.53734375 0.44660509259259257 0.01584375000000004 0.0176027777777778
0 0.4594520833333333 0.8450120370370371 0.07657187500000001 0.11265740740740737
0 0.3436046875 0.47242222222222224 0.056108333333333364 0.088012962962963
0 0.8376901041666667 0.21659722222222225 0.06469270833333335 0.109137037037037
0 0.609625 0.6367143518518518 0.07327083333333324 0.1020953703703704
0 0.8086432291666666 0.5797986111111111 0.10297395833333335 0.1713324074074074
0 0.5261223958333333 0.4219615740740741 0.07393229166666675 0.15138240740740747
0 0.5980729166666666 0.43545694444444444 0.05677083333333333 0.08449351851851851
