3 0.4379986979166666 0.1561611111111111 0.012542187500000008 0.018775925925925946
3 0.6558307291666666 0.1039402777777778 0.01650520833333336 0.022297222222222225
3 0.6852057291666667 0.1901935185185185 0.0145260416666666 0.018775925925925918
3 0.6007135416666666 0.12623703703703706 0.013197916666666623 0.022296296296296297
4 0.8723437500000001 0.4149203703703704 0.01782291666666668 0.012909259259259266
1 0.8720130208333333 0.41609398148148147 0.027723958333333344 0.0504601851851852
4 0.8221770833333333 0.5258175925925926 0.01121874999999998 0.011735185185185166
4 0.9881927083333333 0.627912962962963 0.010562499999999985 0.018775925925925946
4 0.18452057291666665 0.6326064814814815 0.009901562500000013 0.016429629629629655
4 0.17362890625 0.6478625 0.015842187500000014 0.016428703703703647
0 0.17593932291666667 0.6373004629629629 0.04026614583333332 0.06336944444444441
0 0.8251484375 0.5146689814814814 0.047526041666666664 0.08331944444444446
0 0.9990833333333333 0.6308462962962964 0.04951041666666664 0.069237037037037
0 0.9337317708333333 0.4395643518518519 0.031026041666666632 0.04341944444444442
0 0.03137729166666667 0.46890185185185185 0.04818708333333334 0.07627777777777783
0 0.10167786458333333 0.4542328703703704 0.04620677083333334 0.07979907407407406
