4 0.5703489583333333 0.6402342592592593 0.01584375000000004 0.02699074074074072
4 0.5601171875000001 0.6584240740740741 0.01122395833333331 0.02581666666666662
4 0.5904817708333333 0.6689851851851852 0.015182291666666596 0.023470370370370332
4 0.7832317708333334 0.6020953703703704 0.021786458333333297 0.023470370370370332
4 0.8201953125 0.5968148148148148 0.009901041666666662 0.01994999999999994
4 0.32050104166666665 0.4759430555555556 0.009901041666666662 0.0176027777777778
4 0.33337317708333336 0.4953060185185186 0.018482812500000043 0.01877685185185185
4 0.1158703125 0.4155074074074075 0.015182291666666669 0.023470370370370384
1 0.13138255208333333 0.4061189814814815 0.04884739583333335 0.08683981481481486
4 0.8102942708333334 0.23478703703703704 0.019140625 0.011735185185185166
4 0.8327395833333334 0.24358796296296295 0.013864583333333395 0.017601851851851844
4 0.8060052083333333 0.24945555555555554 0.019802083333333324 0.015255555555555555
4 0.5195213541666667 0.44484490740740745 0.015842708333333337 0.01877685185185185
4 0.4805752604166667 0.4325231481481482 0.011881770833333328 0.019950000000000048
0 0.44294947916666666 0.8514662037037037 0.08185208333333337 0.11383055555555557
0 0.3327130208333333 0.4829842592592593 0.05412812500000002 0.08566666666666671
0 0.8155755208333333 0.21483703703703705 0.06402604166666657 0.11030925925925927
0 0.5832213541666665 0.6449282407407408 0.07195312499999992 0.1020953703703704
0 0.7881822916666666 0.5803856481481481 0.08977083333333329 0.16311759259259262
0 0.5066502604166667 0.42313518518518517 0.07855364583333338 0.14903518518518521
