4 0.0419390625 0.5369657407407408 0.04158645833333333 0.026990740740740825
1 0.049860052083333335 0.5176023148148148 0.05874864583333333 0.11031018518518518
4 0.6594609375 0.5428328703703704 0.027723958333333344 0.01760277777777775
4 0.6591328124999999 0.5674768518518519 0.029703124999999986 0.02229629629629623
4 0.6277760416666667 0.538725925925926 0.009239583333333337 0.023470370370370437
4 0.44228932291666667 0.5745180555555556 0.015842187500000014 0.024643518518518526
4 0.3898114583333333 0.5780388888888889 0.016502083333333317 0.02699074074074072
0 0.6716744791666666 0.4507125 0.08515104166666668 0.1713324074074074
0 0.6597916666666667 0.5117351851851852 0.0719479166666666 0.16663888888888886
0 0.4119247395833333 0.5510476851851852 0.11749739583333335 0.1842416666666666
