4 0.569359375 0.30343703703703706 0.024427083333333263 0.019949999999999992
1 0.5644062499999999 0.30402361111111115 0.04092708333333341 0.08214537037037035
4 0.7987447916666668 0.23067916666666669 0.025083333333333374 0.0176027777777778
4 0.8198671875 0.26764490740740743 0.011880208333333305 0.06336944444444446
4 0.7977526041666666 0.2676453703703704 0.008578125000000015 0.05398148148148149
4 0.7759687500000001 0.2641240740740741 0.01782291666666668 0.06571666666666666
2 0.7970911458333333 0.28759490740740745 0.09043229166666672 0.1408212962962963
4 0.3310625 0.6085499999999999 0.02178333333333337 0.02699074074074072
4 0.2845255208333333 0.6191111111111113 0.023763541666666655 0.02699074074074072
4 0.6766249999999999 0.5821458333333334 0.017166666666666566 0.021123148148148137
4 0.43304791666666664 0.3439231481481482 0.015842708333333278 0.018775925925925946
4 0.37925 0.49413240740740744 0.011221875000000025 0.018775925925925946
4 0.3525158854166667 0.5041074074074073 0.015842187500000014 0.01994999999999994
4 0.47298411458333334 0.5375523148148149 0.01782239583333336 0.023469444444444428
4 0.43568828125000003 0.5240569444444445 0.00924114583333336 0.02229722222222224
4 0.40499375 0.7253138888888888 0.028384374999999965 0.016429629629629655
4 0.40433359375 0.7505444444444445 0.0178223958333333 0.022296296296296335
4 0.6822369791666667 0.3439231481481482 0.009901041666666662 0.018775925925925946
4 0.6650729166666667 0.332187962962963 0.020458333333333318 0.016429629629629603
4 0.6621015625000001 0.34861712962962965 0.01716145833333336 0.01877685185185185
0 0.6894973958333334 0.5739314814814815 0.08251562500000004 0.15020925925925926
0 0.46704296875 0.5152555555555556 0.0811921875 0.14786296296296297
0 0.36538776041666665 0.4847444444444445 0.05742864583333335 0.09153333333333333
0 0.3043286458333333 0.5768652777777779 0.09109374999999999 0.15607685185185194
0 0.4300776041666667 0.33746851851851856 0.0442270833333333 0.06923703703703706
0 0.4053239583333333 0.7229671296296296 0.05808854166666665 0.10561574074074069
0 0.6723333333333333 0.33453472222222225 0.04951041666666676 0.06806388888888891
