4 0.5158895833333333 0.31399861111111116 0.025741666666666656 0.0176027777777778
1 0.5125890625 0.3233870370370371 0.03234270833333337 0.09270740740740738
4 0.7845494791666667 0.23889398148148147 0.024421874999999933 0.0176027777777778
4 0.80534375 0.27527268518518516 0.013197916666666741 0.06688981481481486
4 0.7835598958333333 0.27527268518518516 0.006598958333333371 0.05515462962962959
4 0.7617786458333333 0.2694050925925926 0.017161458333333237 0.06454351851851851
2 0.78125 0.29522268518518524 0.09174999999999993 0.13730092592592594
4 0.3267721354166666 0.6261527777777778 0.018482812499999984 0.026990740740740825
4 0.281225 0.6408212962962964 0.023763541666666655 0.023470370370370332
4 0.5825598958333332 0.6484490740740741 0.015182291666666596 0.02464444444444443
4 0.6294270833333333 0.6531430555555556 0.013864583333333276 0.024643518518518526
4 0.4594520833333333 0.35683148148148147 0.017162499999999997 0.018775925925925946
4 0.24954010416666664 0.5868393518518518 0.01320208333333334 0.021123148148148137
4 0.43469843750000003 0.5340319444444445 0.008581249999999999 0.021123148148148137
4 0.47265390625 0.5416597222222223 0.015842187499999955 0.019949074074074036
4 0.5436145833333333 0.6519694444444444 0.00990624999999999 0.022296296296296335
4 0.7842213541666666 0.44836574074074076 0.01716145833333336 0.018775925925925946
0 0.7838932291666666 0.4272421296296297 0.04554687500000002 0.07510462962962963
0 0.46605286458333334 0.5234699074074074 0.08185260416666662 0.15255648148148146
0 0.5581380208333333 0.6378875 0.05610937500000001 0.09270648148148153
0 0.3013580729166667 0.5897736111111112 0.09835468750000001 0.14903611111111106
0 0.6043437500000001 0.6314333333333333 0.09571874999999999 0.1736796296296297
0 0.4578018229166666 0.33922870370370367 0.042906770833333316 0.06571666666666666
0 0.2610921875 0.5733444444444444 0.052147916666666676 0.08566666666666665
