4 0.5211718750000001 0.33042777777777776 0.023104166666666672 0.019949999999999992
1 0.51754140625 0.3386421296296297 0.03564635416666674 0.09036018518518518
4 0.7726692708333334 0.2564967592592593 0.021786458333333415 0.01760277777777775
4 0.7937916666666667 0.2911152777777778 0.01121874999999998 0.06336944444444446
4 0.7720104166666667 0.2911152777777778 0.008583333333333342 0.056328703703703686
4 0.7515468749999998 0.28994166666666665 0.01782291666666668 0.06102222222222222
2 0.7706901041666666 0.3145851851851852 0.09043229166666661 0.1384740740740741
4 0.26340234375 0.6502092592592593 0.015842187500000014 0.023470370370370332
4 0.2752841145833333 0.6683986111111111 0.015842187500000014 0.024643518518518526
4 0.23600833333333332 0.6730925925925927 0.03102500000000002 0.022296296296296335
4 0.5660598958333334 0.6642912037037038 0.015182291666666714 0.025817592592592524
4 0.6122656249999999 0.6672254629629629 0.013864583333333276 0.024643518518518422
4 0.42578697916666663 0.3615259259259259 0.017162499999999997 0.018775925925925894
4 0.4337080729166667 0.3773680555555556 0.01320156249999999 0.02229722222222224
4 0.40994453124999997 0.3761949074074074 0.011881770833333328 0.01760277777777775
4 0.28419531249999996 0.6132435185185185 0.02178333333333331 0.019950000000000048
4 0.25779140624999997 0.6073759259259259 0.013861979166666672 0.019950000000000048
4 0.4828856770833333 0.5469407407407408 0.007260937500000016 0.023470370370370332
4 0.4488903645833333 0.5610226851851853 0.018482812500000043 0.021123148148148137
4 0.49806796875000003 0.6725060185185184 0.0165026041666667 0.021123148148148137
4 0.4845356770833334 0.647275462962963 0.011881770833333328 0.019949074074074143
4 0.7106197916666666 0.40494583333333334 0.016500000000000032 0.0164287037037037
0 0.7076510416666667 0.3849958333333333 0.0448854166666667 0.07510462962962963
0 0.41951614583333335 0.3673935185185185 0.052147916666666676 0.07041111111111115
0 0.5868515625 0.6484490740740741 0.09901562499999994 0.1748537037037037
0 0.49872890625000005 0.6525560185185185 0.058750520833333354 0.09857500000000001
0 0.4508705729166666 0.5410726851851853 0.07657135416666663 0.15255648148148152
0 0.27594427083333334 0.599161574074074 0.05808854166666665 0.10913611111111118
0 0.24062890625 0.6314333333333334 0.09439427083333332 0.15725000000000006
