3 0.6663932291666667 0.03000907407407408 0.023098958333333405 0.029337777777777782
3 0.5594557291666666 0.015340171296296298 0.015182291666666714 0.021123175925925927
3 0.32710208333333335 0.011819631620370372 0.012541666666666687 0.023470181203703703
1 1.0040364583333332 0.3333611111111111 0.030364583333333427 0.05398148148148149
4 0.9132708333333334 0.6155907407407407 0.012541666666666628 0.017601851851851844
4 0.9079895833333333 0.6361268518518519 0.013864583333333395 0.01173518518518527
4 0.8825755208333333 0.6290861111111111 0.014526041666666718 0.023470370370370332
4 0.040948828124999996 0.5997486111111111 0.007921197916666671 0.01642870370370375
4 0.020815781250000002 0.5968148148148148 0.020463125 0.015255555555555555
4 0.017515286458333335 0.6161773148148149 0.016502447916666666 0.014082407407407464
4 0.80765625 0.4565800925925926 0.007260416666666695 0.0164287037037037
4 0.8337265625 0.46362129629629634 0.01320312500000007 0.011735185185185166
0 0.8267994791666666 0.4512990740740741 0.05610937500000001 0.1044425925925926
0 0.8980885416666666 0.6249787037037037 0.05214583333333339 0.07393148148148149
0 0.026096478723958334 0.5962277777777777 0.05214766755208333 0.07275740740740749
