4 0.6442786458333333 0.24300138888888892 0.02376562499999994 0.021123148148148165
1 0.6508802083333334 0.24828194444444446 0.040927083333333295 0.08331944444444446
4 0.7914817708333333 0.17728472222222222 0.023765625000000058 0.014082407407407412
4 0.8122760416666667 0.21542361111111114 0.012541666666666628 0.06688981481481483
4 0.78884375 0.21483703703703705 0.005281250000000052 0.056327777777777754
4 0.76771875 0.21248981481481483 0.01584375000000004 0.06571666666666666
2 0.7871901041666667 0.23654675925925928 0.09175520833333337 0.14199537037037038
4 0.4858559895833333 0.4941328703703704 0.01716302083333338 0.021123148148148245
4 0.44790026041666664 0.47711666666666663 0.009901562500000042 0.019949999999999992
4 0.38816119791666664 0.4683152777777778 0.015842187499999955 0.01642870370370375
4 0.37264869791666666 0.49061203703703704 0.020463020833333328 0.018775925925925946
4 0.4003731770833333 0.4812236111111111 0.013861979166666672 0.02112314814814819
4 0.5142403645833333 0.6331935185185185 0.011881770833333387 0.029337037037037116
4 0.4759544270833333 0.6584240740740741 0.018482812499999984 0.018775925925925946
4 0.34921536458333335 0.8174342592592593 0.01716302083333332 0.02699074074074072
4 0.32215104166666664 0.8027652777777778 0.023763541666666655 0.021123148148148137
4 0.3115895833333333 0.8274092592592592 0.014521874999999972 0.025816666666666724
4 0.44559010416666667 0.7393962962962963 0.017162499999999997 0.028164814814814716
4 0.3931119791666666 0.745263425925926 0.016502083333333317 0.02816388888888881
0 0.3779296875 0.47242222222222224 0.0613895833333333 0.088012962962963
0 0.47991510416666666 0.47183564814814816 0.0805322916666667 0.14551574074074067
0 0.4832151041666667 0.6067898148148149 0.08185104166666667 0.16194444444444442
0 0.4214963541666667 0.715925925925926 0.10627604166666664 0.1994962962962963
0 0.3343630208333333 0.8010050925925926 0.07987187500000002 0.13260648148148152
