3 0.5109408854166666 0.04702514087962963 0.05017031250000006 0.09388119972222222
3 0.4851958333333333 0.10628726851851851 0.06336979166666665 0.10913657407407407
3 0.41753567708333333 0.2787935185185185 0.07063072916666666 0.03403148148148145
4 0.8617838541666667 0.4219615740740741 0.015182291666666714 0.010562037037037073
1 0.8607916666666666 0.4248953703703704 0.025083333333333256 0.04694074074074077
1 0.08121484375 0.705950925925926 0.038285937500000006 0.07393148148148149
4 0.7300937500000001 0.5211231481481482 0.009239583333333337 0.011735185185185166
4 0.9169010416666665 0.6801342592592593 0.011885416666666633 0.015255555555555555
4 0.8944583333333332 0.6719189814814815 0.018479166666666675 0.012908333333333362
4 0.8904973958333334 0.6860013888888888 0.018484375000000004 0.01760277777777775
4 0.6601223958333333 0.4554064814814815 0.009244791666666667 0.011735185185185166
4 0.6498906249999999 0.44484537037037036 0.00990624999999999 0.011735185185185166
4 0.6469218750000001 0.4542328703703704 0.010562499999999985 0.014082407407407412
4 0.2944270833333333 0.5633694444444445 0.010561458333333343 0.011735185185185166
4 0.29904765624999996 0.5745180555555555 0.00924114583333336 0.010562037037037073
4 0.28320546875 0.5739314814814815 0.011881770833333328 0.011735185185185166
4 0.17197838541666666 0.6437550925925926 0.009901562500000013 0.012908333333333362
4 0.16273723958333336 0.6601842592592593 0.013861979166666642 0.015255555555555555
0 0.16174713541666663 0.647862037037037 0.042246354166666666 0.06571666666666671
0 0.7327343749999999 0.5134953703703703 0.05148958333333328 0.09270740740740738
0 0.9010598958333332 0.6648777777777778 0.06336979166666659 0.08097222222222226
0 0.6538515625 0.44601851851851854 0.03366145833333339 0.044592592592592566
0 0.28815625 0.5639564814814816 0.03894583333333337 0.05750185185185183
