4 0.31059947916666664 0.34627037037037034 0.03102499999999999 0.018775925925925894
4 0.3756192708333333 0.4565800925925926 0.010561458333333343 0.07275833333333329
4 0.3356833333333333 0.4031851851851852 0.013862500000000052 0.06454259259259261
4 0.3142299479166667 0.3926236111111111 0.018482812500000043 0.07158425925925929
4 0.2884861979166667 0.3984912037037037 0.01320156249999999 0.059849074074074075
4 0.24359921875 0.4524726851851852 0.011881770833333357 0.07158425925925929
2 0.30894947916666665 0.4243083333333334 0.15182291666666667 0.20067037037037036
1 0.5733203125 0.4190277777777778 0.04950520833333331 0.09622777777777777
4 0.48552578125 0.540486111111111 0.013861979166666672 0.0340314814814815
4 0.44063932291666663 0.5663037037037036 0.033665104166666696 0.02699074074074072
4 0.6614427083333333 0.7728412037037037 0.018479166666666675 0.029337962962962913
4 0.6231588541666667 0.7798824074074073 0.02244270833333329 0.02699074074074072
4 0.28584583333333335 0.6607708333333333 0.015842708333333337 0.02816388888888892
0 0.25614140625000004 0.6202851851851853 0.10297552083333335 0.15842407407407405
0 0.4518609375 0.5111486111111112 0.0957145833333333 0.1748527777777778
0 0.22775703125 0.5152555555555556 0.0554484375 0.09388148148148154
0 0.6429583333333333 0.7523046296296297 0.0858125 0.13143333333333332
4 0.31323984374999997 0.45012592592592593 0.024423437499999957 0.022296296296296283
