4 0.582890625 0.2969824074074074 0.021125000000000088 0.018775925925925946
4 0.7020390624999999 0.2289189814814815 0.021786458333333297 0.014082407407407412
4 0.7211796874999999 0.2629509259259259 0.015182291666666714 0.06337037037037037
4 0.6993984374999999 0.26588472222222226 0.007265625000000024 0.05280833333333335
4 0.6795963541666666 0.2617773148148148 0.015182291666666714 0.058675000000000005
2 0.6967578125 0.28114074074074075 0.09307812500000001 0.13495370370370371
1 0.5944401041666666 0.3022634259259259 0.05082812499999995 0.08331944444444446
4 0.23666822916666666 0.5633694444444445 0.012541666666666658 0.011735185185185166
4 0.2313875 0.5880134259259259 0.02574375 0.021123148148148137
4 0.18749114583333334 0.5927069444444444 0.017162499999999997 0.021123148148148137
4 0.5383333333333333 0.5152555555555556 0.013864583333333395 0.01642962962962955
4 0.52414296875 0.5322717592592592 0.018484895833333265 0.017602777777777853
4 0.41555546875000005 0.5117351851851852 0.012542187500000008 0.018775925925925946
4 0.3742989583333333 0.5164291666666667 0.017162499999999997 0.023469444444444428
4 0.9334036458333334 0.676026388888889 0.013203124999999953 0.021123148148148137
4 0.8690442708333334 0.6912819444444445 0.013859374999999948 0.025817592592592524
4 0.9152526041666665 0.7000837962962964 0.031026041666666632 0.024643518518518526
0 0.38981171875 0.49882638888888897 0.09439427083333332 0.14316759259259257
0 0.5267815104166667 0.5217101851851852 0.050166145833333314 0.08097222222222226
0 0.214225 0.5557421296296295 0.09307395833333333 0.14434166666666667
0 0.907 0.6689851851851852 0.10165625000000003 0.12673888888888882
