4 0.92053125 0.32573379629629634 0.01782291666666668 0.01056203703703702
1 0.9172317708333333 0.33218796296296293 0.029703124999999986 0.06102222222222222
0 0.6347083333333332 0.4583402777777778 0.06270833333333325 0.1067898148148148
4 0.3746291666666667 0.6642916666666666 0.012541666666666628 0.01877592592592584
4 0.3379934895833333 0.6613574074074074 0.011881770833333328 0.01994999999999994
4 0.26670286458333337 0.6924560185185185 0.013201562500000019 0.021123148148148137
4 0.25779140624999997 0.7106453703703705 0.009901562499999983 0.01994999999999994
4 0.6479114583333333 0.4847444444444445 0.01121874999999998 0.01408148148148156
4 0.28749609375 0.7124055555555556 0.023103645833333353 0.018775925925925946
0 0.28419531249999996 0.6695722222222222 0.07591145833333333 0.14199444444444448
0 0.3604372395833333 0.6425814814814815 0.07921197916666665 0.14903518518518516
3 0.41291510416666666 0.12271620370370372 0.02178333333333331 0.036378703703703705
3 0.5201802083333333 0.015926953703703704 0.022441666666666648 0.036378870370370374
3 0.4373385416666667 0.11098148148148147 0.02574375 0.043420370370370366
