4 0.39905286458333333 0.5111481481481481 0.01650260416666664 0.022296296296296335
1 0.4162153645833333 0.5017606481481481 0.05742864583333335 0.1020953703703704
4 0.31753046875 0.7247268518518518 0.02112343750000001 0.02699074074074072
4 0.28287526041666666 0.7112319444444445 0.01254218749999995 0.025817592592592628
4 0.024446328125 0.3503773148148149 0.01848276041666667 0.01994907407407409
4 0.47991484375 0.37971527777777775 0.018482812499999984 0.01290833333333331
4 0.48849635416666665 0.3973175925925926 0.015842708333333337 0.019949999999999992
4 0.45186067708333333 0.3967310185185185 0.023103645833333294 0.01877685185185185
4 0.5347031250000001 0.5258171296296297 0.025083333333333374 0.01877685185185185
4 0.5274411458333332 0.5475273148148149 0.027721875 0.019949074074074036
4 0.569359375 0.5281643518518518 0.016500000000000032 0.025817592592592628
4 0.5871822916666666 0.6695722222222222 0.023104166666666613 0.02464444444444443
4 0.5690286458333332 0.6384740740740741 0.01716145833333336 0.025816666666666724
4 0.6221640625 0.4559935185185185 0.015182291666666714 0.019949999999999992
4 0.5954322916666667 0.4460185185185186 0.011885416666666752 0.021124074074074094
0 0.5861901041666667 0.6425814814814815 0.06865104166666676 0.10444259259259249
0 0.00431328125 0.3351217592592593 0.08779322916666665 0.14903611111111112
0 0.30267838541666664 0.6977365740740741 0.07723177083333331 0.12087129629629635
0 0.4644026041666667 0.3615259259259259 0.08251249999999999 0.13847407407407405
0 0.6122656249999999 0.4372171296296296 0.061385416666666734 0.0856657407407407
0 0.5446044270833333 0.5099750000000001 0.09109322916666661 0.11617777777777781
