4 0.6073124999999999 0.3961439814814815 0.019802083333333324 0.0176027777777778
1 0.60203125 0.40025185185185186 0.03036458333333331 0.07275740740740738
4 0.7697005208333332 0.34098935185185186 0.018484375000000004 0.01290833333333331
4 0.7875208333333333 0.3720870370370371 0.010562499999999985 0.05398148148148149
4 0.7687083333333333 0.37326064814814813 0.005937499999999929 0.04459351851851852
4 0.7508880208333333 0.36915370370370376 0.015182291666666596 0.05280740740740739
2 0.7660703125 0.3885166666666666 0.07591145833333333 0.11500370370370372
4 0.474634375 0.5968148148148148 0.015842708333333278 0.01994999999999994
4 0.44657994791666666 0.5815587962962963 0.005941145833333295 0.017602777777777853
4 0.38717109375000003 0.6601842592592593 0.020463020833333328 0.019950000000000048
4 0.3482252604166666 0.6666384259259259 0.01782239583333336 0.021123148148148137
4 0.19805260416666667 0.5956412037037038 0.017162499999999997 0.01760277777777775
4 0.6597916666666667 0.528751388888889 0.013864583333333276 0.01760277777777775
4 0.6756354166666667 0.5463537037037037 0.016499999999999914 0.017601851851851844
4 0.6505494791666666 0.5404861111111111 0.009901041666666662 0.017601851851851844
0 0.19211171875000002 0.5833194444444444 0.04884739583333332 0.07041111111111109
0 0.35218593749999993 0.5856662037037037 0.04290625 0.07510462962962969
0 0.67134375 0.5281643518518518 0.054125000000000034 0.07979907407407406
0 0.4723239583333333 0.5756916666666666 0.06270937500000003 0.12321851851851855
0 0.36769817708333336 0.6337800925925926 0.07657135416666669 0.12204537037037035
