4 0.3838705729166667 0.3468569444444445 0.029704687500000007 0.019949074074074036
4 0.4508705729166666 0.4677282407407408 0.007921354166666639 0.07862500000000003
4 0.40994453124999997 0.40846620370370373 0.011881770833333328 0.06806388888888891
4 0.3865109375 0.3984912037037037 0.01782291666666668 0.07393055555555558
4 0.36043697916666667 0.4043587962962963 0.01320208333333331 0.059849074074074075
4 0.31323984374999997 0.4606875 0.009901562500000042 0.07862500000000003
2 0.37990989583333334 0.430762962962963 0.15644375000000005 0.21357962962962965
1 0.6607812499999999 0.43545694444444444 0.05016666666666663 0.11031018518518518
4 0.424796875 0.6067893518518519 0.011221875000000025 0.025817592592592628
4 0.3934421875 0.6243921296296296 0.023763541666666655 0.025817592592592524
4 0.47364427083333327 0.6155907407407407 0.03498541666666662 0.02464444444444443
4 0.45186067708333333 0.5833189814814815 0.013861979166666672 0.021123148148148137
4 0.8492421875 0.6772 0.019140625 0.023470370370370332
4 0.7898333333333334 0.6672250000000001 0.01782291666666668 0.02699074074074072
4 0.7208515624999999 0.8737634259259259 0.018484375000000004 0.024643518518518526
4 0.7271223958333334 0.9171842592592593 0.024421874999999933 0.03168703703703702
4 0.35449609374999996 0.6754398148148147 0.015842187500000014 0.02699074074074072
4 0.29838749999999997 0.6683986111111111 0.017162499999999997 0.024643518518518526
0 0.3247916666666667 0.6373009259259259 0.11353749999999997 0.16663888888888892
0 0.48189583333333336 0.5539814814814814 0.10165625000000003 0.19245555555555555
0 0.4063140625 0.5915337962962963 0.07327083333333331 0.11735092592592596
0 0.7287708333333334 0.8866726851851852 0.07657291666666666 0.1373027777777778
0 0.826796875 0.6496226851851852 0.12476041666666665 0.2100583333333334
4 0.38585104166666667 0.45716666666666667 0.02574375 0.022296296296296283
