3 0.9924817708333333 0.3509638888888889 0.015182291666666714 0.011735185185185166
3 0.5990651041666666 0.08868453703703703 0.05610937500000001 0.08566611111111111
3 0.4449299479166666 0.12917074074074075 0.10561614583333334 0.1290862962962963
3 0.45549140625 0.06756125 0.04884739583333335 0.06923675925925926
4 0.9126119791666667 0.3803018518518519 0.015182291666666596 0.011735185185185166
4 0.9904999999999999 0.371500462962963 0.007260416666666695 0.029337962962962965
4 0.9776302083333334 0.36915324074074074 0.013197916666666623 0.03637870370370369
1 0.9182213541666667 0.3844092592592593 0.031682291666666744 0.05280740740740739
2 0.9865416666666665 0.38147546296296303 0.05610416666666668 0.08449351851851851
4 0.23831848958333335 0.7036037037037037 0.014522395833333323 0.015255555555555555
4 0.20531380208333333 0.6989097222222223 0.007921354166666669 0.01760277777777775
4 0.12412135416666666 0.6161773148148149 0.010561458333333329 0.014082407407407464
4 0.13270260416666665 0.6261523148148148 0.009241666666666667 0.012908333333333362
4 0.11124947916666666 0.6308462962962964 0.013862500000000007 0.015255555555555555
4 0.6637526041666668 0.4953055555555556 0.01122395833333331 0.01173518518518527
4 0.6399869791666667 0.4865046296296296 0.009901041666666662 0.012909259259259266
0 0.22874713541666666 0.6848277777777778 0.07063072916666666 0.1302592592592592
0 0.11686041666666667 0.6167643518518519 0.047527083333333324 0.06219537037037042
0 0.6561614583333333 0.48357083333333334 0.05544791666666669 0.0868398148148148
