4 0.40730416666666663 0.3574185185185185 0.027723958333333344 0.019950000000000048
1 0.40994453124999997 0.36328611111111114 0.040926562500000034 0.09270740740740743
4 0.5680364583333334 0.2840740740740741 0.023104166666666613 0.018775925925925946
4 0.5670494791666667 0.3626990740740741 0.02244270833333329 0.016429629629629603
4 0.54790625 0.32749398148148146 0.010562499999999985 0.04928796296296301
4 0.5680390625 0.32280000000000003 0.013859375000000066 0.05632777777777778
4 0.5852005208333333 0.32925416666666674 0.008578125000000015 0.048113888888888914
4 0.6182057291666666 0.36739305555555557 0.009901041666666662 0.06806388888888891
4 0.5155604166666666 0.3521375 0.006601041666666655 0.04928796296296296
2 0.5673776041666667 0.34626990740740743 0.11551562499999998 0.15255648148148146
4 0.7020390624999999 0.46010092592592594 0.020463541666666647 0.023470370370370384
4 0.7456041666666666 0.47066203703703713 0.021781249999999967 0.023470370370370384
4 0.47826484375 0.38088888888888894 0.011221354166666704 0.019949999999999992
4 0.4406393229166667 0.38088888888888894 0.013861979166666672 0.019949999999999992
4 0.6970885416666666 0.40201203703703703 0.01584374999999992 0.019950000000000048
4 0.6723333333333333 0.3955578703703704 0.013864583333333395 0.021123148148148137
4 0.12610182291666666 0.8714162037037038 0.0356453125 0.022297222222222135
4 0.12478125 0.9025143518518519 0.023763541666666655 0.02816388888888892
4 0.33865364583333335 0.5927069444444444 0.017162499999999997 0.021123148148148137
0 0.46242239583333333 0.3650462962962963 0.09043333333333337 0.1408203703703704
0 0.684875 0.3867564814814815 0.05742708333333333 0.08801296296296295
0 0.7244817708333334 0.4237217592592593 0.09043229166666661 0.14082129629629628
0 0.34063411458333337 0.5739310185185186 0.0897734375 0.15959722222222222
0 0.12511145833333334 0.8731777777777777 0.067990625 0.12908888888888895
