1 0.84825 0.392037037037037 0.025083333333333374 0.05398148148148149
4 0.8505598958333334 0.3885162037037037 0.015182291666666714 0.014082407407407412
3 0.3851908854166667 0.030009074074074073 0.020463020833333328 0.03168481481481482
3 0.43568828125000003 0.031182546296296295 0.011881770833333328 0.017602685185185186
3 0.4360184895833334 0.06814814814814815 0.019143229166666664 0.030511296296296297
3 0.30531874999999997 0.0892714351851852 0.01782291666666668 0.028164537037037033
3 0.5376718749999999 0.03118259259259259 0.012541666666666628 0.022296666666666666
3 0.6594635416666667 0.21366342592592594 0.009239583333333337 0.03285833333333333
3 0.522490625 0.06228060185185186 0.017820833333333338 0.03755231481481482
0 0.3792497395833333 0.5064541666666666 0.06799010416666663 0.09036018518518518
0 0.598734375 0.4906115740740741 0.05016666666666663 0.09857500000000001
4 0.37264869791666666 0.519362962962963 0.009901562499999983 0.017601851851851844
4 0.39641250000000006 0.49941296296296295 0.011221874999999966 0.015255555555555555
4 0.24161901041666667 0.41668055555555555 0.011881770833333328 0.016429629629629655
0 0.2313875 0.40377222222222225 0.049507291666666654 0.07041111111111109
4 0.24689973958333333 0.42548240740740745 0.011881770833333328 0.015255555555555555
4 0.22610677083333333 0.42548240740740745 0.016502083333333317 0.015255555555555555
0 0.3696786458333333 0.41374675925925924 0.023763541666666655 0.04811388888888886
4 0.37000859375 0.4225486111111111 0.009901562500000042 0.014082407407407412
4 0.3696783854166667 0.41140000000000004 0.014522395833333352 0.012909259259259266
0 0.974 0.8919518518518519 0.06666666666666667 0.09622592592592591
4 0.9865416666666665 0.8901921296296297 0.019145833333333327 0.02229722222222224
4 0.9974348958333333 0.9142490740740741 0.013203124999999953 0.025816666666666724
0 0.6439505208333334 0.40377222222222225 0.03102604166666675 0.042246296296296275
4 0.6409791666666665 0.41198657407407413 0.011885416666666633 0.014082407407407412
