4 0.29508697916666665 0.2934625 0.03036458333333331 0.021123148148148137
4 0.36142734374999996 0.39966481481481486 0.009901562500000042 0.0833185185185185
4 0.3198408854166666 0.3474435185185185 0.012542187500000008 0.06102222222222222
4 0.29772760416666666 0.33864259259259266 0.019803125000000026 0.06923703703703706
4 0.27330390625 0.3445101851851852 0.010561979166666664 0.05750185185185189
4 0.29706744791666667 0.39614444444444447 0.025083854166666697 0.022296296296296283
4 0.22775703125 0.4008384259259259 0.011881770833333328 0.07627870370370374
2 0.2940971354166667 0.371500462962963 0.14852239583333338 0.19597685185185187
4 0.6139166666666666 0.4125736111111111 0.026406250000000023 0.024643518518518526
1 0.6238151041666666 0.40318564814814817 0.04884895833333332 0.11383055555555557
4 0.4416294270833333 0.4272421296296297 0.029044270833333326 0.0164287037037037
4 0.44294947916666666 0.4512990740740741 0.03036458333333337 0.022296296296296283
4 0.4082942708333333 0.4248953703703704 0.011221874999999966 0.018775925925925946
4 0.5063190104166666 0.6631180555555556 0.014522395833333293 0.0328583333333333
4 0.3597768229166667 0.6079629629629629 0.031684895833333296 0.028164814814814823
4 0.31455989583333327 0.5733444444444444 0.015182291666666655 0.0340314814814815
0 0.292446875 0.5222967592592593 0.06733020833333334 0.12673981481481478
0 0.4970765625 0.7364625 0.0937322916666666 0.14199537037037038
0 0.5505463541666666 0.6502092592592593 0.12145937500000005 0.2112314814814816
0 0.43865885416666667 0.3885162037037037 0.07987187500000002 0.16429166666666667
0 0.35053567708333333 0.5616092592592593 0.09901510416666663 0.14668888888888887
4 0.5181997395833333 0.1790449074074074 0.01055885416666668 0.019949074074074064
0 0.49575625000000006 0.1661365740740741 0.05544583333333334 0.078625
