3 0.0627321875 0.40377222222222225 0.023763749999999993 0.014081481481481454
1 0.28650598958333334 0.41961435185185186 0.042246354166666666 0.08331944444444446
4 0.09111640625 0.4424981481481482 0.019802604166666675 0.07275740740740744
4 0.0617421875 0.44249768518518523 0.008581249999999999 0.056328703703703686
4 0.055471093750000006 0.4483652777777778 0.0052807291666666645 0.05163425925925925
4 0.035998072916666665 0.44191111111111114 0.012541875 0.06454259259259255
2 0.06669278645833333 0.4706620370370371 0.11353734374999999 0.1689851851851852
4 0.48816640624999996 0.45716666666666667 0.011221354166666704 0.015255555555555555
4 0.45516119791666665 0.45129953703703707 0.009901562499999983 0.01760277777777775
4 0.44393958333333333 0.3110648148148148 0.011221874999999966 0.011735185185185166
4 0.4195158854166666 0.3186925925925926 0.012542187500000008 0.017601851851851844
4 0.9779609374999999 0.7165129629629631 0.021786458333333297 0.01994999999999994
4 0.9403359375 0.6948023148148149 0.019140625 0.021123148148148137
4 0.9310937499999999 0.7147523148148148 0.01782291666666668 0.02816388888888881
4 0.8429713541666667 0.2729259259259259 0.007921874999999901 0.015255555555555555
4 0.8291067708333333 0.2840740740740741 0.011880208333333305 0.014081481481481454
4 0.350865625 0.5686504629629631 0.015182291666666655 0.012908333333333362
4 0.4205059895833333 0.5269907407407407 0.014522395833333352 0.018775925925925946
4 0.4280973958333333 0.5434199074074074 0.008581249999999999 0.014082407407407464
4 0.400703125 0.5445935185185186 0.010561458333333343 0.016429629629629655
0 0.3426143229166667 0.49413240740740744 0.05808906250000003 0.11030925925925927
0 0.43370807291666663 0.30285 0.050167187500000016 0.07745185185185183
0 0.47331406249999997 0.4378041666666667 0.0699708333333333 0.13378055555555562
0 0.41126484375 0.5264037037037038 0.059408854166666636 0.08097222222222217
0 0.3495455729166667 0.5487004629629629 0.07063072916666666 0.13730092592592602
0 0.8327369791666667 0.27351250000000005 0.04026562499999997 0.05867499999999998
0 0.9558489583333333 0.6912819444444445 0.09637499999999997 0.12204537037037046
