3 0.45120078124999996 0.20955648148148148 0.0178223958333333 0.02699074074074072
3 0.40862447916666667 0.2036888888888889 0.017162499999999997 0.026990740740740746
3 0.3941020833333333 0.17317731481481483 0.01320208333333337 0.015256481481481485
3 0.5706796875 0.1778712962962963 0.015182291666666596 0.02464444444444443
3 0.62315625 0.15616157407407408 0.01452083333333339 0.025817592592592604
3 0.6017057291666668 0.17787175925925924 0.009901041666666662 0.017602777777777773
3 0.5934505208333333 0.15322777777777777 0.00792187500000002 0.015255555555555555
4 0.8462708333333334 0.43839074074074075 0.014520833333333271 0.012909259259259266
1 0.8436302083333334 0.43897731481481483 0.02244791666666662 0.04693981481481481
4 0.96046875 0.41668055555555555 0.014520833333333271 0.011735185185185166
4 0.971359375 0.43721759259259263 0.008583333333333342 0.03872592592592594
4 0.9588177083333334 0.4360439814814815 0.005937500000000047 0.029337962962962965
4 0.947265625 0.43193611111111113 0.010562500000000105 0.03051111111111111
2 0.9568385416666667 0.4471921296296296 0.05214583333333339 0.07979907407407406
4 0.19937265625 0.6414078703703704 0.011881770833333328 0.01760277777777775
4 0.18551067708333333 0.6595972222222223 0.01716302083333332 0.01642962962962955
4 0.20597369791666667 0.6496226851851852 0.00924114583333333 0.019949074074074036
4 0.343934375 0.6484490740740741 0.010561458333333343 0.017601851851851844
4 0.31753072916666664 0.6513828703703705 0.010561458333333343 0.01877685185185185
4 0.4729838541666666 0.46127407407407406 0.008581249999999999 0.014081481481481454
4 0.4657229166666667 0.4706625 0.008581249999999999 0.014082407407407358
4 0.13336276041666667 0.5146689814814814 0.00924114583333333 0.012908333333333362
4 0.13864348958333336 0.5246435185185185 0.00924114583333333 0.01642962962962955
4 0.12214088541666666 0.5264037037037038 0.011881770833333328 0.015255555555555555
4 0.7796015625 0.5451800925925926 0.011880208333333305 0.012908333333333362
4 0.8842265625000001 0.5222962962962964 0.01122395833333331 0.011735185185185166
4 0.8951197916666667 0.5357916666666667 0.010562499999999985 0.015255555555555555
4 0.8799348958333333 0.5293375000000001 0.00792187500000002 0.014082407407407358
0 0.8904947916666667 0.5252305555555556 0.03564583333333336 0.05280740740740745
0 0.12676197916666665 0.5129087962962964 0.03696562500000001 0.04928796296296296
0 0.466053125 0.46362129629629634 0.027723958333333344 0.04694074074074071
0 0.32809218749999997 0.6402342592592593 0.056768749999999986 0.1044425925925926
0 0.18650078125 0.6326069444444445 0.052147395833333325 0.08683981481481486
0 0.7789401041666667 0.5305111111111112 0.04092187499999997 0.07745185185185177
0 0.9135989583333334 0.8203685185185186 0.05016666666666663 0.07041111111111109
