3 0.05316075520833333 0.41140000000000004 0.025744114583333335 0.017601851851851844
1 0.2802348958333333 0.40846620370370373 0.04290625 0.07745092592592592
4 0.08154479166666667 0.44836574074074076 0.015182291666666655 0.07041111111111105
4 0.052500624999999995 0.45188611111111116 0.007261250000000004 0.05398148148148149
4 0.0260965625 0.450125925925926 0.01386208333333333 0.06454259259259261
2 0.05844141666666667 0.48005046296296305 0.11155674999999998 0.16898611111111111
4 0.5696875 0.5410726851851853 0.01584375000000004 0.01642870370370375
4 0.3115895833333333 0.6155907407407407 0.009241666666666681 0.017601851851851844
4 0.9413229166666667 0.3010902777777778 0.014520833333333271 0.012908333333333362
4 0.9386822916666666 0.31517222222222224 0.010562499999999985 0.012909259259259266
4 0.9957838541666667 0.38558287037037037 0.01122395833333331 0.01290833333333331
4 0.9954531249999999 0.4043592592592593 0.010562499999999985 0.015255555555555555
4 0.3475651041666667 0.6067893518518519 0.009901041666666662 0.01877685185185185
4 0.38354062499999997 0.6255657407407408 0.015842708333333337 0.01408148148148156
4 0.47793463541666664 0.6032689814814816 0.007921354166666698 0.01642870370370375
0 0.4934458333333333 0.5932939814814815 0.06006666666666671 0.08331944444444446
0 0.9964427083333334 0.39086342592592593 0.03894791666666665 0.06806388888888891
0 0.32908229166666664 0.579212037037037 0.06666979166666664 0.1373
0 0.9419843750000001 0.30519722222222223 0.03432291666666659 0.06102222222222222
0 0.5703489583333334 0.5117351851851852 0.0712916666666666 0.1196981481481482
0 0.37957994791666666 0.6015087962962963 0.07657135416666669 0.15138240740740735
