3 0.5502161458333333 0.15616152777777778 0.23829687500000005 0.260519537037037
4 0.974 0.4278291666666667 0.013864583333333395 0.012908333333333362
1 0.9815885416666666 0.431349537037037 0.03036458333333331 0.045767592592592624
4 0.05184059895833334 0.8338638888888888 0.011221927083333331 0.019950000000000048
4 0.041938958333333325 0.8602680555555556 0.017822708333333333 0.021123148148148137
4 0.016855182291666666 0.8620277777777778 0.007261093749999999 0.02229629629629623
4 0.22610677083333333 0.6179375 0.007261458333333337 0.012908333333333258
4 0.21224479166666665 0.6284995370370371 0.011221874999999996 0.012908333333333362
4 0.5469140624999999 0.7429166666666667 0.005942708333333376 0.018775925925925946
4 0.5201815104166667 0.7575856481481482 0.014522395833333352 0.01760277777777775
4 0.7881822916666666 0.7564120370370371 0.019802083333333324 0.015255555555555555
4 0.7706875 0.735875925925926 0.008583333333333342 0.018775925925925946
4 0.7624375000000001 0.7440902777777778 0.00791666666666669 0.01877685185185185
0 0.7858723958333333 0.7382226851851852 0.054786458333333364 0.07979907407407406
0 0.52381171875 0.735288888888889 0.05742864583333329 0.12087222222222226
0 0.21488515625000001 0.6114833333333334 0.03366510416666667 0.05867592592592593
0 0.04061888020833334 0.8432518518518519 0.05742890625 0.08566666666666665
0 0.16372734374999998 0.42020092592592595 0.04488697916666666 0.07745185185185188
0 0.14029375000000002 0.44132453703703706 0.03894583333333334 0.06806388888888891
