3 0.46011197916666663 0.09865931944444445 0.10825624999999998 0.20419062037037036
3 0.3693484375 0.014753427916666667 0.03630520833333328 0.029337773796296297
4 0.7984140624999999 0.3820625 0.01650520833333336 0.012908333333333362
1 0.8013828125 0.3855824074074074 0.02904687499999999 0.05750185185185189
4 0.3561463541666666 0.4143337962962963 0.011221874999999966 0.009387962962962973
4 0.4386588541666666 0.5434199074074074 0.012541666666666687 0.016428703703703647
4 0.9911614583333335 0.9265689814814816 0.019145833333333327 0.024639814814814805
4 0.9324140625 0.6155907407407407 0.008578125000000015 0.015255555555555555
4 0.9037005208333333 0.617350925925926 0.013203124999999953 0.016429629629629655
4 0.6264583333333335 0.420787962962963 0.009239583333333337 0.012909259259259266
4 0.6112760416666667 0.4172675925925926 0.009239583333333337 0.012909259259259266
0 0.6185338541666667 0.410812962962963 0.03300520833333328 0.042246296296296275
0 0.9931432291666666 0.901926851851852 0.054786458333333364 0.09505370370370382
0 0.9099687499999999 0.6050291666666666 0.06931250000000008 0.1067898148148148
0 0.4366783854166666 0.5152555555555556 0.05346822916666666 0.12439259259259264
0 0.35812682291666664 0.4043587962962963 0.029704687500000007 0.048113888888888914
0 0.05811130208333334 0.4219615740740741 0.0488471875 0.07862499999999997
