3 0.5205106770833333 0.20955592592592595 0.18944739583333334 0.2358751851851852
3 0.37759973958333337 0.18725925925925926 0.018482812499999984 0.031685185185185184
4 0.9954531249999999 0.4495388888888889 0.011885416666666752 0.037551851851851836
2 1.0046953125 0.4677282407407408 0.05413020833333337 0.07862500000000003
4 0.9363723958333333 0.4642083333333334 0.015182291666666714 0.015255555555555555
1 0.010254192708333335 0.7446768518518518 0.04290651041666667 0.08097222222222226
1 0.9433072916666667 0.4694888888888889 0.03036458333333331 0.05398148148148144
4 0.16438750000000002 0.6625314814814816 0.007920833333333347 0.015255555555555555
4 0.14326432291666666 0.6631175925925926 0.018482812499999984 0.011735185185185166
4 0.14293437499999997 0.6772 0.019142708333333314 0.016429629629629655
4 0.26109192708333334 0.6443416666666667 0.009901562500000013 0.01408148148148156
4 0.23468802083333332 0.6419949074074074 0.008581249999999999 0.014082407407407358
4 0.2561411458333333 0.4665546296296297 0.006601041666666655 0.008214814814814828
4 0.2482200520833333 0.4759430555555556 0.010561979166666664 0.01056203703703702
4 0.9046901041666667 0.7581722222222222 0.016505208333333243 0.018775925925925946
4 0.8796067708333334 0.745263888888889 0.015182291666666714 0.01642962962962955
4 0.8730026041666666 0.7575856481481482 0.015182291666666714 0.022297222222222135
4 0.7670598958333333 0.6666384259259259 0.011880208333333423 0.01642870370370375
4 0.8126067708333333 0.5950546296296296 0.011880208333333305 0.011735185185185166
4 0.80534375 0.5803856481481482 0.006604166666666581 0.012908333333333362
4 0.9796119791666666 0.982314814814815 0.013203124999999953 0.018777777777777754
4 0.9555156250000001 0.9594305555555556 0.023104166666666613 0.02699074074074072
4 0.9492447916666666 0.9764444444444444 0.01584375000000004 0.02112962962962957
0 0.9627786458333333 0.9600148148148149 0.07195312499999992 0.09387777777777781
0 0.8931380208333334 0.7423300925925926 0.06997395833333328 0.07862499999999997
0 0.8126041666666667 0.5868398148148148 0.03432291666666672 0.04928703703703705
0 0.7693697916666666 0.6537296296296297 0.053468750000000044 0.1009222222222222
0 0.2482200520833333 0.6302592592592593 0.058089062499999976 0.10796296296296298
0 0.14656484374999998 0.6402347222222222 0.048847395833333335 0.09740092592592592
0 0.24954010416666664 0.4671416666666667 0.030364583333333337 0.044592592592592566
