4 0.7753072916666668 0.8074597222222222 0.01782291666666668 0.02816388888888892
4 0.7555078125 0.8409050925925926 0.03498437500000004 0.024643518518518526
4 0.9806015625000001 0.7393958333333333 0.019140625 0.021123148148148137
4 0.96871875 0.7611060185185186 0.01782291666666668 0.024643518518518526
4 0.5132494791666666 0.3615259259259259 0.016501041666666674 0.018775925925925894
4 0.48156510416666665 0.35272453703703704 0.008581249999999999 0.02229722222222224
4 0.2214859375 0.41316018518518516 0.012541666666666658 0.016429629629629603
4 0.21587526041666666 0.43428333333333335 0.01716302083333332 0.018775925925925946
4 0.18881119791666665 0.43545694444444444 0.010561979166666664 0.01877685185185185
0 0.7462656249999999 0.7787087962962963 0.10495833333333332 0.19128240740740746
0 0.21026432291666666 0.42078842592592597 0.0640296875 0.09036018518518518
0 1.0093151041666666 0.4606875 0.05941145833333342 0.12791203703703702
0 0.9862109375 0.7517175925925926 0.07921354166666662 0.12321851851851855
0 0.5096205729166667 0.3398157407407407 0.07261302083333335 0.11617777777777781
