3 0.48420572916666665 0.11567532407407408 0.06799062500000001 0.12087157407407406
3 0.3475651041666667 0.11567523148148148 0.07723125 0.12791250000000004
3 0.36406770833333335 0.16672268518518518 0.05478854166666664 0.11031018518518518
4 0.9898411458333333 0.42430879629629636 0.01122395833333331 0.036378703703703746
2 1.0027135416666666 0.44249814814814814 0.06072916666666662 0.08214629629629626
4 0.909640625 0.4342837962962963 0.01584375000000004 0.009387962962962973
1 0.9116197916666666 0.43780416666666666 0.02376041666666661 0.04459351851851852
4 0.13633333333333333 0.656663425925926 0.019142708333333328 0.01760277777777775
4 0.2637322916666667 0.6689856481481482 0.00858125000000003 0.014082407407407464
4 0.23831875 0.6789601851851853 0.01320208333333331 0.015255555555555555
4 0.203003125 0.6108967592592593 0.008581249999999999 0.012908333333333362
4 0.19541223958333334 0.6261523148148148 0.011881770833333328 0.012908333333333362
4 0.17890963541666668 0.6249787037037038 0.005280729166666671 0.015255555555555555
4 0.9429739583333333 0.6736796296296297 0.008583333333333342 0.016429629629629655
4 0.907 0.6554898148148149 0.011885416666666633 0.015255555555555555
4 0.6327291666666666 0.4653814814814815 0.008583333333333342 0.012909259259259266
4 0.6182057291666666 0.4642078703703704 0.008578125000000015 0.01056203703703702
4 0.6297578125 0.4565800925925926 0.010557291666666658 0.009387962962962973
4 0.9578281249999999 0.934200462962963 0.01452083333333339 0.025821296296296245
4 0.923171875 0.9529722222222223 0.01121874999999998 0.018777777777777647
4 0.9571666666666666 0.9664722222222222 0.01584375000000004 0.01994444444444441
0 0.9588151041666667 0.656663425925926 0.04554687500000002 0.07862499999999997
0 0.9079895833333333 0.6402342592592593 0.053468750000000044 0.11148333333333338
0 0.9446249999999999 0.9471092592592593 0.06996874999999995 0.09857777777777772
0 0.6248072916666667 0.45599351851851855 0.034989583333333366 0.045766666666666664
0 0.19442213541666667 0.6132435185185185 0.03762552083333333 0.057501851851851936
0 0.24293932291666664 0.6631180555555556 0.062049479166666664 0.11031018518518518
0 0.13633307291666666 0.6273259259259258 0.0442265625 0.09505370370370372
