3 0.5465859375 0.048785231481481485 0.00792187500000002 0.012908611111111117
3 0.5452656249999999 0.09396523148148149 0.009239583333333337 0.016428796296296296
3 0.5033486979166666 0.18256527777777778 0.009901562499999983 0.017602777777777773
3 0.47661458333333334 0.21190324074074077 0.017162499999999997 0.029337962962962965
3 0.42842734375 0.19782083333333333 0.010561979166666664 0.017602777777777773
3 0.4914669270833334 0.2611902777777778 0.012542187500000008 0.029337962962962965
4 0.9254817708333334 0.4530592592592593 0.01583854166666671 0.011735185185185218
1 0.9228411458333333 0.4542333333333334 0.023765625000000058 0.04694074074074071
4 0.003653200520833333 0.7188597222222223 0.008581307291666666 0.01760277777777775
4 0.11983072916666666 0.6238050925925925 0.01650208333333333 0.017602777777777853
4 0.14821484375 0.6736796296296296 0.009901562499999983 0.011735185185185166
4 0.14095390625 0.6901087962962963 0.013861979166666672 0.016428703703703647
4 0.12181119791666667 0.6912819444444445 0.007260937500000001 0.014082407407407358
4 0.7835625 0.6343671296296296 0.01452083333333339 0.012908333333333362
4 0.789171875 0.6478625 0.013864583333333276 0.014082407407407464
4 0.7634296875 0.6378875 0.015182291666666596 0.01760277777777775
4 0.5680390625 0.6513828703703705 0.013859375000000066 0.01642870370370375
4 0.8317473958333332 0.5909467592592592 0.011880208333333305 0.012908333333333362
4 0.821515625 0.5774513888888889 0.008583333333333342 0.014082407407407358
4 0.8149166666666667 0.5844930555555556 0.008583333333333342 0.014082407407407358
0 -0.011859166666666669 0.6948027777777778 0.0475271875 0.08214629629629626
0 0.8277890625 0.5803856481481481 0.03828645833333333 0.05280833333333335
0 0.7723385416666666 0.6290865740740741 0.05940625000000009 0.07510462962962969
0 0.5677083333333334 0.6290861111111111 0.0514895833333334 0.11265740740740748
0 0.11851041666666667 0.6085495370370371 0.05478854166666666 0.09505462962962963
0 0.13798359375 0.6795472222222223 0.04620677083333333 0.0680629629629629
