3 0.6356979166666666 0.13503796296296297 0.01584375000000004 0.023470370370370357
3 0.58321875 0.13386481481481483 0.007260416666666695 0.011735185185185192
3 0.5865208333333333 0.1678962962962963 0.0112187500000001 0.018775925925925946
3 0.52282109375 0.23185277777777777 0.01320156249999999 0.019949999999999992
3 0.5116 0.22657222222222223 0.017162499999999997 0.035205555555555545
3 0.4495505208333333 0.17669814814814816 0.01320208333333337 0.026990740740740746
3 0.4366786458333333 0.18256527777777778 0.011221875000000025 0.01994907407407409
3 0.39278203125 0.155575 0.011881770833333328 0.015255555555555555
4 0.8228359375 0.4401509259259259 0.013859375000000066 0.011735185185185166
4 0.9898411458333333 0.43545694444444444 0.01122395833333331 0.0328583333333333
2 0.9997421875 0.45129953703703707 0.05478645833333324 0.07862499999999997
1 0.8211875000000001 0.44132453703703706 0.02112499999999997 0.04693981481481481
4 0.2964075520833333 0.6161773148148149 0.011881770833333328 0.014082407407407464
4 0.11355963541666665 0.5234703703703704 0.011881770833333341 0.011735185185185166
4 0.12115104166666667 0.5305111111111112 0.008581249999999999 0.011735185185185166
4 0.10233802083333333 0.5328583333333334 0.01320208333333334 0.014081481481481454
4 0.2624122395833333 0.6226319444444445 0.01782239583333336 0.010562037037036969
4 0.26505260416666665 0.6343671296296297 0.011221874999999996 0.010562037037037073
4 0.2498703125 0.6296731481481482 0.008581249999999999 0.015255555555555555
4 0.6182057291666666 0.8174342592592593 0.019140625 0.015255555555555555
4 0.6165572916666666 0.8367976851851853 0.01452083333333339 0.01642870370370375
4 0.572328125 0.8027657407407408 0.014520833333333271 0.016429629629629655
4 0.8244869791666666 0.578038425925926 0.01583854166666671 0.012908333333333258
4 0.8225078125 0.5909467592592592 0.01716145833333336 0.012908333333333362
0 0.8254765625 0.568650462962963 0.04026562499999997 0.06454351851851851
0 0.6175442708333333 0.816261111111111 0.04026562499999997 0.07627777777777778
0 0.5719973958333333 0.7834027777777779 0.05610937500000001 0.12556481481481482
0 0.2927768229166666 0.6044425925925926 0.04818697916666667 0.09622777777777772
0 0.2594419270833333 0.6226319444444446 0.035645312499999984 0.06454351851851851
0 0.10662864583333333 0.5217097222222222 0.03894583333333334 0.04811388888888886
