4 0.5984036458333333 0.30108981481481484 0.021786458333333297 0.015255555555555555
4 0.7175520833333333 0.24652175925925932 0.019802083333333324 0.014082407407407412
4 0.7360338541666667 0.27879305555555556 0.010557291666666658 0.05280833333333335
4 0.7165598958333333 0.27703287037037044 0.005942708333333376 0.04459351851851852
4 0.6970885416666666 0.27527268518518516 0.01584374999999992 0.0504601851851852
2 0.711609375 0.29404907407407405 0.08185416666666659 0.12321851851851852
1 0.6033541666666666 0.30578425925925923 0.03696875000000001 0.06923703703703706
4 0.7234921875 0.3803018518518519 0.006598958333333371 0.016429629629629655
4 0.7017083333333333 0.38264907407407406 0.01452083333333339 0.014081481481481507
4 0.4502106770833334 0.5041069444444445 0.015842187500000014 0.017602777777777853
4 0.41852578125 0.4888518518518519 0.00924114583333336 0.01994999999999994
4 0.6452708333333333 0.6173513888888889 0.016500000000000032 0.021123148148148137
0 0.6495598958333333 0.6056157407407408 0.08184895833333337 0.1384740740740741
0 0.44261953125000003 0.4847444444444445 0.07327135416666662 0.12439259259259264
0 0.7069895833333334 0.3685666666666667 0.048843749999999984 0.06571666666666666
