3 0.30663880208333333 0.20427546296296298 0.013861979166666672 0.025817592592592604
3 0.4109346354166667 0.06052032407407407 0.012542187500000008 0.022296759259259256
3 0.42776718750000003 0.17552453703703705 0.02244374999999999 0.03637870370370372
3 0.3610971354166666 0.2013416666666667 0.022443229166666672 0.026990740740740746
3 0.5129200520833332 0.07577597222222224 0.018482812499999984 0.03168472222222222
4 0.8188776041666666 0.3544847222222222 0.01122395833333331 0.014082407407407412
1 0.8277890625 0.3556578703703704 0.03300520833333328 0.06336944444444441
4 0.036988229166666664 0.8080467592592593 0.017162604166666665 0.024643518518518526
4 0.32710208333333335 0.7118185185185184 0.012541666666666687 0.015255555555555555
4 0.35416614583333333 0.6977365740740741 0.008581249999999999 0.017602777777777853
4 0.2835354166666666 0.47887685185185186 0.008581249999999999 0.011735185185185166
4 0.27330390625 0.4917856481481482 0.011881770833333328 0.014082407407407358
4 0.42116614583333334 0.4072925925925926 0.007920833333333377 0.014081481481481507
4 0.4109346354166667 0.41316018518518516 0.009901562499999983 0.00938888888888893
4 0.6340494791666667 0.5176027777777777 0.00990104166666678 0.011735185185185166
0 0.4145651041666667 0.4061189814814815 0.03036458333333331 0.05163425925925925
0 0.27330390625 0.4829842592592592 0.03696510416666667 0.06219629629629627
0 0.3274322916666667 0.6883486111111112 0.06733020833333334 0.1373009259259259
0 0.6215052083333333 0.499413425925926 0.06270833333333338 0.11383055555555557
0 0.013224765625 0.7646268518518519 0.08845359374999999 0.15372962962962966
