3 0.47661458333333334 0.22539861111111112 0.05808854166666665 0.08918611111111112
4 0.8700338541666667 0.43663055555555563 0.01320312500000007 0.014081481481481507
1 0.8664036458333333 0.43839074074074075 0.02442187500000005 0.04342037037037038
4 0.9858828125 0.4155069444444444 0.015182291666666714 0.014082407407407412
4 0.9964427083333334 0.43721712962962966 0.008583333333333342 0.03637870370370369
4 0.9832421874999999 0.43428333333333335 0.005942708333333376 0.03051111111111111
4 0.9703671875 0.43311018518518524 0.013203124999999953 0.035205555555555545
2 0.9782916666666668 0.44601851851851854 0.05148958333333328 0.08214629629629626
4 0.2168653645833333 0.6320199074074074 0.009901562500000013 0.022297222222222135
4 0.1970625 0.6308462962962963 0.01782291666666668 0.012909259259259266
4 0.1957421875 0.6443416666666667 0.01782291666666668 0.01642962962962955
4 0.14524453125 0.5739310185185186 0.010561979166666664 0.016428703703703647
4 0.11950078125000001 0.5792115740740741 0.011881770833333341 0.01760277777777775
4 0.4766145833333333 0.460687037037037 0.007920833333333318 0.015255555555555555
4 0.46935338541666666 0.4706625 0.007921354166666698 0.014082407407407358
4 0.7796015625 0.539312962962963 0.00792187500000002 0.015255555555555555
4 0.8007239583333332 0.5457666666666667 0.011885416666666633 0.011735185185185166
4 0.904359375 0.5240569444444445 0.010562499999999985 0.01525648148148146
4 0.8980885416666666 0.5328583333333334 0.008583333333333342 0.014081481481481454
4 0.9145885416666667 0.5381388888888889 0.012541666666666628 0.015255555555555555
4 0.9013880208333332 0.8808041666666667 0.009901041666666662 0.024643518518518526
0 0.13072239583333334 0.5756916666666666 0.05412812499999999 0.08566666666666665
0 0.19970286458333333 0.6138305555555555 0.04818697916666667 0.09153333333333333
0 0.4716638020833333 0.46244768518518525 0.028383854166666642 0.046939814814814865
0 0.7951119791666666 0.5352055555555555 0.0455468749999999 0.07745185185185188
0 0.9112916666666666 0.5305115740740741 0.03894791666666665 0.05632870370370374
0 0.9169010416666665 0.8761101851851852 0.05016666666666663 0.08331851851851856
