3 0.5482343749999999 0.04115740740740741 0.008583333333333342 0.014082037037037035
3 0.5502161458333333 0.049371990740740744 0.00461979166666661 0.009388055555555556
3 0.5759583333333332 0.08575078703703704 0.008583333333333342 0.011735092592592596
3 0.47760468749999996 0.20016805555555556 0.016502083333333317 0.029337962962962965
3 0.4218263020833333 0.20603564814814818 0.013201562500000048 0.019949074074074064
3 0.5231526041666666 0.26588425925925924 0.015184374999999998 0.026990740740740773
3 0.5030187500000001 0.18843287037037038 0.010561458333333284 0.019949074074074064
4 0.9508984374999999 0.4595138888888889 0.015182291666666596 0.012909259259259266
1 0.9571666666666667 0.4642078703703704 0.02904166666666666 0.048113888888888914
4 0.04391927083333333 0.6842407407407408 0.02178333333333333 0.011735185185185166
4 0.04457942708333333 0.7012569444444445 0.02310364583333334 0.017602777777777853
4 0.051180390624999995 0.6079629629629629 0.01386213541666667 0.016429629629629655
4 0.14953515624999997 0.6754398148148149 0.009901562500000013 0.012909259259259266
4 0.13963385416666665 0.6912819444444445 0.015182291666666684 0.014082407407407358
4 0.7251432291666667 0.6026819444444446 0.009901041666666662 0.012908333333333258
4 0.7304244791666666 0.6138305555555555 0.009901041666666662 0.01642962962962955
4 0.7073203125 0.6097231481481481 0.015182291666666714 0.015255555555555555
4 0.5700182291666667 0.6525564814814815 0.013859374999999948 0.016429629629629655
4 0.8340598958333333 0.5909472222222222 0.011223958333333428 0.015255555555555555
4 0.8244869791666667 0.5762777777777778 0.009244791666666667 0.011735185185185166
4 0.8172265625 0.5856666666666667 0.006598958333333371 0.011735185185185166
0 0.04854002604166667 0.5968143518518519 0.03894598958333333 0.04811388888888896
0 0.8307578125 0.5815587962962963 0.03763020833333333 0.05280833333333335
0 0.7125989583333333 0.5962277777777777 0.05214583333333327 0.07275740740740749
0 0.5696875000000001 0.6326069444444445 0.05016666666666663 0.11031018518518518
0 0.14062369791666668 0.6783736111111112 0.038285937500000006 0.061023148148148125
0 0.04160903645833334 0.6637046296296296 0.055448593750000004 0.10678888888888889
