3 0.40598385416666666 0.24828194444444446 0.02640416666666668 0.04341944444444445
3 0.569359375 0.30108981481481484 0.032343750000000074 0.06219629629629627
3 0.5908098958333333 0.24534861111111111 0.017161458333333237 0.021123148148148137
4 0.8159062499999999 0.4841574074074074 0.010562499999999985 0.010561111111111065
1 0.10497838541666665 0.6901087962962963 0.03168489583333334 0.05867499999999992
4 0.10497864583333333 0.6989097222222223 0.019803124999999994 0.012908333333333362
1 0.8145859375000001 0.48533101851851856 0.02244270833333329 0.048113888888888914
4 0.9426432291666667 0.46362083333333337 0.013203124999999953 0.00938796296296292
4 0.9525468749999999 0.48533101851851856 0.003958333333333404 0.03403240740740741
4 0.9409947916666667 0.48357083333333334 0.005937500000000047 0.030512037037037015
4 0.9304348958333333 0.479463425925926 0.009901041666666662 0.031684259259259204
2 0.9396744791666668 0.490025 0.04818229166666666 0.07627777777777783
4 0.3528458333333333 0.5674768518518519 0.005940625000000033 0.010561111111111065
4 0.3452546875 0.578038425925926 0.009241666666666622 0.008213888888888871
4 0.8304296875 0.7399828703703704 0.013203124999999953 0.010562037037037073
4 0.8112864583333333 0.7294212962962963 0.010562499999999985 0.012909259259259266
4 0.8040234374999999 0.7393962962962963 0.011880208333333423 0.01642962962962955
4 0.21752552083333332 0.6906953703703704 0.008581249999999999 0.015255555555555555
4 0.19805260416666665 0.676613425925926 0.009241666666666652 0.008213888888888871
4 0.19871276041666666 0.6936291666666667 0.00924114583333333 0.014082407407407464
4 0.9548567708333332 0.6144171296296297 0.007265625000000024 0.010562037037037073
4 0.9386848958333334 0.6132439814814815 0.009244791666666667 0.010562037037036969
4 0.7772890625 0.5962277777777778 0.009901041666666662 0.011735185185185166
4 0.2541609375 0.8244759259259259 0.014521875000000002 0.019950000000000048
0 0.9452838541666667 0.6044425925925926 0.03828645833333333 0.05398148148148144
0 0.7756380208333333 0.5850791666666668 0.03828645833333333 0.07158425925925929
0 0.8198671875 0.7282481481481482 0.05676562500000001 0.069237037037037
0 0.34690494791666665 0.5727574074074074 0.029704687499999948 0.04928703703703705
0 0.20498359374999997 0.6830675925925925 0.03894635416666666 0.05398148148148155
0 0.24888020833333335 0.8209550925925926 0.040926041666666683 0.05984907407407413
