1 0.1373234375 0.42548240740740745 0.05016770833333333 0.09270740740740743
4 0.31026953125 0.5715842592592593 0.011881770833333328 0.023470370370370437
4 0.3660479166666667 0.5504611111111112 0.013862499999999993 0.01877592592592584
4 0.35350598958333335 0.578625 0.028383854166666705 0.023470370370370437
4 0.3696783854166667 0.5 0.011881770833333328 0.01642962962962955
4 0.5891640625 0.5428333333333334 0.015182291666666714 0.026990740740740825
4 0.6333880208333333 0.579212037037037 0.019140625 0.022296296296296335
4 0.5168815104166666 0.4542328703703704 0.01716406250000002 0.021123148148148137
4 0.5885 0.4512990740740741 0.012541666666666628 0.019949999999999992
4 0.6452682291666666 0.6742662037037037 0.029703124999999986 0.02229722222222224
4 0.687515625 0.6678115740740741 0.008583333333333342 0.021123148148148137
4 0.6241458333333334 0.6455152777777778 0.012541666666666748 0.023469444444444532
4 0.5525260416666666 0.5404861111111111 0.010562499999999985 0.019950000000000048
4 0.5541770833333333 0.48767824074074073 0.01121874999999998 0.01760277777777775
4 0.5389947916666666 0.5146689814814814 0.019145833333333327 0.02229722222222224
0 0.5386640625000001 0.49002546296296295 0.05808854166666665 0.09036018518518524
0 0.5604479166666666 0.43839074074074075 0.08185416666666671 0.13260740740740748
0 0.6512109375 0.6443416666666667 0.09043229166666672 0.13143333333333343
0 0.5729869791666666 0.5334449074074075 0.05808854166666677 0.08566574074074075
0 0.34162421875 0.5310981481481482 0.08779322916666672 0.15372962962962966
0 0.6205156249999999 0.5310981481481482 0.10693749999999996 0.1772
0 0.36439765625 0.49589259259259255 0.042246354166666694 0.06923703703703706
0 0.5198507812500001 0.4360439814814815 0.049506770833333394 0.07158425925925929
