4 0.33469322916666666 0.4554064814814815 0.027723958333333344 0.023470370370370332
1 0.3426143229166667 0.4395643518518519 0.04356614583333336 0.09036018518518518
4 0.008603929687500001 0.4061189814814815 0.018482765624999998 0.07979907407407406
2 0.003983255208333332 0.43663009259259267 0.08713317708333333 0.18306759259259262
4 0.8178854166666667 0.21718425925925927 0.0066041666666667 0.018775925925925946
4 0.7957734375 0.2130763888888889 0.020463541666666647 0.012908333333333336
4 0.79478125 0.22950601851851854 0.02112499999999997 0.0176027777777778
4 0.5792604166666666 0.42313472222222226 0.01782291666666668 0.01760277777777775
4 0.36010703125 0.568650462962963 0.013861979166666672 0.019949074074074036
4 0.3442645833333334 0.5915337962962963 0.017822916666666622 0.023469444444444428
4 0.46803333333333336 0.8291699074074075 0.01320208333333331 0.03637870370370369
4 0.4495505208333333 0.8661351851851852 0.023763541666666714 0.02581666666666662
4 0.6413098958333333 0.44484490740740745 0.021786458333333297 0.014082407407407412
4 0.6621015625000001 0.46303472222222225 0.011880208333333423 0.0176027777777778
4 0.636359375 0.46186064814814815 0.01452083333333339 0.0176027777777778
4 0.7198619791666666 0.4424981481481482 0.021786458333333297 0.016429629629629603
4 0.7182109375000001 0.4618611111111111 0.01716145833333336 0.019950000000000048
4 0.44592005208333335 0.6097231481481481 0.0165026041666667 0.022296296296296335
4 0.3974026041666667 0.6067898148148149 0.01320208333333331 0.023470370370370332
0 0.7990755208333333 0.18725972222222223 0.05082812499999995 0.1067898148148148
0 0.5799192708333334 0.4008384259259259 0.06534895833333335 0.13964722222222226
0 0.6436197916666666 0.4477787037037037 0.05940624999999997 0.07862592592592593
0 0.7211822916666667 0.44073750000000006 0.04818749999999999 0.08331944444444446
0 0.42446666666666666 0.5868398148148148 0.0976947916666667 0.1713333333333333
0 0.4488903645833333 0.834450462962963 0.07129114583333335 0.12439166666666673
0 0.34624479166666666 0.5709972222222223 0.05874895833333333 0.09974814814814821
