4 0.6383411458333333 0.3040240740740741 0.022442708333333408 0.018775925925925946
1 0.6333880208333333 0.30813101851851854 0.03498437500000004 0.07393055555555558
4 0.8621119791666667 0.244174537037037 0.021119791666666644 0.0164287037037037
4 0.8413203125000001 0.2729259259259259 0.019140625 0.05750185185185183
4 0.8607916666666665 0.27468611111111113 0.010562499999999985 0.05398148148148144
4 0.88059375 0.27527268518518516 0.010562500000000105 0.062195370370370366
2 0.8588125 0.29287546296296296 0.08317708333333336 0.12791203703703702
4 0.6234843750000001 0.7593458333333333 0.012541666666666748 0.02816388888888892
4 0.5766197916666668 0.7710805555555557 0.020458333333333318 0.023470370370370437
4 0.3521859375 0.4947194444444445 0.011221875000000025 0.019950000000000048
4 0.36043697916666667 0.5111481481481481 0.007920833333333377 0.022296296296296335
4 0.33865390625 0.5140824074074075 0.015842187500000014 0.01877592592592584
4 0.5904817708333333 0.5715842592592593 0.016505208333333243 0.018775925925925946
4 0.5548359374999999 0.5416592592592593 0.01122395833333331 0.02699074074074072
4 0.6158958333333333 0.657837037037037 0.01584375000000004 0.022296296296296335
4 0.5875130208333333 0.6543166666666668 0.011880208333333423 0.017601851851851844
4 0.7498958333333334 0.43663055555555563 0.010562499999999985 0.018775925925925894
4 0.7406536458333334 0.4507125 0.00792187500000002 0.021123148148148137
4 0.7660677083333333 0.4565800925925926 0.016500000000000032 0.01877685185185185
0 0.7614479166666667 0.43897731481481483 0.06007291666666674 0.08683981481481486
0 0.5802499999999999 0.5340319444444445 0.08185416666666671 0.1572509259259259
0 0.6030234374999999 0.6408212962962964 0.06139062500000006 0.09153333333333333
0 0.5918020833333333 0.7429166666666667 0.09835416666666674 0.19010925925925926
0 0.34195442708333335 0.5 0.04884739583333335 0.08449259259259255
