3 0.5413046875 0.03646337962962963 0.00792187500000002 0.01408212962962963
3 0.5571458333333332 0.08223027777777778 0.009239583333333337 0.016429074074074082
3 0.47199375000000005 0.11860925925925925 0.01320208333333337 0.025816666666666658
3 0.4888265625 0.16848333333333332 0.011221875000000025 0.017601851851851872
3 0.40136328125000004 0.14031944444444444 0.00924114583333336 0.015255555555555555
3 0.4789247395833333 0.20720925925925926 0.0165026041666667 0.0340314814814815
3 0.4927869791666667 0.24828194444444446 0.012541666666666687 0.029337962962962993
4 0.9987526041666667 0.4471921296296296 0.006598958333333371 0.014082407407407412
2 1.0109661458333334 0.4489523148148148 0.05610937500000001 0.08331944444444446
4 0.8502291666666667 0.44367129629629626 0.01452083333333339 0.011735185185185218
1 0.8479218749999999 0.44660509259259257 0.02310416666666673 0.05515462962962959
4 0.2766044270833333 0.5668898148148148 0.007921354166666639 0.011735185185185166
4 0.2531708333333333 0.5686500000000001 0.011221874999999996 0.015255555555555555
4 0.13765338541666666 0.6713324074074074 0.009901562500000013 0.01408148148148156
4 0.11851067708333334 0.6789601851851853 0.013861979166666672 0.015255555555555555
4 0.8403281249999999 0.6713324074074074 0.014520833333333271 0.018775925925925946
4 0.818546875 0.6613574074074074 0.01584374999999992 0.015255555555555555
4 0.813265625 0.6748527777777779 0.01584375000000004 0.018775925925925946
4 0.5512057291666667 0.6108967592592593 0.011880208333333305 0.012908333333333362
4 0.8221744791666665 0.5803856481481482 0.009901041666666662 0.012908333333333362
4 0.8102942708333333 0.5663032407407407 0.009901041666666662 0.012908333333333362
4 0.8046848958333332 0.5774513888888889 0.007921874999999901 0.014082407407407358
0 -0.010538932291666666 0.7376356481481482 0.05148776041666667 0.08331944444444446
0 0.8162343750000001 0.569237037037037 0.04290624999999994 0.04928703703703705
0 0.8281171875000001 0.6554902777777778 0.06139062500000006 0.07862499999999997
0 0.550546875 0.5903601851851852 0.05016666666666669 0.10796296296296298
0 0.26109192708333334 0.558675462962963 0.05346822916666666 0.09153425925925923
0 0.12841197916666666 0.6637046296296296 0.04686666666666667 0.062196296296296215
