4 0.08517552083333334 0.5328583333333333 0.031684375 0.023470370370370332
1 0.09210651041666666 0.5164291666666667 0.04686718749999999 0.09857500000000007
4 0.5822291666666667 0.4606875 0.010562499999999985 0.01994907407407409
4 0.5432864583333334 0.46948842592592593 0.01584374999999992 0.021123148148148085
4 0.292446875 0.4859180555555556 0.014521874999999972 0.01642870370370375
4 0.28617578125 0.5117347222222224 0.024423437500000016 0.021123148148148137
4 0.24392942708333332 0.5123222222222222 0.012542187500000008 0.026990740740740825
4 0.4139052083333334 0.5275777777777778 0.009241666666666681 0.019950000000000048
4 0.39047161458333335 0.5410731481481482 0.019143229166666664 0.018775925925925946
4 0.30597864583333334 0.293462037037037 0.015182291666666655 0.016429629629629603
4 0.31588020833333336 0.31106481481481485 0.011221875000000025 0.021124074074074094
4 0.2881559895833333 0.30813101851851854 0.01650260416666664 0.02229722222222224
4 0.5927916666666666 0.7082981481481482 0.013197916666666623 0.02933703703703701
4 0.5465859375 0.7071245370370371 0.02904687499999999 0.02229722222222224
4 0.5314036458333333 0.677787037037037 0.013203125000000012 0.019950000000000048
4 0.6251354166666667 0.42665555555555557 0.009239583333333337 0.019949999999999992
4 0.6076432291666667 0.4102263888888889 0.01650520833333336 0.0176027777777778
4 0.6007135416666666 0.4272425925925926 0.011885416666666633 0.018775925925925894
4 0.6380078124999999 0.6678120370370372 0.015182291666666596 0.02581666666666662
4 0.6010416666666667 0.6331930555555556 0.012541666666666628 0.017602777777777853
4 0.6036848958333334 0.6660518518518519 0.01650520833333336 0.02229629629629623
4 0.5733203125 0.6220449074074075 0.01122395833333331 0.021123148148148137
4 0.5234807291666667 0.6232185185185186 0.015840624999999994 0.025816666666666724
0 0.6129244791666667 0.4125736111111111 0.054786458333333364 0.08566574074074075
0 0.5551677083333333 0.44953888888888893 0.08317500000000001 0.15020925925925926
0 0.5439437500000001 0.5997486111111111 0.0963729166666667 0.16429166666666672
0 0.5574757812500001 0.6877615740740741 0.08911093750000004 0.13612685185185192
0 0.6208463541666667 0.6496226851851852 0.07195312499999992 0.09974907407407411
0 0.3967424479166667 0.5217101851851852 0.0554484375 0.09270740740740743
0 0.27198359375 0.4741828703703703 0.08317239583333332 0.14082129629629625
0 0.29475729166666664 0.29404907407407405 0.0587489583333333 0.09270740740740738
