3 0.52909296875 0.11274154629629629 0.15380364583333334 0.23470209259259261
3 0.38849140625 0.042917689814814815 0.09439427083333338 0.08801332407407407
4 0.8548515625 0.4237222222222222 0.014526041666666718 0.011735185185185166
1 0.8538619791666666 0.4254819444444444 0.0257447916666667 0.048113888888888914
1 0.07560390625 0.6736796296296297 0.037625520833333335 0.06571666666666671
4 0.7347135416666667 0.5252305555555556 0.00791666666666669 0.010561111111111065
4 0.7132604166666667 0.519362962962963 0.00990624999999999 0.012909259259259266
4 0.8574921875 0.7206199074074074 0.0145260416666666 0.016428703703703647
4 0.8324088541666667 0.707125 0.014526041666666718 0.015255555555555555
4 0.8267968749999999 0.7212064814814815 0.01782291666666668 0.019950000000000048
4 0.6373489583333334 0.49589259259259266 0.00990624999999999 0.01056111111111117
4 0.6277786458333333 0.4841578703703704 0.011880208333333305 0.012908333333333362
4 0.6238151041666666 0.4929587962962964 0.00792187500000002 0.014082407407407358
4 0.8697031249999999 0.6619444444444446 0.008583333333333342 0.009388888888888877
4 0.8545234374999999 0.6502092592592593 0.015182291666666714 0.011735185185185166
4 0.8515520833333333 0.6637046296296296 0.01452083333333339 0.015255555555555555
4 0.17824947916666667 0.5797986111111111 0.01320208333333334 0.014082407407407464
4 0.16603776041666668 0.6466888888888889 0.019143229166666664 0.011735185185185166
4 0.17065833333333333 0.6607708333333333 0.011221874999999996 0.01642870370370375
4 0.15052552083333334 0.6607708333333333 0.01320208333333334 0.01642870370370375
0 0.15976666666666664 0.6496226851851852 0.04752708333333334 0.0668898148148148
0 0.7205234375 0.5134953703703704 0.05082812500000008 0.08801296296296295
0 0.8446197916666667 0.7053643518518519 0.06798958333333331 0.07745092592592587
0 0.6327291666666668 0.4870912037037037 0.03366666666666672 0.0516342592592593
0 0.1792395833333333 0.5668902777777778 0.03498541666666668 0.05632870370370374
0 0.859140625 0.6513828703703705 0.042906250000000055 0.061023148148148125
