3 0.4620919270833333 0.2295060185185185 0.13465989583333335 0.20536388888888887
4 0.821515625 0.4554064814814815 0.01121874999999998 0.011735185185185166
1 0.8208567708333333 0.46244722222222223 0.0257447916666667 0.05398148148148144
4 0.9994140625 0.4554069444444445 0.006598958333333371 0.03285833333333336
4 0.9852213541666667 0.45188611111111116 0.012546875000000075 0.037551851851851836
2 0.9971015624999999 0.4642078703703704 0.054786458333333364 0.0856657407407408
4 0.39047161458333335 0.7329421296296297 0.011221354166666645 0.012908333333333362
4 0.36076692708333336 0.7305944444444444 0.007260937500000016 0.015255555555555555
4 0.15613619791666666 0.6836546296296296 0.007260937500000016 0.015255555555555555
4 0.16207708333333332 0.6877615740740741 0.005940625000000003 0.01642870370370375
4 0.14260416666666667 0.7018439814814815 0.017162499999999997 0.014082407407407464
4 0.2627421875 0.9817268518518518 0.01320208333333334 0.01995370370370366
4 0.8218463541666666 0.6889351851851852 0.00792187500000002 0.014081481481481454
4 0.79478125 0.6830675925925925 0.01452083333333339 0.016429629629629655
4 0.27231380208333333 0.4812240740740741 0.007260937500000016 0.011735185185185166
4 0.25713151041666665 0.4812240740740741 0.007260937500000016 0.00704074074074078
4 0.6333880208333333 0.5733444444444444 0.011223958333333428 0.012909259259259266
4 0.7937942708333333 0.5903601851851852 0.009901041666666662 0.01173518518518527
4 0.7832317708333333 0.5739314814814815 0.005942708333333376 0.011735185185185166
4 0.7772890625 0.5839060185185185 0.008578125000000015 0.012908333333333362
0 0.7901640624999999 0.579212037037037 0.03828645833333333 0.05750185185185183
0 0.8036927083333334 0.6719194444444445 0.05742708333333333 0.07627777777777787
0 0.6277786458333333 0.5616092592592593 0.04356770833333338 0.09036111111111104
0 0.37990989583333334 0.7176861111111111 0.06534999999999999 0.11148333333333338
0 0.2624122395833333 0.4759430555555556 0.032345312500000035 0.050460185185185254
0 0.1389734375 0.6713324074074074 0.05874895833333333 0.09388148148148154
0 0.24888020833333335 0.9887685185185187 0.06072916666666665 0.08801851851851858
