1 0.8512213541666667 0.6314333333333333 0.06139062499999994 0.1337796296296296
0 0.1501953125 0.6742662037037037 0.10099479166666667 0.1748527777777778
0 0.21686536458333333 0.6120703703703705 0.12607864583333334 0.2077111111111112
0 0.3980627604166667 0.46890185185185185 0.06997031249999998 0.1044425925925926
0 0.6974166666666667 0.6801337962962963 0.07327083333333337 0.11617685185185186
2 0.27000338541666663 0.48181064814814817 0.15578385416666665 0.2100583333333334
4 0.2683533854166667 0.40083842592592595 0.03366510416666667 0.02229722222222224
4 0.2700033854166667 0.5140819444444444 0.027724479166666694 0.02816388888888892
4 0.2445895833333333 0.45599351851851855 0.015182291666666684 0.06454259259259261
4 0.27165364583333335 0.4618611111111111 0.01914270833333334 0.06454259259259261
4 0.29607734374999994 0.460100462962963 0.013861979166666672 0.06336944444444446
4 0.3399739583333333 0.5475268518518518 0.007920833333333377 0.02699074074074072
4 0.2313875 0.6267393518518519 0.024423958333333336 0.02816388888888892
4 0.18287005208333335 0.618524537037037 0.011881770833333328 0.030512037037037015
4 0.15778645833333332 0.7217935185185186 0.034324999999999994 0.039899999999999984
4 0.6901562499999999 0.7024305555555556 0.021781249999999967 0.026990740740740825
4 0.40466380208333336 0.46831527777777776 0.029044270833333326 0.023469444444444373
4 0.4102744791666667 0.4911986111111111 0.01914270833333334 0.024643518518518526
4 0.38090026041666664 0.4847444444444445 0.014522395833333352 0.025816666666666672
