1 0.010254192708333333 0.47476944444444447 0.058748906249999996 0.10678888888888893
4 0.7934635416666665 0.6079629629629629 0.009239583333333337 0.028164814814814823
4 0.7522057291666667 0.6243921296296296 0.020463541666666765 0.025817592592592524
4 0.676953125 0.5422462962962963 0.02310416666666673 0.025816666666666724
4 0.628765625 0.5305111111111112 0.02310416666666673 0.025816666666666724
4 0.4277671875 0.5698240740740742 0.010561458333333343 0.02699074074074072
4 0.47397421875 0.5874263888888889 0.019802604166666703 0.024643518518518422
0 0.4637427083333333 0.5575018518518519 0.10363541666666667 0.18072037037037042
0 0.6495598958333333 0.49706620370370375 0.104296875 0.1513824074074074
0 0.7574869791666666 0.5944675925925926 0.08779687500000008 0.19597592592592594
