4 0.2521807291666667 0.08340398148148148 0.02640416666666668 0.02112351851851852
4 0.7561666666666668 0.04115739814814815 0.013864583333333395 0.07510464814814816
4 0.7297630208333333 0.041744166666666666 0.005942708333333257 0.06454314814814814
4 0.7033593749999999 0.0376368538425926 0.01782291666666668 0.07510462564814815
2 0.7234895833333332 0.06638796296296297 0.11617708333333342 0.1701592592592593
1 0.2663729166666667 0.09220518518518518 0.06138958333333333 0.10678962962962962
4 0.5733203125 0.5487009259259259 0.016505208333333243 0.02699074074074072
4 0.5182005208333333 0.5481138888888889 0.017161458333333296 0.02581666666666662
4 0.617875 0.5839060185185185 0.01584375000000004 0.01760277777777775
4 0.6053359374999999 0.6232185185185186 0.02244270833333329 0.025816666666666724
4 0.567046875 0.6138305555555554 0.009239583333333337 0.028164814814814823
0 0.5960911458333332 0.5962277777777777 0.08317187499999991 0.12673888888888893
0 0.5393247395833334 0.528750925925926 0.12410052083333341 0.2194462962962963
