3 0.35317578125000004 0.1585087962962963 0.011881770833333328 0.021123148148148165
3 0.41885572916666663 0.15322731481481483 0.011221875000000025 0.0176027777777778
3 0.6535208333333333 0.10041976851851853 0.01584375000000004 0.02464379629629629
3 0.5914713541666666 0.12271620370370372 0.013203124999999953 0.024643518518518526
3 0.6145755208333334 0.16496296296296298 0.01583854166666671 0.022296296296296283
4 0.8465989583333332 0.40846620370370373 0.01782291666666668 0.011734259259259262
1 0.8459401041666667 0.41316018518518516 0.02442187500000005 0.05163518518518521
4 0.8073255208333333 0.5181893518518519 0.011880208333333305 0.012908333333333362
4 0.907 0.677787037037037 0.01452083333333339 0.015255555555555555
4 0.8845572916666666 0.6660518518518519 0.014520833333333271 0.015255555555555555
4 0.8776276041666667 0.677787037037037 0.015182291666666596 0.019950000000000048
4 0.6531901041666667 0.4360439814814815 0.011223958333333428 0.012908333333333362
4 0.6432890625 0.42724212962962965 0.011223958333333428 0.009387962962962973
4 0.6399869791666667 0.4348699074074074 0.009901041666666662 0.01290833333333331
4 0.177259375 0.6267393518518519 0.009901041666666662 0.01642870370370375
4 0.16636770833333336 0.6425814814814815 0.014521875000000002 0.012909259259259162
0 0.16834791666666668 0.6296731481481482 0.040926041666666656 0.06219629629629632
0 0.8089739583333333 0.510561574074074 0.04686458333333334 0.0868398148148148
0 0.8957786458333333 0.6625310185185186 0.06732812499999999 0.07862499999999997
0 0.6479114583333333 0.4301763888888889 0.0336666666666666 0.04107314814814813
0 0.08517526041666666 0.43956388888888887 0.048847395833333335 0.08097222222222217
