1 0.8581510416666667 0.6232185185185186 0.06468750000000002 0.13612777777777782
0 0.11620000000000001 0.5498740740740741 0.12145833333333332 0.20771111111111115
0 0.024776484375000005 0.5985750000000001 0.08911369791666666 0.1384740740740741
0 0.4082942708333333 0.4647944444444445 0.06931041666666668 0.10326851851851855
0 0.7030286458333334 0.676613425925926 0.07525520833333334 0.11852499999999995
2 0.2766044270833333 0.4841574074074074 0.1571036458333333 0.21240555555555563
4 0.2766044270833333 0.3955574074074074 0.034325520833333345 0.018775925925925946
4 0.2779247395833333 0.5088013888888889 0.03168489583333335 0.03168425925925931
4 0.34657499999999997 0.5463537037037036 0.007920833333333318 0.02699074074074072
4 0.3043286458333333 0.45716666666666667 0.014521874999999972 0.0692370370370371
4 0.28056484375 0.4507125 0.018482812499999984 0.07510462962962963
4 0.2525106770833333 0.4554064814814815 0.012542187500000008 0.07041111111111109
4 0.20366354166666667 0.5428328703703704 0.008581249999999999 0.029337962962962913
4 0.09276666666666666 0.5821453703703704 0.023103125000000002 0.03051111111111111
4 0.044579375 0.5944675925925926 0.020463124999999995 0.036379629629629595
4 0.6977473958333335 0.7018439814814815 0.021119791666666644 0.025817592592592628
4 0.4238065104166666 0.4577537037037037 0.011881770833333328 0.018775925925925894
4 0.41258515625 0.4888518518518519 0.018482812500000043 0.022296296296296335
4 0.38156015624999995 0.48181064814814817 0.011881770833333328 0.022297222222222187
