4 0.5980729166666667 0.5569152777777777 0.011885416666666633 0.017602777777777853
4 0.6066536458333334 0.5698240740740741 0.009244791666666667 0.019950000000000048
4 0.5812395833333334 0.5803851851851852 0.016499999999999914 0.019950000000000048
4 0.5733203125 0.49413240740740744 0.013859374999999948 0.018775925925925946
4 0.5997239583333334 0.49413240740740744 0.013864583333333276 0.01642962962962955
4 0.76771875 0.5979884259259259 0.01584375000000004 0.024643518518518526
4 0.7215104166666666 0.598574537037037 0.01452083333333339 0.021123148148148137
4 0.27231380208333333 0.47887685185185186 0.011221354166666645 0.018775925925925946
4 0.24623984374999996 0.4882648148148149 0.014522395833333323 0.016429629629629655
4 0.30597864583333334 0.5228837962962963 0.008581249999999999 0.024643518518518526
1 0.32446171875 0.519362962962963 0.04686718749999995 0.09270740740740743
4 0.7885130208333334 0.24065416666666667 0.009901041666666662 0.016428703703703727
4 0.7670598958333333 0.23478657407407408 0.018484375000000004 0.014082407407407384
4 0.7644192708333333 0.2488689814814815 0.018484375000000004 0.0164287037037037
4 0.4812351562500001 0.4565800925925926 0.011881770833333328 0.01877685185185185
4 0.44393958333333333 0.4618611111111111 0.01782291666666668 0.022296296296296335
0 0.25878151041666664 0.46831527777777776 0.05940885416666669 0.0868398148148148
0 0.7710208333333334 0.21483703703703705 0.05544791666666657 0.10796296296296298
0 0.7442864583333333 0.578625 0.09967708333333339 0.16663888888888892
0 0.5845390625 0.5616092592592593 0.06139062499999994 0.08801296296296304
0 0.45516119791666665 0.44132453703703706 0.0811921875 0.14082129629629628
0 0.5878411458333334 0.4782902777777778 0.05874479166666665 0.08331944444444452
