3 0.4663830729166667 0.08281699074074075 0.05082760416666669 0.0551549074074074
3 0.6300885416666666 0.007125603842592593 0.028385416666666666 0.014082125648148149
3 0.5115997395833334 0.1690699074074074 0.0712901041666667 0.13612685185185186
3 0.48453593749999996 0.21894444444444447 0.0646895833333333 0.08097222222222221
4 0.8733333333333333 0.45716712962962963 0.01452083333333339 0.012908333333333362
1 0.8703645833333332 0.4559930555555556 0.023104166666666613 0.041073148148148185
1 -0.0029478125000000003 0.7030171296296296 0.045546874999999994 0.0704101851851852
4 0.9845598958333334 0.4336967592592593 0.015182291666666714 0.01056203703703702
4 0.9964427083333334 0.4542328703703704 0.007260416666666695 0.03989907407407403
4 0.9832421874999999 0.45481990740740746 0.005942708333333376 0.03168425925925925
4 0.9700390624999999 0.45012546296296296 0.012546874999999957 0.03637870370370369
2 0.9782890625 0.46362129629629634 0.05280729166666672 0.07979814814814816
4 0.2894763020833333 0.6349537037037037 0.012542187500000008 0.01408148148148156
4 0.26538281249999995 0.6331935185185185 0.010561458333333313 0.015255555555555555
4 0.8327395833333334 0.7546518518518519 0.0072604166666665765 0.01642962962962955
4 0.8175546874999999 0.7417435185185185 0.01122395833333331 0.011735185185185166
4 0.8139270833333333 0.7569986111111111 0.010562500000000105 0.016428703703703647
4 0.2990479166666667 0.5739310185185186 0.01320208333333331 0.014082407407407464
4 0.2742940104166667 0.578038425925926 0.01254218749999995 0.012908333333333258
4 0.8581510416666667 0.7165125 0.009239583333333337 0.017602777777777853
4 0.8304270833333334 0.7176861111111112 0.010562499999999985 0.015255555555555555
4 0.9287812500000001 0.931850925925926 0.009239583333333337 0.016427777777777743
4 0.8947890624999999 0.8966467592592593 0.01122395833333331 0.01642870370370375
4 0.9013880208333332 0.9253967592592592 0.015182291666666714 0.019947222222222227
4 0.7888411458333333 0.5868398148148148 0.0145260416666666 0.014081481481481454
4 0.7720104166666667 0.5762777777777778 0.008583333333333342 0.011735185185185166
4 0.7667291666666666 0.5844930555555556 0.008583333333333224 0.014082407407407358
0 0.28749609374999996 0.5551550925925927 0.049507812500000005 0.07275833333333329
0 0.2782546875 0.6255657407407408 0.056108333333333364 0.09622777777777772
0 0.7825703124999999 0.5733444444444444 0.05082812499999995 0.06219629629629632
0 0.8367005208333333 0.7065379629629629 0.06139062500000006 0.11265740740740737
0 0.8208567708333333 0.7417430555555555 0.04554687500000002 0.0704101851851852
0 0.9086484375 0.9171833333333334 0.06139062499999994 0.09270740740740732
