4 0.3749591145833333 0.3650462962962963 0.022443229166666672 0.02112407407407404
1 0.36868828124999997 0.37326111111111115 0.042906770833333316 0.1032685185185185
4 0.6538515625 0.2764462962962963 0.025744791666666583 0.019949999999999992
4 0.7036901041666667 0.3621125 0.00792187500000002 0.07158425925925929
4 0.67134375 0.32221342592592594 0.009239583333333337 0.05515462962962964
4 0.6528619791666666 0.3151717592592593 0.011880208333333423 0.059849074074074075
4 0.6347083333333332 0.3204532407407407 0.0112187500000001 0.05163425925925925
4 0.5993932291666667 0.3439231481481482 0.006598958333333371 0.04694074074074077
4 0.6518723958333333 0.3574185185185185 0.025744791666666583 0.019950000000000048
2 0.652203125 0.3398157407407407 0.1161770833333333 0.1537296296296296
4 0.34096406250000005 0.40846620370370373 0.016502083333333376 0.01877685185185185
4 0.30432864583333336 0.39614444444444447 0.010561458333333343 0.019949999999999992
4 0.4013630208333333 0.5557416666666667 0.023763541666666655 0.015255555555555555
4 0.40664401041666665 0.5762782407407407 0.01716302083333332 0.021123148148148137
4 0.3799098958333333 0.5657162037037038 0.012541666666666687 0.021123148148148137
0 0.33205286458333333 0.390863425925926 0.07921197916666665 0.13378055555555557
0 0.3970723958333333 0.5533949074074075 0.06270937500000003 0.09740092592592592
0 0.5769505208333333 0.7417430555555555 0.09373437500000001 0.15959722222222222
