4 0.048870026041666674 0.5533949074074075 0.03564536458333334 0.024643518518518526
1 0.05613111979166666 0.5352055555555555 0.058088802083333335 0.09622777777777783
4 0.47034374999999995 0.470662037037037 0.017822916666666622 0.018775925925925894
4 0.433378125 0.4829842592592593 0.02310312499999997 0.022296296296296283
4 0.28749609375 0.4929587962962964 0.019143229166666664 0.021123148148148137
4 0.5528541666666666 0.6026824074074074 0.01782291666666668 0.022296296296296335
4 0.5822291666666667 0.4395643518518519 0.014520833333333271 0.0176027777777778
4 0.5419661458333334 0.4407379629629629 0.013203124999999953 0.019949999999999992
0 0.5634187500000001 0.42489537037037034 0.08647499999999995 0.13612777777777776
0 0.45021067708333334 0.44249768518518523 0.07921197916666665 0.14082129629629633
0 0.5551656250000001 0.5768648148148149 0.0792104166666667 0.1725055555555556
0 0.2868359375 0.4735962962962963 0.046866666666666654 0.08801296296296295
0 0.5855312499999998 0.37443425925925927 0.046208333333333344 0.07275740740740738
