4 0.13369296875 0.49941296296296295 0.029704687499999993 0.019950000000000048
1 0.13897369791666667 0.4847444444444445 0.041585937499999996 0.08214629629629631
4 0.542625 0.6625310185185186 0.010562499999999985 0.012908333333333362
4 0.5122598958333333 0.6390606481481482 0.009241666666666622 0.017602777777777853
4 0.35845651041666665 0.6320199074074074 0.011881770833333328 0.019949074074074143
4 0.3327127604166667 0.6402342592592593 0.015842187500000014 0.022296296296296335
4 0.5885026041666667 0.7294212962962963 0.01650520833333336 0.017601851851851844
4 0.569359375 0.7100583333333335 0.005937499999999929 0.01877592592592584
4 0.6201848958333334 0.6830680555555556 0.009901041666666662 0.021123148148148137
4 0.5624270833333334 0.5410726851851853 0.014520833333333271 0.021123148148148137
0 0.5878411458333334 0.7036037037037037 0.04422395833333326 0.09270740740740732
0 0.34591484375000003 0.6167643518518519 0.062049479166666664 0.09740092592592592
0 0.5620963541666666 0.5246439814814815 0.06534895833333335 0.14082129629629628
0 0.53833359375 0.6284995370370371 0.07327031250000005 0.15138240740740735
0 0.41060468750000007 0.2482824074074074 0.056768749999999986 0.08097222222222224
0 0.6053333333333333 0.6725060185185185 0.054125000000000034 0.1032694444444444
