4 0.9228437500000001 0.38968981481481485 0.01584374999999992 0.011735185185185166
1 0.9192109374999999 0.3896902777777778 0.025744791666666583 0.05163425925925925
4 0.12775182291666667 0.647275462962963 0.013861979166666672 0.01760277777777775
4 0.13666328125000002 0.6595972222222223 0.00924114583333333 0.01642962962962955
4 0.11355989583333333 0.6625310185185186 0.01320208333333334 0.01760277777777775
4 0.35350598958333335 0.48063703703703703 0.009901562499999983 0.012909259259259266
4 0.3310625 0.49530601851851846 0.011221875000000025 0.014082407407407358
4 0.6512109374999999 0.42665555555555557 0.008578125000000015 0.012909259259259266
4 0.6647421875 0.4248953703703704 0.00792187500000002 0.011735185185185166
4 0.8221770833333333 0.5199495370370371 0.012541666666666628 0.014082407407407358
4 0.8172265625 0.528750925925926 0.011880208333333305 0.012909259259259266
4 0.8426406249999999 0.5310981481481482 0.013864583333333395 0.012909259259259266
4 0.7109505208333333 0.638474074074074 0.01320312500000007 0.016429629629629655
4 0.7396640625 0.6331935185185185 0.007265625000000024 0.015255555555555555
0 0.8333984375 0.5140819444444444 0.05346354166666671 0.06336944444444441
0 0.10299817708333334 0.4184407407407408 0.03696510416666666 0.069237037037037
0 0.7175494791666667 0.6208712962962962 0.0633697916666667 0.11500370370370377
0 0.6564921875 0.41844120370370375 0.03498437499999992 0.048113888888888914
0 0.33832369791666667 0.48533101851851856 0.058748437500000014 0.09036018518518518
0 0.11818046874999999 0.647275925925926 0.050167187499999995 0.0692370370370371
3 0.4898169270833333 0.10041981481481482 0.08581406250000001 0.11383074074074073
