3 0.5970807291666667 0.031769351851851854 0.015182291666666714 0.023470185185185184
3 0.6472526041666666 0.11802268518518517 0.020463541666666647 0.024643518518518516
3 0.5409739583333334 0.02824875 0.008583333333333342 0.01408212962962963
3 0.5053289062499999 0.03528986111111111 0.007260937500000016 0.011735092592592596
3 0.5040088541666666 0.057586574074074075 0.011221875000000025 0.02347018518518519
3 0.44724010416666665 0.03705013888888889 0.007261458333333337 0.01290861111111111
3 0.41324505208333334 0.03059578703703704 0.010561979166666664 0.016429166666666665
3 0.4330481770833333 0.05113226851851852 0.007921354166666698 0.01525564814814815
3 0.49905781250000003 0.11802222222222222 0.017162499999999997 0.0316851851851852
3 0.32050104166666665 0.0904450462962963 0.009901041666666662 0.018776574074074064
4 0.7871927083333332 0.3468564814814815 0.012541666666666748 0.015255555555555555
1 0.7954427083333333 0.34627037037037034 0.02904166666666678 0.04224629629629633
4 0.24194921875 0.3879296296296296 0.012542187500000008 0.010561111111111065
4 0.24722994791666666 0.39790462962962964 0.009901562500000013 0.016429629629629603
4 0.22544661458333334 0.3949708333333333 0.013861979166666672 0.01290833333333331
4 0.5759583333333333 0.7722541666666667 0.021781249999999967 0.021123148148148137
4 0.5469166666666666 0.7534782407407408 0.012541666666666628 0.023469444444444428
4 0.3284221354166667 0.48005046296296305 0.013861979166666672 0.014082407407407358
4 0.3888213541666667 0.4067055555555556 0.009241666666666681 0.015255555555555555
4 0.3739692708333333 0.4043587962962963 0.008581249999999999 0.01290833333333331
4 0.960796875 0.903100925925926 0.013864583333333276 0.022296296296296335
4 0.6357005208333334 0.49882638888888897 0.00792187500000002 0.01642870370370375
4 0.6475807291666666 0.38558287037037037 0.00792187500000002 0.01056203703703702
4 0.6376770833333334 0.3949708333333333 0.010562499999999985 0.01290833333333331
0 0.9749895833333333 0.8872574074074074 0.07261458333333337 0.09622592592592602
0 0.23303776041666666 0.3738476851851852 0.050167187500000016 0.07158425925925924
0 0.6413098958333333 0.38734259259259257 0.03234895833333328 0.042246296296296275
0 0.6399895833333333 0.48885138888888885 0.04818749999999999 0.09505462962962963
0 0.5752994791666667 0.7511310185185185 0.07195312500000005 0.1337805555555555
0 0.3280921875 0.4659680555555556 0.02640416666666662 0.05632870370370374
0 0.38122994791666664 0.3943842592592593 0.03366510416666664 0.05398148148148144
