1 -0.0019576562500000006 0.7047777777777777 0.039605937499999994 0.07393148148148149
1 0.9060104166666666 0.4190277777777778 0.028385416666666666 0.05398148148148149
4 0.9106302083333332 0.4178541666666667 0.01782291666666668 0.0164287037037037
3 0.30531874999999997 0.1497074074074074 0.02178333333333337 0.0340314814814815
3 0.5875104166666667 0.09220495370370371 0.01584375000000004 0.01994935185185185
3 0.6502213541666666 0.1426662037037037 0.0145260416666666 0.02229722222222224
3 0.5422942708333333 0.11156805555555557 0.01122395833333331 0.02112314814814815
3 0.40730416666666663 0.11978240740740742 0.014521875000000031 0.023470370370370357
0 0.13402291666666666 0.579212037037037 0.05676875000000001 0.09974814814814821
0 0.8073255208333333 0.529337962962963 0.05413020833333337 0.09622777777777783
0 0.8040234374999999 0.43076296296296296 0.027723958333333344 0.039899999999999984
4 0.13600312499999997 0.5897736111111112 0.014521875000000002 0.019949074074074036
4 0.8274583333333333 0.5387259259259259 0.007260416666666695 0.018775925925925946
4 0.8040234374999999 0.540486111111111 0.011880208333333423 0.015255555555555555
4 0.8066640625 0.4260689814814815 0.01583854166666671 0.014082407407407412
4 0.8073229166666667 0.43721712962962966 0.010562499999999985 0.012908333333333362
