3 0.44558984375 0.07049537037037037 0.025083854166666697 0.04694074074074075
3 0.40499375 0.09513902777777779 0.024423958333333336 0.039899722222222225
4 0.8456093750000001 0.35331111111111113 0.014520833333333271 0.016429629629629603
1 0.8541927083333334 0.3580055555555555 0.03168749999999996 0.05398148148148149
0 0.6541796875 0.49530601851851846 0.04884895833333332 0.08918611111111113
4 0.33040260416666667 0.7241407407407408 0.012541666666666687 0.018775925925925946
4 0.3185208333333333 0.7499578703703704 0.02178333333333331 0.021123148148148137
4 0.2845255208333333 0.7399828703703704 0.01320208333333331 0.01525648148148146
4 0.3934421875 0.687175 0.01320208333333331 0.019950000000000048
4 0.3568065104166667 0.6901087962962963 0.011221354166666645 0.021123148148148245
0 0.374959375 0.6642916666666666 0.07393124999999999 0.15725000000000006
0 0.309609375 0.7124055555555556 0.06601041666666667 0.12439259259259264
