1 0.10761874999999999 0.38088888888888894 0.04356666666666666 0.07393148148148149
4 0.507309375 0.41257314814814816 0.011221875000000025 0.015255555555555555
4 0.48882630208333333 0.4278291666666667 0.020463020833333328 0.01760277777777775
4 0.5162197916666666 0.4260689814814815 0.010560416666666642 0.021123148148148137
4 0.6320703125 0.3885166666666667 0.015182291666666714 0.016429629629629655
4 0.6000520833333333 0.38323564814814814 0.009239583333333337 0.01760277777777775
4 0.04787973958333334 0.6989097222222223 0.025743645833333335 0.024643518518518526
4 0.012234494791666667 0.6912819444444445 0.021783302083333334 0.02816388888888892
4 0.8904973958333334 0.8227152777777779 0.009244791666666667 0.021123148148148137
4 0.8574921875 0.8285828703703704 0.021119791666666762 0.025817592592592628
4 0.8462708333333334 0.7892703703703704 0.013197916666666623 0.022296296296296335
4 0.7073203125 0.7681472222222222 0.019140625 0.022296296296296335
0 0.8611223958333333 0.805112962962963 0.07986979166666662 0.11500370370370377
0 0.7092994791666667 0.7305949074074074 0.08515104166666668 0.1701583333333333
0 0.6241458333333334 0.37326064814814813 0.06931250000000008 0.1220453703703704
0 0.49179635416666667 0.3967310185185185 0.06468854166666667 0.11265648148148147
0 0.03269755208333333 0.676026388888889 0.07855177083333334 0.11031018518518518
