3 0.3247916666666666 0.13621203703703705 0.025083333333333315 0.035205555555555545
3 0.4310677083333333 0.10276671296296297 0.021122916666666686 0.03872583333333334
3 0.5168809895833334 0.008299092592592592 0.02112343750000001 0.025817185185185183
4 0.85353125 0.38675601851851854 0.01452083333333339 0.01290833333333331
1 0.8548541666666667 0.39086342592592593 0.03036458333333331 0.06336944444444441
4 0.33238281249999996 0.6936296296296297 0.012541666666666687 0.011735185185185166
4 0.3597768229166667 0.4782898148148148 0.014522395833333293 0.008214814814814881
4 0.3627473958333333 0.49061203703703704 0.009901041666666662 0.011735185185185166
4 0.3495455729166667 0.4841578703703704 0.007260937499999957 0.012908333333333362
4 0.426446875 0.4119865740740741 0.006601041666666655 0.009387962962962973
4 0.42875729166666665 0.42430879629629636 0.007261458333333278 0.01056203703703702
4 0.41258489583333335 0.42665555555555557 0.009241666666666622 0.010561111111111117
4 0.6290963541666666 0.5264037037037038 0.00792187500000002 0.015255555555555555
0 0.61490625 0.5088013888888889 0.06666666666666667 0.10678981481481484
0 0.42083619791666665 0.4184412037037037 0.034984895833333356 0.05280833333333335
0 0.357796875 0.4782902777777778 0.03036458333333331 0.0528083333333334
0 0.33139270833333334 0.6748527777777779 0.0633697916666667 0.12673888888888882
