4 0.20927421875000002 0.549874537037037 0.011881770833333357 0.01760277777777775
4 0.18320026041666668 0.5487004629629629 0.011221354166666675 0.01760277777777775
3 0.33832369791666667 0.10863413888888888 0.1207984375 0.22648727777777777
4 0.893796875 0.39731759259259264 0.01584374999999992 0.015255555555555555
1 0.8921458333333333 0.3990782407407408 0.023104166666666613 0.05632870370370374
4 0.8485807291666667 0.617350925925926 0.013859374999999948 0.018775925925925946
4 0.6475807291666666 0.43663055555555563 0.010557291666666658 0.014081481481481507
4 0.9466067708333333 0.8819777777777779 0.01320312500000007 0.022296296296296335
4 0.9647578125 0.9148347222222222 0.01122395833333331 0.022293518518518518
4 0.3013580729166667 0.5234703703703704 0.012542187500000008 0.016429629629629655
4 0.2868359375 0.5228833333333333 0.007261458333333337 0.01994999999999994
4 0.9347239583333333 0.666638425925926 0.02112499999999997 0.023469444444444428
0 0.947265625 0.6478625 0.06072916666666662 0.08683981481481486
4 0.9680598958333333 0.6625310185185186 0.015182291666666714 0.01760277777777775
0 0.9601380208333334 0.8966458333333334 0.060067708333333414 0.09622685185185192
0 0.8505625 0.6062027777777779 0.058749999999999976 0.10913703703703709
4 0.8726744791666666 0.6126569444444444 0.006598958333333253 0.021123148148148137
0 0.6485703125000001 0.4290027777777778 0.029703124999999986 0.045766666666666664
0 0.2980575520833333 0.5164291666666667 0.03762552083333333 0.061023148148148125
0 0.1957421875 0.5410731481481481 0.06006875 0.10796296296296298
