3 0.3257817708333333 0.008299097222222223 0.024423958333333336 0.028164212962962967
3 0.30531874999999997 0.030595833333333336 0.01782291666666668 0.025817222222222224
4 0.6597916666666668 0.31927962962962964 0.01782291666666668 0.018775925925925946
1 0.6568229166666666 0.3198662037037037 0.03168749999999996 0.05515462962962959
3 0.8528723958333333 0.27527268518518516 0.018484375000000004 0.01290833333333331
4 0.8670651041666666 0.3016763888888889 0.009901041666666662 0.04459351851851852
4 0.8512213541666666 0.2993296296296296 0.008578125000000015 0.037551851851851836
4 0.8366979166666667 0.29756944444444444 0.016500000000000032 0.04107222222222218
2 0.8456093750000001 0.3104777777777778 0.06996874999999995 0.09974814814814816
4 0.6492317708333334 0.5346185185185186 0.015182291666666596 0.017601851851851844
4 0.6205182291666667 0.5246435185185185 0.013203124999999953 0.01642962962962955
4 0.6505520833333333 0.5839060185185185 0.013864583333333276 0.019949074074074036
4 0.6898281249999999 0.5751050925925926 0.010562499999999985 0.021123148148148137
4 0.6799270833333333 0.5944675925925927 0.019802083333333324 0.015255555555555555
4 0.5683671874999999 0.6437550925925926 0.011880208333333423 0.019949074074074143
4 0.5574765625 0.6637046296296297 0.019140625 0.012909259259259266
4 0.5782682291666668 0.657837037037037 0.011880208333333423 0.015255555555555555
0 0.6465911458333333 0.5176027777777777 0.08119270833333339 0.09622777777777783
0 0.6753046875000001 0.5745180555555555 0.0633697916666667 0.08801388888888885
0 0.5614375 0.6461018518518519 0.05214583333333327 0.07627777777777778
