4 0.39443203125 0.15498750000000003 0.020463020833333328 0.021123148148148165
1 0.40598385416666666 0.1632027777777778 0.04752708333333331 0.08918703703703702
4 0.7994036458333333 0.09337875000000001 0.022442708333333408 0.019949907407407413
4 0.7753098958333333 0.1285837962962963 0.01650520833333336 0.05984907407407406
4 0.7977552083333334 0.13327777777777777 0.007260416666666695 0.05750185185185187
4 0.8198671875 0.13151805555555554 0.013203124999999953 0.06336944444444444
2 0.794453125 0.1514675462962963 0.09439583333333333 0.1431686111111111
4 0.6624322916666666 0.5545680555555556 0.0112187500000001 0.024643518518518526
4 0.6205182291666667 0.5645430555555556 0.017161458333333237 0.025817592592592628
4 0.3683580729166666 0.696562962962963 0.011881770833333328 0.02464444444444443
4 0.3379934895833333 0.7135791666666668 0.018482812500000043 0.025817592592592524
4 0.5063190104166666 0.4964796296296296 0.015842187500000014 0.023470370370370332
4 0.47760468749999996 0.48357083333333334 0.012541666666666687 0.025817592592592576
0 0.34591484375000003 0.686588425925926 0.06732968750000001 0.12204537037037035
0 0.49509817708333337 0.4706620370370371 0.06601197916666669 0.09622777777777783
0 0.6343776041666667 0.5410726851851851 0.09241145833333336 0.17837314814814814
