1 0.3591169270833333 0.578625462962963 0.051488020833333314 0.09388055555555552
4 0.33931406249999996 0.5809722222222223 0.01320208333333337 0.0352055555555556
0 0.3561463541666667 0.322212962962963 0.04158645833333333 0.08097222222222221
0 0.5591276041666667 0.49295925925925926 0.07656770833333333 0.12673888888888893
0 0.5191908854166667 0.559849074074074 0.09175364583333334 0.14551481481481487
0 0.5337125 0.7012569444444445 0.09175208333333333 0.12556574074074073
0 0.8419791666666666 0.6906958333333334 0.08779166666666675 0.17954722222222227
0 0.42380677083333335 0.5797986111111111 0.056768749999999986 0.08918611111111104
4 0.50367890625 0.5886 0.018482812499999984 0.02464444444444443
4 0.5472447916666667 0.5856662037037037 0.01584375000000004 0.023469444444444428
4 0.5719973958333334 0.5328578703703704 0.020463541666666765 0.021123148148148137
4 0.5429557291666666 0.519362962962963 0.019140625 0.02464444444444443
4 0.35680651041666667 0.3298412037037038 0.024423437500000016 0.0164287037037037
4 0.3558161458333333 0.3503777777777778 0.017162499999999997 0.015255555555555555
4 0.5000481770833333 0.7253143518518519 0.01650260416666664 0.0328583333333333
4 0.5439453125 0.7311814814814814 0.02904687499999999 0.02581666666666662
4 0.40565390625 0.5921203703703704 0.009901562499999983 0.026990740740740825
4 0.42941744791666664 0.6038555555555556 0.01650260416666664 0.02229629629629623
4 0.8759765625 0.7012574074074074 0.013203124999999953 0.02699074074074072
4 0.8340572916666665 0.7147527777777778 0.01782291666666668 0.023470370370370332
