3 0.46407265625 0.18021805555555556 0.01320156249999999 0.029337962962962965
3 0.46968359375 0.22539861111111112 0.06138906249999998 0.08918611111111112
4 0.8211874999999998 0.4395643518518519 0.014520833333333271 0.01290833333333331
4 0.9964427083333334 0.4178541666666667 0.01121874999999998 0.00938796296296292
4 0.9964427083333334 0.43839074074074075 0.005937499999999929 0.03168518518518521
4 0.9835703124999999 0.43487037037037035 0.011880208333333305 0.03403148148148145
2 0.9954531249999999 0.44953888888888893 0.05940624999999997 0.07745185185185188
1 0.8198671875 0.4407375 0.021119791666666762 0.04341944444444442
4 0.29607734374999994 0.4565800925925926 0.009901562500000042 0.009387962962962973
4 0.30036796875 0.46362129629629634 0.010561979166666664 0.011735185185185166
4 0.2822151041666667 0.46303472222222225 0.012541666666666687 0.01290833333333331
4 0.45912187499999996 0.5487004629629629 0.008581249999999999 0.012908333333333362
4 0.43667838541666665 0.5492875 0.009901562499999983 0.014082407407407464
4 0.18187994791666667 0.6666384259259259 0.009901562499999983 0.014082407407407358
4 0.16702786458333332 0.6595976851851852 0.014522395833333323 0.014082407407407464
4 0.16372734374999998 0.6754398148148149 0.010561979166666664 0.012909259259259266
4 0.914921875 0.5310981481481482 0.009239583333333337 0.015255555555555555
4 0.9258124999999999 0.5457671296296296 0.012541666666666628 0.014082407407407464
4 0.9083203124999999 0.5404861111111111 0.006598958333333253 0.012909259259259266
4 0.8264661458333333 0.8062861111111111 0.01716145833333336 0.01408148148148156
4 0.8297682291666667 0.8238888888888889 0.018484375000000004 0.016429629629629655
4 0.8007239583333332 0.8027652777777778 0.013197916666666623 0.021123148148148137
0 0.923171875 0.5363787037037037 0.036302083333333235 0.046940740740740665
0 0.8175546874999999 0.7968981481481482 0.06667187499999999 0.08449259259259255
0 0.4445997395833333 0.5398995370370371 0.05082760416666669 0.09153425925925923
0 0.28914609375 0.4471921296296296 0.04224635416666664 0.06336944444444446
0 0.17395885416666665 0.6613574074074074 0.04290625 0.06219629629629632
