4 0.9020494791666667 0.431349537037037 0.013859374999999948 0.01056203703703702
4 0.9987552083333334 0.4290027777777778 0.005281250000000052 0.03168518518518516
4 0.9855520833333333 0.4248949074074074 0.010562500000000105 0.03285833333333336
2 0.9974348958333332 0.44132453703703706 0.05808854166666665 0.07510462962962963
1 0.899078125 0.43545694444444444 0.02244791666666662 0.04928796296296296
4 0.29838776041666665 0.4454319444444445 0.009241145833333301 0.01056203703703702
4 0.3023481770833333 0.4536462962962963 0.00924114583333336 0.010561111111111117
4 0.28452578125000005 0.4524726851851852 0.011881770833333328 0.012908333333333362
4 0.17725937499999997 0.6584236111111113 0.012541666666666658 0.014082407407407358
4 0.16504765624999998 0.6490356481481482 0.00924114583333333 0.014082407407407358
4 0.15943671875 0.6619444444444446 0.007260937499999986 0.014081481481481454
4 0.9779583333333333 0.5797986111111111 0.01782291666666668 0.014082407407407464
4 0.9769713541666666 0.5950541666666667 0.01320312500000007 0.014082407407407464
4 0.79478125 0.7722546296296297 0.010562499999999985 0.018775925925925946
4 0.7875208333333333 0.7828157407407408 0.009239583333333337 0.023470370370370332
0 0.9779609374999999 0.5821458333333334 0.03498437500000004 0.05632870370370374
0 0.8126067708333333 0.7740148148148148 0.05808854166666665 0.08801296296296295
0 0.29079661458333333 0.43310972222222227 0.041585937499999955 0.06336944444444446
0 0.17395885416666665 0.6507958333333334 0.04290625 0.0668898148148148
