1 0.07032317708333333 0.6948027777777778 0.03762552083333333 0.07041111111111109
1 0.8119453124999999 0.45540694444444446 0.019807291666666654 0.05163425925925925
4 0.05613114583333333 0.7018439814814815 0.010561666666666669 0.025817592592592628
4 0.8139244791666668 0.45188611111111116 0.011880208333333423 0.014081481481481507
3 0.3799098958333333 0.21835740740740742 0.015182291666666655 0.025816666666666672
3 0.40433359375 0.19606064814814814 0.009901562499999983 0.025817592592592604
3 0.5802499999999999 0.17141712962962963 0.014520833333333271 0.023469444444444452
3 0.5310729166666667 0.1948875 0.013864583333333335 0.021123148148148137
3 0.4878361979166667 0.26940555555555556 0.015842187500000014 0.026990740740740773
0 0.9208619791666666 0.5557421296296297 0.03696354166666668 0.04811388888888886
0 0.9119505208333334 0.5762782407407407 0.031026041666666632 0.04928796296296296
0 0.7469244791666666 0.5469402777777779 0.046869791666666674 0.07510462962962958
0 0.6000520833333333 0.8485328703703704 0.06072916666666674 0.09857500000000001
0 0.32875234375 0.9165958333333334 0.05280781249999998 0.07510462962962969
0 0.17098828125 0.6003351851851852 0.03564531250000001 0.05280740740740745
0 0.16867812499999998 0.647275462962963 0.054788541666666676 0.09036018518518514
0 0.2627424479166667 0.5504611111111112 0.038285937500000006 0.07979814814814816
4 0.2627424479166667 0.5604361111111111 0.011881770833333298 0.015255555555555555
4 0.18022968749999999 0.6613574074074074 0.01320208333333331 0.01994999999999994
4 0.18551067708333333 0.6736796296296296 0.014522395833333352 0.018775925925925946
4 0.16075677083333334 0.676613425925926 0.01782291666666665 0.019949074074074036
4 0.3403041666666667 0.9083814814814816 0.011221875000000025 0.023470370370370332
4 0.3310625 0.9347861111111111 0.01782291666666668 0.022298148148148143
4 0.30927916666666666 0.9289185185185185 0.011221875000000025 0.02464444444444443
4 0.9281223958333332 0.5680638888888889 0.009244791666666667 0.011735185185185166
4 0.7614453124999999 0.5557421296296297 0.009901041666666662 0.01760277777777775
4 0.7396640625 0.5563287037037038 0.009901041666666662 0.016429629629629655
4 0.5825625 0.8549865740740741 0.012541666666666628 0.024643518518518526
4 0.6102838541666666 0.8784569444444446 0.020463541666666765 0.02229722222222224
4 0.9122812499999999 0.5721712962962963 0.01584375000000004 0.015255555555555555
4 0.9099687499999999 0.5839060185185185 0.012541666666666748 0.012908333333333362
2 0.9152526041666665 0.45716666666666667 0.05082812499999995 0.07393148148148149
3 0.9211901041666666 0.4295893518518519 0.015182291666666714 0.009387962962962973
4 0.9307630208333334 0.4489523148148148 0.00792187500000002 0.03637870370370369
4 0.9192135416666666 0.4471921296296296 0.0072604166666665765 0.03285833333333336
4 0.9079895833333332 0.4442583333333333 0.01121874999999998 0.03168518518518516
0 0.4785950520833333 0.6496226851851852 0.005280729166666671 0.005867592592592583
