1 0.07296359375 0.4348699074074074 0.04554677083333333 0.08331944444444452
4 0.90171875 0.3439231481481482 0.01452083333333339 0.016429629629629655
4 0.885546875 0.35331111111111113 0.02310416666666673 0.011735185185185218
4 0.7627682291666666 0.7845763888888889 0.021786458333333415 0.024643518518518526
4 0.7092994791666667 0.5968148148148148 0.009901041666666662 0.01994999999999994
4 0.6733255208333334 0.5751046296296297 0.011880208333333305 0.01877592592592584
4 0.6852057291666666 0.6026824074074074 0.018484375000000004 0.022296296296296335
4 0.39806276041666666 0.4102263888888889 0.01320156249999999 0.0176027777777778
4 0.36208723958333333 0.4090527777777778 0.011221354166666704 0.019949999999999992
4 0.43139765625 0.5252305555555556 0.01782239583333336 0.019950000000000048
4 0.6043437500000001 0.25532314814814816 0.01782291666666668 0.012909259259259266
4 0.6069843749999999 0.26881851851851857 0.016500000000000032 0.011735185185185166
4 0.5819010416666667 0.25825694444444447 0.01121874999999998 0.0164287037037037
0 0.3815604166666667 0.39673101851851855 0.07789166666666662 0.1220453703703704
0 0.8842265625000001 0.3357087962962963 0.0627135416666667 0.08214537037037035
0 0.7690390625 0.7616925925925927 0.06997395833333328 0.1032685185185185
0 0.6881770833333334 0.5850796296296297 0.05479166666666669 0.08566666666666665
0 0.4300776041666667 0.5041069444444445 0.04158645833333333 0.08331944444444446
0 0.5964218750000001 0.23948055555555559 0.05742708333333333 0.09153333333333333
