4 0.49740781249999994 0.31575879629629633 0.01914270833333334 0.0164287037037037
4 0.6512109375 0.2559097222222223 0.020463541666666647 0.014082407407407412
4 0.6703541666666666 0.2870078703703704 0.012541666666666628 0.05280833333333335
4 0.6508802083333334 0.2881814814814815 0.005281250000000052 0.041072222222222225
4 0.6323984374999999 0.2846606481481481 0.01320312500000007 0.05280833333333335
2 0.6489010416666666 0.3022638888888889 0.08185416666666671 0.12321851851851855
1 0.49311718750000005 0.31810555555555553 0.03696562500000002 0.07275740740740744
4 0.06471223958333333 0.5886 0.011881770833333334 0.02229629629629623
4 0.333703125 0.4753564814814815 0.011221874999999966 0.018775925925925946
4 0.38717109375000003 0.51995 0.012542187500000008 0.01877592592592584
4 0.3485552083333333 0.5211236111111112 0.01320208333333331 0.021123148148148137
4 0.8281197916666666 0.509975 0.012541666666666628 0.015255555555555555
4 0.8030338541666667 0.49882638888888886 0.013859375000000066 0.01877685185185185
4 0.9053515625 0.6672254629629629 0.015182291666666596 0.017602777777777853
4 0.8805963541666666 0.6836546296296296 0.027723958333333226 0.02229629629629623
0 0.3660479166666667 0.509387962962963 0.08251249999999999 0.13612777777777782
0 0.34294453125 0.479463425925926 0.046867187500000004 0.06454351851851851
0 0.04325911458333333 0.5463537037037036 0.07459114583333333 0.12556481481481482
0 0.8135937499999999 0.4876777777777778 0.053468750000000044 0.08097222222222226
0 0.8829036458333333 0.6613574074074074 0.08119270833333327 0.11148333333333327
