1 0.9703671875 0.37032731481481485 0.027723958333333344 0.05280833333333335
1 0.14062395833333333 0.6408212962962964 0.040926041666666656 0.07745185185185177
4 0.12610156250000001 0.6419944444444445 0.009241666666666667 0.0352055555555556
3 0.413575 0.13621203703703705 0.01914270833333334 0.03051111111111111
3 0.52480234375 0.06110708333333333 0.015843229166666715 0.030511203703703707
3 0.6456015624999999 0.1444263888888889 0.01716145833333336 0.030512037037037042
3 0.6911458333333333 0.11391481481481482 0.02112499999999997 0.030511111111111096
3 0.7591354166666666 0.02238122685185185 0.01452083333333339 0.030511249999999997
3 0.474634375 0.057586574074074075 0.014521875000000031 0.02347018518518519
0 0.7333932291666667 0.7822296296296296 0.05413020833333325 0.08097222222222226
0 0.9109583333333333 0.7153393518518518 0.07657291666666666 0.1020953703703704
0 0.34723515625 0.5088013888888889 0.051488020833333314 0.09505462962962968
4 0.3581265625 0.5252305555555556 0.012541666666666687 0.015255555555555555
4 0.3337028645833333 0.51995 0.009901562500000042 0.01877592592592584
4 0.17329895833333336 0.5117351851851852 0.015182291666666684 0.014081481481481454
4 0.17131848958333334 0.5264041666666667 0.013861979166666642 0.012908333333333258
0 0.17758932291666665 0.5129083333333334 0.038285937500000006 0.06571666666666671
4 0.18782109374999997 0.5158425925925926 0.009901562500000013 0.019950000000000048
4 0.7228333333333334 0.7693208333333333 0.010562499999999985 0.01760277777777775
4 0.72778125 0.795137962962963 0.012541666666666748 0.019950000000000048
4 0.7538567708333334 0.7963111111111112 0.011880208333333305 0.01994999999999994
0 0.6822369791666667 0.4507125 0.04158854166666662 0.07510462962962963
4 0.88290625 0.7264875000000001 0.01121874999999998 0.025817592592592628
4 0.9218515625 0.7341152777777779 0.019140625 0.024643518518518526
