3 0.7030286458333334 0.18901990740740743 0.013203124999999953 0.014082407407407412
3 0.6502213541666666 0.1391458333333333 0.011880208333333305 0.017602777777777773
3 0.6198567708333333 0.13797222222222222 0.006598958333333371 0.010561111111111117
3 0.6139166666666666 0.15733472222222222 0.009239583333333337 0.014082407407407412
3 0.6327291666666666 0.23067916666666669 0.008583333333333342 0.0176027777777778
3 0.5855312500000001 0.2283324074074074 0.013197916666666741 0.022296296296296307
3 0.45384114583333335 0.1790449074074074 0.007261458333333337 0.017602777777777773
3 0.45846171874999997 0.20544861111111112 0.009901562499999983 0.014082407407407412
3 0.3960825520833333 0.19078009259259263 0.00924114583333336 0.02229722222222221
4 0.09705729166666666 0.6431680555555556 0.021122916666666658 0.014082407407407358
1 0.10068802083333334 0.6314328703703704 0.028384374999999993 0.06336944444444452
4 0.9020494791666667 0.42313518518518517 0.013859374999999948 0.012909259259259266
1 0.8994088541666666 0.42548240740740745 0.021786458333333297 0.045766666666666664
4 0.11091927083333333 0.7564120370370371 0.017162499999999997 0.012909259259259266
4 0.11785052083333333 0.7710810185185185 0.011221874999999996 0.01642870370370375
4 0.34294427083333334 0.4284162037037037 0.012541666666666687 0.009387962962962973
4 0.34294453124999996 0.43839074074074075 0.009901562499999983 0.010561111111111117
4 0.8594713541666666 0.5440069444444445 0.011880208333333305 0.012908333333333362
4 0.7640859375 0.9013407407407408 0.015182291666666596 0.025816666666666724
4 0.7337239583333334 0.9001671296296296 0.016499999999999914 0.021123148148148137
4 0.7159010416666667 0.8690689814814815 0.008583333333333342 0.02229722222222224
0 0.8617838541666667 0.5346185185185185 0.04422395833333326 0.08331851851851856
0 0.7390052083333333 0.8749365740740741 0.07194791666666672 0.09974907407407411
0 0.342284375 0.4290027777777778 0.02178333333333331 0.04342037037037038
0 0.10233802083333333 0.7575856481481482 0.056768749999999986 0.07393055555555558
