3 0.5871796875000002 0.18784629629629632 0.009901041666666662 0.01642962962962963
3 0.6330572916666667 0.19078009259259263 0.01584375000000004 0.024643518518518502
3 0.6083046875000001 0.21601064814814813 0.01122395833333331 0.016428703703703727
3 0.5706796875 0.21601064814814813 0.01650520833333336 0.025817592592592604
4 0.802375 0.46948842592592593 0.012541666666666628 0.014082407407407464
1 0.8007239583333332 0.470662037037037 0.021125000000000088 0.049287037037037004
4 0.9466067708333333 0.44836574074074076 0.01320312500000007 0.011735185185185166
4 0.9565078124999999 0.46948842592592593 0.007921874999999901 0.03989907407407403
4 0.9446249999999999 0.4671416666666667 0.0066041666666667 0.028164814814814823
4 0.9334036458333334 0.46362129629629634 0.011880208333333305 0.035205555555555545
2 0.9426432291666667 0.47887685185185186 0.04884895833333332 0.07979814814814816
4 0.30597890624999996 0.4947189814814815 0.011221354166666645 0.012908333333333362
4 0.18980130208333332 0.6484490740740741 0.011221354166666645 0.015255555555555555
4 0.17461901041666666 0.6443416666666667 0.009901562500000013 0.018775925925925946
4 0.7729999999999999 0.5721708333333334 0.010562499999999985 0.012908333333333258
4 0.7528645833333333 0.5674768518518519 0.007260416666666695 0.015255555555555661
4 0.8730026041666666 0.5522212962962962 0.009901041666666662 0.015255555555555555
4 0.8832343749999999 0.5674768518518519 0.010562499999999985 0.015255555555555661
4 0.8673932291666666 0.5604356481481482 0.00792187500000002 0.01760277777777775
4 0.9449557291666667 0.8279958333333334 0.009901041666666662 0.01760277777777775
4 0.9736692708333333 0.8532268518518519 0.010557291666666658 0.018775925925925946
4 0.9515572916666667 0.8526402777777778 0.013864583333333276 0.01760277777777775
0 0.7657369791666666 0.5633694444444446 0.047526041666666664 0.08214629629629626
0 0.8789453125 0.5575018518518519 0.036307291666666686 0.05398148148148144
0 0.9538671875 0.8409046296296295 0.052807291666666596 0.07627777777777778
0 0.18386041666666667 0.6396476851851852 0.03234479166666665 0.058675000000000026
0 0.30465859375000004 0.4865046296296296 0.02574427083333332 0.045766666666666664
0 0.13138255208333333 0.5035203703703705 0.04488697916666666 0.07275740740740744
