3 0.9839010416666667 0.38968981481481485 0.013864583333333395 0.011735185185185166
4 0.9951249999999999 0.41140000000000004 0.0072604166666665765 0.03637962962962965
4 0.9812604166666666 0.4102263888888889 0.005937500000000047 0.029337962962962965
4 0.9680572916666667 0.40494537037037037 0.012541666666666628 0.035205555555555545
2 0.9802708333333333 0.42137500000000006 0.054124999999999916 0.07745185185185183
4 0.762765625 0.39790462962962964 0.012541666666666628 0.011735185185185218
1 0.7693697916666666 0.4031851851851852 0.028385416666666666 0.05046111111111116
4 0.947265625 0.8925393518518518 0.01584375000000004 0.01760277777777775
4 0.9284505208333333 0.8714162037037038 0.00990104166666678 0.024643518518518526
0 0.9479270833333333 0.8702425925925926 0.05677083333333333 0.08566666666666665
4 0.15217552083333336 0.6642912037037038 0.015182291666666684 0.014082407407407358
4 0.13666328125000002 0.656663425925926 0.007921354166666669 0.012908333333333362
4 0.24623984374999996 0.5844925925925926 0.007921354166666669 0.016429629629629655
4 0.22247630208333333 0.5915337962962963 0.011881770833333328 0.014082407407407464
4 0.6300885416666666 0.4366300925925926 0.008583333333333342 0.009387962962962973
4 0.6251380208333333 0.44484537037037036 0.007921874999999901 0.011735185185185166
4 0.639 0.44719166666666665 0.0066041666666667 0.011735185185185166
4 0.7832317708333333 0.5264041666666667 0.008578125000000015 0.012908333333333258
4 0.7954427083333333 0.5398990740740741 0.01584375000000004 0.011735185185185166
4 0.8030338541666665 0.6701592592592592 0.008578125000000015 0.01173518518518527
4 0.7746510416666667 0.6713324074074074 0.012541666666666628 0.01408148148148156
0 0.7951119791666666 0.5293375000000001 0.04026562499999997 0.06336944444444441
0 0.12049088541666665 0.4454319444444445 0.041585937499999996 0.07158425925925924
0 0.7835625 0.6595976851851852 0.06072916666666662 0.11031018518518518
0 0.6337161458333334 0.43839074074074075 0.0330052083333334 0.04342037037037038
0 0.22742682291666666 0.579799074074074 0.05742864583333332 0.09622777777777772
0 0.14755494791666665 0.6490356481481482 0.03498489583333334 0.058675000000000026
3 0.5502161458333333 0.18256527777777778 0.013859375000000066 0.02229722222222224
