3 0.52183125 0.08868478240740742 0.20265000000000002 0.1842415462962963
3 0.6251380208333333 0.20544907407407406 0.1254218750000001 0.15490370370370374
4 0.9647578125 0.4225486111111111 0.015182291666666714 0.014082407407407412
1 0.9690468750000001 0.4254819444444444 0.03036458333333331 0.048113888888888914
4 0.7201901041666666 0.5111486111111112 0.011880208333333423 0.012908333333333258
4 0.6977499999999999 0.5023472222222222 0.010562499999999985 0.011735185185185166
4 0.7697005208333332 0.7311814814814814 0.01716145833333336 0.016429629629629655
4 0.7654088541666667 0.7487842592592593 0.01650520833333336 0.018775925925925946
4 0.6198567708333333 0.49941296296296295 0.009244791666666667 0.008214814814814881
4 0.8122760416666667 0.6953898148148148 0.012541666666666628 0.015255555555555555
4 0.7964322916666667 0.6813074074074074 0.016500000000000032 0.015255555555555555
4 0.14062395833333333 0.6414078703703704 0.017162499999999997 0.012908333333333362
4 0.1432640625 0.657250462962963 0.01320208333333334 0.01642870370370375
4 0.12544140625 0.6496226851851852 0.007921354166666669 0.01760277777777775
0 0.13798359375 0.6414078703703704 0.03960572916666665 0.0715842592592592
0 0.7112812499999999 0.4982398148148149 0.053468750000000044 0.08566666666666671
0 0.7792682291666667 0.7282476851851852 0.06534895833333335 0.08566574074074075
0 0.615234375 0.4917856481481482 0.03168750000000008 0.04459351851851847
0 0.8030338541666667 0.6824810185185186 0.04291145833333326 0.06454351851851851
