1 0.07824427083333332 0.6707453703703704 0.03894583333333333 0.069237037037037
1 0.7878515625 0.4348699074074074 0.020463541666666647 0.048113888888888914
4 0.06537239583333333 0.6795472222222223 0.010561458333333329 0.023470370370370437
4 0.7901614583333334 0.431349537037037 0.014520833333333271 0.01290833333333331
3 0.38948125 0.18901990740740743 0.017162499999999997 0.02816388888888889
3 0.4224864583333333 0.16672314814814815 0.010561458333333343 0.01642962962962963
3 0.4528510416666666 0.1637888888888889 0.014521874999999972 0.026990740740740746
3 0.5660572916666666 0.16730972222222223 0.019145833333333327 0.024643518518518526
3 0.62315625 0.1385587962962963 0.013197916666666741 0.023469444444444452
0 0.16966822916666668 0.6273259259259258 0.05808854166666668 0.08331851851851856
0 0.29178645833333333 0.5387259259259259 0.03036458333333331 0.04928703703703705
0 0.3891513020833333 0.5328578703703704 0.05082760416666669 0.07510462962962969
0 0.7528671875 0.5281638888888889 0.044223958333333376 0.07745185185185188
0 0.9373645833333333 0.5610226851851852 0.040927083333333295 0.05632870370370374
0 0.9363723958333333 0.8332773148148148 0.054786458333333364 0.07510462962962958
0 0.8046822916666666 0.8643750000000001 0.07129166666666673 0.09505370370370372
4 0.40499375 0.5322717592592592 0.008581249999999999 0.012908333333333258
4 0.38420052083333334 0.5440064814814816 0.009241666666666681 0.015255555555555555
4 0.1799 0.6408212962962964 0.015182291666666655 0.01642962962962955
4 0.18650078125 0.6531430555555556 0.012542187500000008 0.019949074074074143
4 0.1614171875 0.6543166666666668 0.015182291666666655 0.015255555555555555
0 0.11719036458333333 0.912488425925926 0.04422656250000001 0.07393055555555558
4 0.29673750000000004 0.5346185185185185 0.008581249999999999 0.015255555555555555
4 0.29079661458333333 0.5481138888888889 0.011221354166666645 0.014081481481481454
4 0.9294427083333333 0.5698240740740742 0.013197916666666741 0.015255555555555555
4 0.9469348958333332 0.5727574074074074 0.009901041666666662 0.018775925925925946
4 0.7475859374999999 0.5363787037037037 0.009901041666666662 0.01408148148148156
4 0.7690390625 0.5346185185185186 0.00792187500000002 0.017601851851851844
4 0.7865312499999999 0.8684824074074075 0.01782291666666668 0.028164814814814823
4 0.8099661458333333 0.894299537037037 0.02904687499999999 0.023469444444444532
4 0.9281223958333332 0.8279962962962963 0.01583854166666671 0.02229629629629623
4 0.9433046875 0.8502925925925926 0.017161458333333237 0.019950000000000048
4 0.9182213541666667 0.8391444444444446 0.011880208333333423 0.023470370370370437
2 0.9228411458333333 0.43663055555555563 0.052807291666666596 0.07041111111111115
3 0.92878125 0.4096398148148148 0.01584375000000004 0.011735185185185166
4 0.9155807291666667 0.42430833333333334 0.010557291666666658 0.0340314814814815
4 0.939015625 0.43135 0.007260416666666695 0.038725925925925886
4 0.9264739583333332 0.4278291666666667 0.007260416666666695 0.029337962962962965
