4 0.6716744791666667 0.253562962962963 0.024421874999999933 0.018775925925925946
1 0.6667239583333334 0.2611907407407408 0.03960416666666677 0.09505370370370372
4 0.9324140625 0.17493750000000002 0.02442187500000005 0.0164287037037037
4 0.9568359375 0.21425046296296296 0.013859375000000066 0.07158425925925924
4 0.9304322916666666 0.21601064814814813 0.008583333333333342 0.058675000000000005
4 0.9060078125000001 0.21248981481481485 0.020463541666666647 0.07041111111111112
2 0.92878125 0.23948055555555559 0.10561458333333344 0.15490370370370368
4 0.5947708333333334 0.4964796296296296 0.009239583333333337 0.023470370370370332
4 0.5512057291666667 0.5099745370370371 0.01716145833333336 0.024643518518518526
4 0.17890963541666666 0.5176027777777777 0.017163020833333348 0.018775925925925946
4 0.500378125 0.6396476851851852 0.019803124999999967 0.025817592592592524
4 0.4495505208333333 0.6543166666666668 0.02640416666666668 0.02699074074074072
4 0.4403091145833333 0.8602675925925926 0.01716302083333332 0.02581666666666662
4 0.41258489583333335 0.8397314814814816 0.023763541666666655 0.022296296296296335
4 0.40136328125000004 0.8684824074074075 0.015842187500000014 0.03051111111111111
4 0.32446171875 0.6232185185185186 0.01782239583333336 0.025816666666666724
4 0.27561432291666665 0.6150041666666667 0.013861979166666672 0.025817592592592524
0 0.5587971354166666 0.4870912037037037 0.08911406250000002 0.1642916666666666
0 0.47067369791666663 0.6020953703703703 0.10297552083333332 0.1736796296296296
0 0.30333854166666663 0.5962282407407408 0.10363541666666665 0.18306759259259256
0 0.4254567708333333 0.8420782407407408 0.08515312500000001 0.13964722222222228
0 0.16339713541666664 0.5252305555555556 0.06799010416666666 0.09505370370370372
