3 0.11785026041666667 0.029422319444444445 0.03366510416666667 0.06102258333333334
4 0.6083046875 0.3421625 0.019140625 0.0176027777777778
1 0.6050052083333333 0.34803055555555557 0.028385416666666666 0.06454259259259261
4 0.7957734375 0.29052824074074074 0.019140625 0.01290833333333331
4 0.8122734375 0.31810601851851855 0.009901041666666662 0.04928796296296296
4 0.7951119791666666 0.3204527777777778 0.005942708333333257 0.042246296296296275
4 0.7786093749999999 0.3163458333333333 0.013864583333333395 0.04811388888888886
2 0.7928020833333332 0.33336157407407413 0.06864583333333331 0.1009212962962963
4 0.5561562500000001 0.6326064814814816 0.016500000000000032 0.018775925925925946
4 0.36208723958333333 0.5363787037037037 0.009901562499999983 0.01642962962962955
4 0.3475651041666667 0.5539814814814814 0.02178333333333331 0.018775925925925946
4 0.7852109375 0.7364625 0.019140625 0.019949074074074143
4 0.7657369791666666 0.7135787037037037 0.00792187500000002 0.023470370370370437
4 0.5630859375 0.5369652777777778 0.013203124999999953 0.01760277777777775
4 0.5317317708333333 0.5305111111111112 0.019140625 0.018775925925925946
0 0.7852109375 0.7094717592592593 0.049505208333333425 0.09740092592592592
0 0.5406432291666667 0.5134953703703704 0.06732812500000004 0.0833185185185185
0 0.5558255208333333 0.6161777777777778 0.05808854166666671 0.12673888888888882
0 0.34591484375000003 0.5258171296296296 0.059408854166666636 0.10326944444444451
