4 0.09309661458333333 0.5 0.03828593749999999 0.028164814814814716
1 0.101678125 0.47887685185185186 0.05808854166666667 0.1032685185185185
4 0.6541822916666666 0.46127407407407406 0.025083333333333256 0.016429629629629655
4 0.6604531250000001 0.4823976851851852 0.01782291666666668 0.021123148148148085
4 0.6314088541666666 0.47183564814814816 0.013859374999999948 0.02112314814814819
4 0.5178697916666666 0.5557416666666667 0.027062499999999958 0.02464444444444443
4 0.48387578125 0.5369657407407408 0.015842187500000014 0.02229629629629623
4 0.47331406249999997 0.5575018518518519 0.014521874999999972 0.025816666666666724
4 0.7366953125 0.5357921296296297 0.018484375000000004 0.02229722222222224
4 0.7109479166666667 0.5228837962962963 0.010562499999999985 0.024643518518518526
4 0.5944427083333332 0.47300925925925924 0.016500000000000032 0.02112407407407404
4 0.548234375 0.470075462962963 0.012541666666666748 0.022297222222222187
0 0.7324036458333334 0.5176027777777777 0.06667187499999999 0.10092222222222226
0 0.6465885416666667 0.4612740740740741 0.06270833333333338 0.11030925925925933
0 0.5752994791666667 0.4542333333333334 0.09703645833333337 0.16898518518518515
0 0.5086283854166667 0.529924537037037 0.10099322916666663 0.12321944444444445
