4 0.5677083333333334 0.33394814814814816 0.02244791666666662 0.015255555555555555
4 0.69246875 0.27879305555555556 0.02112499999999997 0.012908333333333362
4 0.7119401041666666 0.31106481481481485 0.013859375000000066 0.05163518518518521
4 0.6914791666666666 0.3098912037037037 0.0072604166666665765 0.04459351851851852
4 0.6720052083333333 0.3069574074074074 0.01452083333333339 0.05280740740740739
2 0.6861979166666666 0.32632037037037037 0.08383333333333336 0.12204444444444444
3 0.050850390625 0.04174414351851852 0.07129088541666667 0.09505430555555555
1 0.5683697916666667 0.33864212962962964 0.03960416666666665 0.07862499999999997
4 0.12709192708333333 0.5269907407407408 0.020463020833333328 0.016429629629629655
4 0.11223958333333334 0.5129083333333334 0.015842708333333337 0.018775925925925946
4 0.4277671875 0.5369657407407408 0.014521875000000031 0.019950000000000048
4 0.39014166666666666 0.5381393518518518 0.01320208333333331 0.017602777777777853
4 0.8984166666666666 0.5745180555555556 0.01584375000000004 0.01760277777777775
4 0.8733359374999999 0.5663032407407408 0.018484375000000004 0.019949074074074036
4 0.9749895833333333 0.7106453703703705 0.018479166666666675 0.02699074074074072
0 0.4063140625 0.5246439814814815 0.0891135416666667 0.1337805555555555
0 0.1261015625 0.5146689814814814 0.05412812499999999 0.07627870370370368
0 0.9954531249999999 0.6889351851851852 0.07657291666666666 0.11265740740740737
0 0.8878541666666667 0.5563287037037038 0.06072916666666662 0.07745185185185188
