4 0.476284375 0.2981564814814815 0.02178333333333337 0.018775925925925946
1 0.47298411458333334 0.30402361111111115 0.03762552083333333 0.09153425925925929
4 0.7439557291666666 0.22129120370370373 0.023765625000000058 0.017602777777777773
4 0.7215130208333332 0.25590972222222225 0.01716145833333336 0.06336944444444441
4 0.7423046874999999 0.2576703703703704 0.008578125000000015 0.05750185185185183
4 0.7640885416666666 0.2588435185185185 0.013864583333333276 0.06454259259259258
2 0.7406536458333333 0.2793800925925926 0.08977604166666672 0.13612685185185183
4 0.41258489583333335 0.6525564814814815 0.015842708333333337 0.018775925925925946
4 0.40268359374999996 0.6818939814814815 0.029044270833333326 0.021123148148148137
4 0.35845651041666665 0.6795472222222223 0.011881770833333328 0.028164814814814823
4 0.6165546874999999 0.6249787037037038 0.01716145833333336 0.02699074074074072
4 0.5789296875000001 0.6155907407407407 0.01320312500000007 0.02933703703703701
4 0.5340442708333333 0.49413240740740744 0.017161458333333296 0.01642962962962955
4 0.39839296874999997 0.5305111111111112 0.01650260416666664 0.018775925925925946
4 0.3670380208333333 0.5146689814814814 0.007920833333333318 0.019949074074074036
4 0.5545078125 0.6590106481481481 0.011880208333333305 0.024643518518518526
4 0.5541770833333333 0.6290865740740741 0.01121874999999998 0.021123148148148245
4 0.5238106770833333 0.6595976851851852 0.015180729166666632 0.021123148148148245
4 0.6142447916666666 0.44484490740740745 0.013864583333333395 0.021123148148148137
4 0.6036848958333332 0.4606875 0.01122395833333331 0.0176027777777778
4 0.6330572916666667 0.46538148148148145 0.01584375000000004 0.02464444444444443
0 0.6277760416666667 0.4442578703703704 0.06468750000000002 0.09036018518518514
0 0.5343734375 0.47418287037037044 0.041586458333333395 0.08214537037037035
0 0.536684375 0.638474074074074 0.06337083333333335 0.1009222222222222
0 0.39707265625 0.5099750000000001 0.07327135416666669 0.15138333333333331
0 0.3917919270833333 0.637300925925926 0.09439427083333338 0.16194444444444442
0 0.6116067708333333 0.6032689814814814 0.08647395833333332 0.15959722222222222
