4 0.05877138020833333 0.3063708333333333 0.03432494791666667 0.023469444444444428
4 0.13534322916666666 0.41609398148148147 0.010561458333333329 0.0880138888888889
4 0.08979609375 0.36328611111111114 0.014522395833333323 0.06689074074074076
4 0.06504244791666666 0.35565833333333335 0.0244234375 0.07745185185185188
4 0.035998072916666665 0.3644597222222222 0.012541875 0.06454351851851857
2 0.05910151041666666 0.3844087962962963 0.17096572916666664 0.2100583333333333
1 0.3426143229166667 0.3668064814814815 0.04884739583333329 0.10678888888888889
4 0.5241416666666667 0.5334449074074075 0.02640416666666668 0.01760277777777775
4 0.49872812499999997 0.5428333333333334 0.015182291666666714 0.019950000000000048
4 0.4003731770833333 0.23067962962962965 0.024423437500000016 0.015255555555555581
4 0.29112656249999996 0.18432546296296298 0.01320208333333331 0.016428703703703727
4 0.6442786458333333 0.5932939814814815 0.02244270833333329 0.02229722222222224
4 0.5594557291666666 0.6284990740740741 0.020463541666666647 0.026990740740740825
4 0.5135809895833333 0.6214583333333333 0.023765104166666676 0.022296296296296335
4 0.51028046875 0.6507958333333334 0.03036614583333333 0.029337962962962913
0 0.5294231770833333 0.6056162037037037 0.10825781250000001 0.14082129629629628
0 0.40697395833333333 0.20075462962962964 0.07591145833333333 0.1384740740740741
0 0.5152294270833334 0.5275773148148148 0.0627078125 0.10678981481481489
0 0.2789145833333333 0.16496296296296298 0.05214791666666665 0.07627777777777778
0 0.6386692708333332 0.5645430555555556 0.10099479166666671 0.187762037037037
4 0.06735286458333332 0.4166810185185185 0.027724479166666663 0.02112314814814819
