4 0.8627734375 0.3615259259259259 0.01320312500000007 0.011735185185185218
4 0.9914921875 0.3538976851851852 0.0145260416666666 0.03637870370370369
2 1.003375 0.3650462962962963 0.06072916666666662 0.08214629629629626
1 0.8604609375 0.3621125 0.024421874999999933 0.05046018518518515
1 0.012234479166666668 0.6631175925925926 0.044226666666666664 0.08449259259259255
4 0.944953125 0.8585074074074074 0.012541666666666628 0.019950000000000048
4 0.9736692708333334 0.8708291666666667 0.01583854166666671 0.021123148148148137
0 0.9634375000000001 0.8479458333333334 0.06007291666666662 0.09036018518518524
4 0.37594947916666666 0.39614444444444447 0.011221875000000025 0.010561111111111117
4 0.2742940104166667 0.4917856481481482 0.007260937500000016 0.014082407407407358
4 0.26571276041666664 0.5041074074074073 0.009901562499999983 0.015255555555555555
4 0.2594416666666667 0.4677282407407407 0.01716250000000003 0.01290833333333331
4 0.22181588541666666 0.6249791666666666 0.011881770833333328 0.01760277777777775
4 0.25185078125 0.6202847222222223 0.009901562500000013 0.01760277777777775
4 0.9248229166666667 0.5862527777777778 0.019802083333333324 0.015255555555555555
4 0.9066718749999999 0.5674768518518519 0.012541666666666628 0.017601851851851844
4 0.8300963541666666 0.5956412037037038 0.009901041666666662 0.01760277777777775
4 0.8594713541666666 0.6038555555555556 0.011880208333333305 0.012909259259259266
0 0.9198723958333334 0.5715842592592593 0.054786458333333364 0.07275740740740738
0 0.7505546875 0.3773680555555556 0.02904687499999999 0.04811388888888886
0 0.3756192708333333 0.392037037037037 0.027723958333333344 0.03990000000000004
0 0.25647135416666667 0.4477787037037037 0.04290625 0.07627777777777783
0 0.23072734374999998 0.6114833333333334 0.0666703125 0.11500370370370377
0 0.8462708333333334 0.5903606481481483 0.06601041666666667 0.10561574074074069
0 0.2673630208333333 0.49530601851851846 0.03300520833333336 0.05163425925925925
3 0.40202317708333335 0.11860925925925928 0.015842187499999955 0.030511111111111124
3 0.5700182291666667 0.11684907407407408 0.020463541666666647 0.03168518518518517
3 0.61259375 0.05465277777777778 0.01584375000000004 0.026990740740740735
