4 0.30069817708333335 0.5117351851851852 0.027064062499999982 0.016429629629629655
4 0.33040234375 0.4923722222222222 0.020463020833333387 0.012909259259259162
4 0.35053541666666665 0.5023472222222223 0.01320208333333331 0.016429629629629655
4 0.3254518229166667 0.5088013888888889 0.011881770833333328 0.01760277777777775
4 0.34360442708333333 0.5492875 0.024423437500000016 0.014082407407407464
4 0.36472760416666666 0.558088888888889 0.008581249999999999 0.015255555555555555
4 0.34162421875 0.5651296296296295 0.01650260416666664 0.015255555555555555
4 0.8139244791666668 0.4172675925925926 0.018484375000000004 0.019950000000000048
4 0.5904817708333333 0.45012546296296296 0.012546874999999957 0.0176027777777778
4 0.5677083333333334 0.43897731481481483 0.018479166666666675 0.014082407407407412
4 0.5647369791666667 0.4559930555555555 0.019140625 0.0176027777777778
4 0.4251268229166667 0.7581722222222222 0.011881770833333328 0.025816666666666724
4 0.46803333333333336 0.7722546296296297 0.017162499999999997 0.023470370370370332
4 0.24293932291666664 0.6273259259259258 0.006600520833333305 0.024644444444444538
4 0.32281145833333336 0.558675462962963 0.010561458333333343 0.05163425925925925
4 0.3030083333333334 0.5704106481481481 0.009241666666666681 0.025817592592592628
4 0.28056484375 0.5575018518518519 0.007921354166666639 0.05398148148148144
4 0.3561463541666666 0.6314328703703704 0.005940625000000033 0.021123148148148137
0 0.3498755208333333 0.5528083333333332 0.0514875 0.07745185185185188
2 0.29871770833333333 0.5797986111111111 0.12343854166666667 0.18072129629629638
4 0.30267838541666664 0.6044425925925926 0.023103645833333353 0.01642962962962955
4 0.5241421875000001 0.5927074074074075 0.0171635416666667 0.023470370370370332
1 0.5353630208333333 0.5927069444444445 0.04356562500000004 0.08683981481481486
0 0.8152473958333334 0.3955574074074074 0.047526041666666664 0.08449259259259255
0 0.5752994791666667 0.4248953703703704 0.060067708333333296 0.09153333333333333
0 0.45549140625 0.7288347222222222 0.0950546875 0.1666379629629629
0 0.33865390625 0.4947194444444445 0.0554484375 0.07627777777777772
