4 0.24392942708333334 0.12506342592592593 0.024423437499999985 0.017602777777777787
4 0.49377734375 0.02179449074074074 0.018482812500000043 0.015255648148148148
4 0.5132502604166667 0.055239537037037045 0.013861979166666672 0.058675555555555564
4 0.4937770833333333 0.05699981481481482 0.006601041666666655 0.0481138888888889
4 0.4733140625 0.0558262962962963 0.01320208333333331 0.057502037037037046
1 0.23963880208333332 0.12212949074074075 0.040926562500000006 0.07979842592592594
2 0.4911380208333333 0.07577583333333333 0.08449479166666661 0.13025944444444443
4 0.4957575520833333 0.7587587962962964 0.007921354166666639 0.024643518518518526
4 0.4564815104166666 0.785162962962963 0.03102447916666667 0.028164814814814716
4 0.542625 0.8191949074074074 0.014520833333333271 0.023469444444444428
4 0.52183125 0.8602675925925926 0.020462499999999946 0.028164814814814823
4 0.7459348958333334 0.7505444444444445 0.019807291666666654 0.01994999999999994
4 0.5195200520833333 0.26881851851851857 0.0184807291666667 0.018775925925925946
0 0.5178703125 0.22950601851851854 0.07855104166666665 0.1513824074074074
0 0.5248028645833334 0.8268222222222222 0.0778942708333334 0.13495370370370371
0 0.46341249999999995 0.7317685185185185 0.0871333333333333 0.15138333333333337
0 0.5914713541666666 0.7792958333333334 0.06997395833333328 0.12908611111111112
0 0.7654088541666667 0.7282476851851851 0.0970364583333333 0.14903611111111106
