4 0.5822291666666667 0.5234703703703704 0.019802083333333442 0.02581666666666662
1 0.5944427083333332 0.5234703703703704 0.04686458333333334 0.1009222222222222
4 0.3366734375 0.42665555555555557 0.027723958333333344 0.015255555555555555
4 0.3977328125 0.5504611111111112 0.008581249999999999 0.0352055555555556
4 0.35944687499999994 0.48181064814814817 0.011221874999999966 0.05750277777777784
4 0.33832395833333334 0.4841574074074074 0.015182291666666714 0.03872592592592594
4 0.3142299479166667 0.47887685185185186 0.009241145833333301 0.05632777777777784
4 0.2729736979166667 0.5457671296296296 0.007260937500000016 0.037552777777777796
4 0.3366734375 0.5264041666666667 0.025083333333333374 0.02229722222222224
2 0.33436328125 0.5041069444444444 0.13532031249999996 0.1912824074074074
4 0.2739638020833333 0.7006703703703704 0.025083854166666666 0.023470370370370437
4 0.8320781250000001 0.6208717592592593 0.012541666666666748 0.025817592592592524
4 0.8000624999999999 0.6208717592592593 0.014520833333333271 0.021123148148148137
4 0.8135937499999999 0.5533949074074075 0.023104166666666613 0.017602777777777853
4 0.8469296875 0.5733444444444444 0.018484375000000004 0.02229629629629623
4 0.3802401041666667 0.6590106481481481 0.021122916666666686 0.024643518518518526
4 0.4089541666666667 0.47242222222222224 0.008581249999999999 0.019950000000000048
4 0.3809002604166667 0.479463425925926 0.015842187500000014 0.0176027777777778
4 0.37231901041666665 0.45481990740740746 0.011881770833333328 0.0176027777777778
4 0.6584713541666666 0.3544847222222222 0.013859374999999948 0.0164287037037037
0 0.8182161458333332 0.6056162037037036 0.07063020833333328 0.10561574074074069
4 0.7261328125 0.6725060185185185 0.0145260416666666 0.01877685185185185
4 0.6789348958333332 0.6543166666666668 0.013859374999999948 0.01994999999999994
0 0.21752552083333332 0.5058675925925926 0.05610833333333331 0.09857407407407406
0 0.38750104166666666 0.46362129629629634 0.05808854166666671 0.089187037037037
0 0.6677135416666666 0.3433361111111111 0.05214583333333327 0.07627777777777778
0 0.8294374999999999 0.5322717592592593 0.0825104166666667 0.1208712962962963
0 0.7093020833333332 0.6220453703703703 0.10363541666666667 0.1736796296296296
0 0.3696783854166667 0.617350925925926 0.09373385416666669 0.15490370370370365
0 0.2848557291666667 0.6590106481481482 0.07855208333333333 0.1373009259259259
