4 0.9947942708333334 0.4225486111111111 0.011880208333333423 0.03285833333333336
2 1.0013958333333333 0.4389777777777778 0.05544791666666669 0.07275740740740738
4 0.9264713541666667 0.4430847222222222 0.013859375000000066 0.012908333333333362
1 0.928453125 0.4407375 0.024427083333333263 0.048113888888888914
4 0.10233802083333332 0.6337800925925927 0.010561458333333329 0.01642870370370375
4 0.08022499999999999 0.6290861111111111 0.015182291666666669 0.011735185185185166
4 0.11818046874999999 0.579212037037037 0.013201562500000005 0.012909259259259266
4 0.07395390625 0.7305949074074074 0.011881770833333328 0.019949074074074143
4 0.04358921875 0.7429166666666666 0.0105615625 0.014081481481481454
4 0.8475885416666666 0.6150037037037037 0.005281250000000052 0.01173518518518527
4 0.8376875 0.6267393518518519 0.010562499999999985 0.014082407407407358
4 0.9027083333333333 0.6314328703703704 0.007260416666666695 0.014082407407407464
4 0.8895052083333332 0.6478625 0.01782291666666668 0.014082407407407464
0 0.08913593750000001 0.6138305555555555 0.054128125000000006 0.07275740740740738
0 0.11818046874999999 0.5604356481481483 0.047527604166666675 0.08331944444444446
0 0.8895078125 0.6226319444444445 0.0455468749999999 0.07862499999999997
0 0.8376901041666667 0.6167643518518519 0.034328124999999925 0.05280833333333324
0 0.058771536458333336 0.7077111111111111 0.06601005208333334 0.11265740740740737
