3 0.6386692708333332 0.17493750000000002 0.020463541666666765 0.03520462962962965
3 0.6218359375000001 0.1649625 0.02244270833333329 0.029337962962962965
3 0.6129244791666667 0.18139212962962964 0.02442187500000005 0.04107314814814816
3 0.5766197916666668 0.13679861111111113 0.03894791666666665 0.052808333333333325
3 0.5106104166666667 0.13973240740740742 0.029706249999999972 0.04694074074074073
3 0.4723239583333333 0.1737638888888889 0.03102499999999999 0.07041111111111112
3 0.37132864583333336 0.0775363425925926 0.01914270833333334 0.03989953703703703
3 0.385190625 0.12388972222222223 0.05610833333333331 0.10678907407407409
3 0.32677187500000004 0.0834037037037037 0.023763541666666655 0.04224629629629629
3 0.9921510416666666 0.4043587962962963 0.014520833333333271 0.01056203703703702
4 0.976640625 0.4225481481481481 0.01121874999999998 0.035205555555555545
4 0.9908333333333333 0.4248953703703704 0.005281250000000052 0.03051111111111111
2 0.9878619791666667 0.4378041666666667 0.05082812499999995 0.08214537037037035
4 0.8637630208333333 0.43839074074074075 0.015182291666666714 0.010561111111111117
4 0.8763046875 0.4430847222222222 0.009901041666666662 0.010562037037037073
0 0.8779557291666666 0.42430879629629636 0.04620312500000002 0.06688981481481486
1 0.8607916666666666 0.43663009259259267 0.02376041666666661 0.04459351851851852
