4 0.40961432291666666 0.49354583333333335 0.020463020833333328 0.03168425925925931
1 0.4224864583333333 0.49413240740740744 0.0514875 0.1032685185185185
4 0.1455747395833333 0.4055324074074074 0.031024479166666657 0.017601851851851844
4 0.21554505208333333 0.5099750000000001 0.009901562499999983 0.08566666666666671
4 0.17263880208333332 0.4606875 0.013861979166666672 0.059849074074074075
4 0.14755494791666665 0.45247268518518513 0.020463020833333328 0.07393055555555553
4 0.12379114583333334 0.46244768518518525 0.008581249999999999 0.058675000000000026
4 0.07494401041666665 0.5176027777777777 0.01122135416666666 0.07745185185185188
4 0.14854505208333332 0.5134953703703704 0.027724479166666663 0.01994999999999994
2 0.14491458333333332 0.48357083333333334 0.153803125 0.1924564814814815
4 0.5614375 0.678960648148148 0.016500000000000032 0.02933796296296302
4 0.550546875 0.7129921296296297 0.019802083333333324 0.024643518518518526
4 0.5165518229166667 0.7036041666666666 0.008583854166666663 0.02229722222222224
4 0.7733307291666667 0.4964796296296297 0.020463541666666647 0.028164814814814823
4 0.8149140625 0.5076277777777779 0.025744791666666583 0.022296296296296335
4 0.6330598958333333 0.5774513888888889 0.011880208333333423 0.021123148148148137
4 0.6634218749999999 0.579212037037037 0.01452083333333339 0.022296296296296335
4 0.6779453125000001 0.5281643518518518 0.018484375000000004 0.021123148148148137
4 0.6446119791666667 0.509975 0.020463541666666647 0.015255555555555555
4 0.5838802083333334 0.6155907407407407 0.019145833333333327 0.02464444444444443
4 0.6267864583333334 0.6038560185185186 0.012541666666666628 0.024643518518518526
0 0.6482395833333333 0.5668898148148148 0.06996874999999995 0.10796296296296298
0 0.5891614583333333 0.5739310185185185 0.09175000000000004 0.16898611111111111
0 0.5604479166666666 0.6419949074074074 0.07261458333333332 0.11265648148148147
0 0.6597916666666667 0.4894384259259259 0.08515625 0.12673981481481483
0 0.7987421875 0.47242222222222224 0.07921354166666675 0.11617777777777777
0 0.5449348958333333 0.6918689814814815 0.07063020833333328 0.10913611111111118
