4 0.07791432291666667 0.500586574074074 0.02904427083333334 0.02229722222222224
1 0.09606718750000001 0.4929587962962963 0.07195104166666666 0.09857499999999997
4 0.6515416666666667 0.4888518518518519 0.025083333333333256 0.015255555555555555
4 0.6852057291666667 0.5023467592592593 0.01583854166666659 0.021123148148148137
4 0.6921380208333333 0.6607708333333333 0.015182291666666714 0.021123148148148137
4 0.6393281250000001 0.6595976851851852 0.019145833333333327 0.025817592592592628
4 0.44592005208333335 0.46890185185185185 0.024423437500000016 0.012909259259259266
4 0.4495505208333333 0.4911986111111111 0.01716250000000006 0.019949074074074143
4 0.42347656250000004 0.4823976851851852 0.011221874999999966 0.021123148148148085
4 0.5904817708333333 0.7405699074074074 0.023098958333333405 0.025817592592592524
4 0.5802499999999999 0.7030171296296296 0.019802083333333324 0.01642870370370375
4 0.5297526041666667 0.5434199074074073 0.013859375000000007 0.021123148148148137
4 0.49971796874999996 0.5492874999999999 0.018482812499999984 0.021123148148148137
0 0.5132507812499999 0.5305111111111112 0.07459218749999999 0.10092222222222232
0 0.5984036458333333 0.7206203703703704 0.07986979166666662 0.11969814814814815
0 0.6614427083333332 0.6091365740740742 0.10561458333333332 0.21357870370370377
0 0.6634218749999999 0.46186111111111106 0.07657291666666666 0.12321851851851849
0 0.43403802083333337 0.9840740740740741 0.06931041666666662 0.10912962962962965
0 0.4406390625 0.4677282407407408 0.05874895833333333 0.09740092592592596
