4 0.9106302083333334 0.4284162037037037 0.01121874999999998 0.009387962962962973
4 0.9195416666666666 0.44484537037037036 0.005281249999999934 0.03051111111111111
4 0.9089791666666667 0.44484537037037036 0.005281249999999934 0.023470370370370384
4 0.8987473958333332 0.4424981481481482 0.008578125000000015 0.03051111111111111
2 0.9066692708333333 0.4542333333333334 0.04554687500000002 0.06571666666666666
4 0.8456119791666666 0.45892685185185184 0.011880208333333305 0.011735185185185218
1 0.8485807291666667 0.45892731481481486 0.020463541666666647 0.03989907407407408
4 0.044249296875000003 0.5234703703703704 0.007921197916666671 0.011735185185185166
4 0.029727135416666668 0.5264041666666667 0.011881770833333334 0.010562037037037073
4 0.13666328125000002 0.5833194444444445 0.00924114583333333 0.011735185185185166
4 0.28584583333333335 0.46479444444444445 0.009241666666666681 0.011735185185185166
4 0.17230859375 0.5950541666666667 0.014522395833333323 0.009387962962962867
4 0.1756091145833333 0.6062027777777778 0.013201562500000019 0.012909259259259266
4 0.15712630208333334 0.6044421296296296 0.00924114583333333 0.014082407407407464
4 0.8013828125 0.6314333333333333 0.011880208333333305 0.011735185185185166
4 0.8017135416666666 0.6455152777777778 0.005937500000000047 0.011734259259259262
4 0.789171875 0.6361268518518519 0.008583333333333342 0.01173518518518527
4 0.78653125 0.6466888888888889 0.00990624999999999 0.011735185185185166
4 0.7192005208333333 0.6296726851851853 0.005942708333333257 0.012908333333333362
4 0.7106197916666666 0.6455152777777778 0.013864583333333395 0.014082407407407358
4 0.6931276041666667 0.6367138888888889 0.006598958333333371 0.012909259259259266
0 0.14260416666666667 0.5704106481481481 0.03960625 0.07275833333333329
0 0.03533796875 0.519362962962963 0.02970447916666667 0.050461111111111054
0 0.28650598958333334 0.460100462962963 0.022443229166666613 0.037552777777777796
0 0.8066640625 0.6103097222222222 0.04092187499999997 0.08683981481481486
0 0.7931328125 0.6402347222222223 0.029703124999999986 0.05280833333333335
0 0.708640625 0.6284995370370371 0.04290624999999994 0.0668898148148148
0 0.1673578125 0.597400925925926 0.03630520833333334 0.05398148148148144
3 0.5700182291666667 0.12036944444444445 0.015182291666666714 0.02464444444444443
3 0.47892500000000005 0.15205416666666668 0.02310312500000003 0.04341944444444445
3 0.4878364583333333 0.17317731481481483 0.01320208333333337 0.02229722222222221
3 0.4630825520833333 0.18901944444444443 0.02574427083333332 0.035205555555555545
