4 0.9475963541666667 0.16320231481481481 0.021786458333333297 0.0164287037037037
1 0.9548567708333332 0.16261574074074076 0.04554687500000002 0.07627777777777778
2 1.0073359375 0.1315176388888889 0.0633697916666667 0.10796287037037038
4 0.9924817708333333 0.7839893518518518 0.01122395833333331 0.02816388888888892
4 0.950234375 0.8015921296296296 0.03234374999999995 0.02816388888888892
4 0.8974270833333333 0.7922041666666667 0.03234374999999995 0.021123148148148137
4 0.9013880208333332 0.8244754629629629 0.019140625 0.024643518518518526
4 0.8670625 0.7974851851851852 0.01121874999999998 0.026990740740740825
4 0.55846875 0.7165125 0.01584375000000004 0.02229722222222224
4 0.5254625 0.7030171296296297 0.014522916666666674 0.025817592592592628
4 0.6489010416666666 0.9647129629629628 0.03168749999999996 0.016425925925925934
4 0.6287682291666667 0.9095550925925927 0.015182291666666596 0.03051203703703712
4 0.735375 0.19664722222222222 0.01584375000000004 0.015255555555555555
4 0.7073203124999999 0.1937138888888889 0.01122395833333331 0.014081481481481481
0 0.7304244791666666 0.16848333333333332 0.06534895833333335 0.1161777777777778
0 0.8878567708333333 0.7892703703703704 0.07525520833333334 0.1302592592592592
0 0.9594765625 0.7528912037037037 0.08647395833333332 0.15607685185185186
0 0.54097421875 0.6924560185185185 0.07855156249999998 0.10561574074074069
0 0.6614427083333332 0.9077949074074074 0.10297916666666668 0.16546574074074072
