4 0.3993828125 0.49413240740740744 0.010561458333333284 0.018775925925925946
4 0.36208723958333333 0.4894384259259259 0.027064062499999982 0.01642870370370375
4 0.38420052083333334 0.5398995370370371 0.009241666666666681 0.05632870370370374
4 0.36472760416666666 0.5475268518518518 0.015182291666666655 0.02699074074074072
4 0.34195442708333335 0.5363791666666666 0.007921354166666698 0.05632870370370374
4 0.42017604166666667 0.6138305555555555 0.007261458333333278 0.023470370370370332
4 0.3006979166666666 0.6091365740740742 0.008581249999999999 0.025817592592592524
4 0.36208750000000006 0.5862532407407408 0.02178333333333331 0.01760277777777775
4 0.5993932291666667 0.5821458333333334 0.019807291666666654 0.025817592592592628
1 0.6125937499999999 0.5803856481481482 0.05016666666666663 0.09036018518518514
4 0.36010703125000004 0.7212069444444444 0.0165026041666667 0.024643518518518526
4 0.3139 0.707124537037037 0.012541666666666628 0.024643518518518526
4 0.6353697916666666 0.42665555555555557 0.021781249999999967 0.012909259259259266
4 0.6327265625 0.44484490740740745 0.020463541666666647 0.0164287037037037
4 0.8753151041666667 0.3738476851851852 0.018484375000000004 0.0176027777777778
4 0.8657421875 0.3885166666666667 0.013859374999999948 0.016429629629629655
4 0.8957786458333333 0.39144999999999996 0.017161458333333237 0.019949999999999992
0 0.38354036458333335 0.49882638888888886 0.0554484375 0.0868398148148148
0 0.6436197916666666 0.41316018518518516 0.06072916666666662 0.10092222222222226
2 0.36109713541666666 0.558675462962963 0.13465989583333335 0.18306759259259262
0 0.342284375 0.677787037037037 0.09835520833333332 0.15372962962962966
0 0.24524947916666667 0.6020953703703704 0.052147916666666676 0.1032685185185185
0 0.8825755208333333 0.37619444444444444 0.06732812499999999 0.088012962962963
