3 0.5386638020833333 0.17024347222222225 0.07789114583333336 0.16898527777777778
3 0.51292109375 0.09455191203703704 0.12674114583333337 0.19597580555555558
4 0.8868671874999999 0.4454319444444445 0.013859374999999948 0.01056203703703702
1 0.8848854166666666 0.44132453703703706 0.027062500000000017 0.04459351851851852
4 0.10926927083333333 0.6320199074074074 0.011221874999999996 0.01760277777777775
4 0.08451536458333334 0.6425814814814815 0.018482812499999998 0.015255555555555555
4 0.08154479166666667 0.737636111111111 0.008581249999999999 0.015255555555555555
4 0.15811640624999998 0.5938805555555555 0.005941145833333324 0.011735185185185166
4 0.13501302083333333 0.6003351851851851 0.013862500000000007 0.012909259259259266
0 0.1389734375 0.5756912037037037 0.052147916666666676 0.08331944444444446
0 0.06207200520833333 0.7259009259259259 0.06997057291666667 0.1044425925925926
0 0.094746875 0.6196981481481482 0.05346770833333333 0.07979814814814816
