4 0.6373489583333334 0.5046939814814816 0.021781249999999967 0.025817592592592524
1 0.6541822916666666 0.5064541666666666 0.05544791666666669 0.1067898148148148
4 0.3663778645833333 0.39673101851851855 0.029044270833333326 0.0164287037037037
4 0.433378125 0.5146685185185185 0.008581249999999999 0.08097222222222226
4 0.39047161458333335 0.45716712962962963 0.011221354166666645 0.0668898148148148
4 0.36802812500000004 0.44484537037037036 0.01782291666666668 0.07745185185185183
4 0.3412942708333333 0.4524731481481481 0.010561458333333343 0.06219629629629627
4 0.2944270833333333 0.5105615740740741 0.009241666666666681 0.07745092592592592
4 0.36571770833333334 0.5076277777777779 0.027723958333333344 0.01994999999999994
2 0.3627473958333333 0.4777032407407407 0.15512291666666667 0.21123240740740745
4 0.251190625 0.49706620370370375 0.015182291666666655 0.024643518518518526
4 0.21554505208333333 0.499413425925926 0.020463020833333328 0.02229722222222224
4 0.53734375 0.501173611111111 0.025083333333333315 0.021123148148148137
4 0.5340416666666667 0.5264041666666667 0.02112500000000003 0.024643518518518526
4 0.5733203125 0.5140819444444444 0.013859374999999948 0.021123148148148137
4 0.9218515625 0.6202851851851852 0.015182291666666596 0.02699074074074072
4 0.8852161458333333 0.6167643518518519 0.01583854166666659 0.024643518518518526
4 0.9023802083333334 0.5422462962962963 0.025083333333333374 0.018775925925925946
4 0.94165625 0.5663032407407408 0.02310416666666673 0.02229722222222224
4 0.4488903645833333 0.5258171296296297 0.011881770833333328 0.01877685185185185
4 0.49872786458333335 0.5357921296296297 0.01782239583333336 0.02229722222222224
4 0.9858802083333332 0.48415740740740754 0.016500000000000032 0.015255555555555555
4 0.9924843750000001 0.5140824074074075 0.01782291666666668 0.023470370370370437
0 0.909640625 0.6009217592592593 0.08185416666666659 0.11735092592592596
0 1.0004036458333334 0.4935453703703704 0.07195312499999992 0.11617777777777777
0 0.22940729166666665 0.4812240740740741 0.0745916666666667 0.11265740740740743
0 0.54856640625 0.48591759259259254 0.08053385416666667 0.1384740740740741
0 0.9225130208333333 0.5211231481481482 0.09703645833333342 0.13847407407407414
0 0.4828864583333334 0.5023472222222222 0.09571666666666664 0.16663888888888886
