4 0.949578125 0.4524731481481482 0.012541666666666628 0.008214814814814828
4 0.9594765625 0.47359629629629635 0.005942708333333376 0.03403148148148145
4 0.9475963541666667 0.47183564814814816 0.005942708333333257 0.025817592592592576
4 0.9357135416666666 0.46772870370370373 0.012541666666666628 0.0340314814814815
2 0.9459453124999999 0.4823976851851852 0.04884895833333332 0.07510462962962969
4 0.8598020833333333 0.4841574074074074 0.012541666666666628 0.010561111111111065
1 0.8574921875 0.48181064814814817 0.021119791666666762 0.04107314814814813
4 0.13732317708333333 0.6390611111111112 0.011881770833333341 0.012909259259259266
4 0.11223958333333334 0.6431680555555556 0.009241666666666681 0.014082407407407358
4 0.10563854166666668 0.6736796296296297 0.010561458333333329 0.016429629629629655
4 0.08517552083333334 0.6695722222222222 0.015842708333333337 0.012909259259259266
4 0.3977328125 0.7922041666666667 0.012541666666666687 0.01642870370370375
4 0.35878671875 0.7763615740740741 0.011221354166666704 0.010562037037036969
0 0.1244515625 0.6243921296296296 0.04818749999999999 0.08449351851851856
0 0.09408671875 0.6590106481481482 0.046867187500000004 0.07627870370370368
0 0.3630776041666666 0.7658000000000001 0.03696562500000002 0.06454259259259261
0 0.4040036458333333 0.7611060185185186 0.059409375000000014 0.1067898148148148
3 0.4617625 0.27057870370370374 0.02178333333333331 0.02933703703703706
