4 0.37231901041666665 0.10746064814814815 0.022443229166666672 0.017602777777777773
4 0.5056588541666667 0.020620972222222225 0.019803124999999967 0.01525564814814815
4 0.5251309895833333 0.05406601851851852 0.012540104166666665 0.05632851851851852
4 0.5056591145833333 0.0558262962962963 0.0052807291666666124 0.048113888888888894
4 0.48552578125 0.05406601851851852 0.013861979166666672 0.05632851851851852
1 0.3769395833333333 0.10276675925925927 0.03960624999999999 0.0739312962962963
2 0.5016973958333333 0.07225539351851852 0.08449062499999993 0.13025958333333335
4 0.537015625 0.8039393518518518 0.03234374999999995 0.021123148148148137
4 0.5320625 0.8362106481481482 0.02112499999999997 0.024643518518518526
4 0.5710078125 0.42137500000000006 0.011880208333333305 0.023470370370370384
4 0.5459244791666666 0.4108134259259259 0.026401041666666635 0.021123148148148137
4 0.5436145833333332 0.4395643518518519 0.019145833333333327 0.022297222222222187
4 0.7033567708333334 0.7382226851851852 0.0257447916666667 0.023469444444444428
4 0.6918072916666667 0.7611060185185186 0.02376041666666661 0.029337962962962913
4 0.5356927083333333 0.21894444444444447 0.01782291666666674 0.019949999999999992
4 0.5208408854166666 0.7041912037037037 0.011880729166666626 0.0328583333333333
4 0.4805752604166667 0.7329421296296297 0.03300468750000001 0.024643518518518526
0 0.5350341145833333 0.1837388888888889 0.0719526041666666 0.14434259259259258
0 0.536684375 0.8027657407407408 0.06865208333333328 0.1384740740740741
0 0.48948619791666664 0.6807203703703704 0.08515260416666663 0.15490370370370377
0 0.55087578125 0.4096398148148148 0.06402968750000007 0.11500370370370366
0 0.71953125 0.7253138888888888 0.10561458333333344 0.15725000000000006
