1 -0.004928124999999998 0.4759430555555556 0.0600690625 0.09036018518518518
4 0.6102838541666666 0.48239722222222226 0.013859374999999948 0.023470370370370384
4 0.6007135416666666 0.5011731481481482 0.010562499999999985 0.023470370370370437
4 0.6413098958333333 0.5123217592592593 0.027067708333333346 0.024643518518518526
4 0.8683828125 0.7118185185185185 0.015182291666666596 0.026990740740740825
4 0.8149140625 0.7206199074074074 0.020463541666666647 0.025817592592592628
4 0.36043697916666667 0.972337962962963 0.02244374999999999 0.029342592592592646
4 0.4663830729166667 0.4442583333333333 0.024423437500000016 0.015255555555555555
4 0.47232395833333335 0.4665550925925926 0.015182291666666655 0.01994907407407409
4 0.44294973958333334 0.4595138888888889 0.011881770833333328 0.019949999999999992
4 0.8251484375 0.8233023148148149 0.02904687499999999 0.02933796296296302
4 0.45450104166666666 0.5017606481481481 0.015182291666666655 0.017602777777777853
4 0.4475700520833333 0.5340314814814815 0.018482812499999984 0.023470370370370332
4 0.41423515625 0.529924537037037 0.013861979166666672 0.024643518518518526
0 0.4379986979166666 0.5140824074074075 0.07327135416666669 0.09622777777777783
0 0.8307578124999999 0.8074597222222222 0.09043229166666661 0.12673981481481483
0 0.8327395833333334 0.6466888888888889 0.10759375000000009 0.23235555555555554
0 0.6317369791666666 0.4706625 0.08977604166666661 0.1361268518518518
0 0.3340330729166666 0.9776175925925926 0.0950546875 0.12204259259259263
0 0.46110208333333336 0.4436712962962963 0.06534999999999999 0.09622777777777783
