4 0.4152252604166667 0.48415740740740754 0.02640364583333336 0.015255555555555555
4 0.4373388020833333 0.5363787037037037 0.009901562500000042 0.05867592592592593
4 0.3934421875 0.5310981481481482 0.010561458333333343 0.05515555555555554
4 0.4158854166666667 0.579212037037037 0.023763541666666655 0.019950000000000048
4 0.6512109375 0.5833194444444445 0.019140625 0.023470370370370332
1 0.6660625000000001 0.5827324074074074 0.05016666666666663 0.09974814814814821
4 0.44327968749999996 0.7235537037037039 0.01914270833333334 0.02699074074074072
4 0.569359375 0.5428333333333334 0.023104166666666613 0.02229629629629623
4 0.5386640625 0.5246435185185185 0.025088541666666644 0.01642962962962955
4 0.531734375 0.5475268518518518 0.021781249999999967 0.02699074074074072
4 0.26208229166666663 0.6877615740740741 0.015842708333333365 0.01877685185185185
4 0.25647135416666667 0.7223800925925926 0.020463541666666706 0.024643518518518422
4 0.22049609375 0.7241402777777778 0.011881770833333328 0.021123148148148137
4 0.28848619791666663 0.6543166666666668 0.029044270833333326 0.017601851851851844
4 0.29178671875 0.678373611111111 0.019802604166666644 0.021123148148148137
4 0.3399739583333333 0.6854148148148149 0.010561458333333343 0.01877592592592584
4 0.38255052083333335 0.6584236111111113 0.012541666666666687 0.021123148148148137
4 0.3709984375 0.6901083333333333 0.017162499999999997 0.023470370370370332
4 0.2627424479166667 0.6683990740740742 0.011881770833333298 0.02699074074074072
0 0.24623984375 0.7000833333333334 0.0778921875 0.11148333333333338
0 0.28023489583333333 0.6549037037037038 0.06535000000000002 0.09622777777777783
0 0.4403091145833333 0.6807203703703704 0.07921197916666665 0.16663888888888892
0 0.36835833333333334 0.6725060185185184 0.0699708333333333 0.11265648148148147
0 0.5545072916666667 0.5064541666666666 0.07393333333333339 0.1208712962962963
2 0.41423515625 0.5569152777777777 0.13004010416666661 0.1748527777777778
