4 0.25680156249999997 0.5404861111111111 0.023763541666666655 0.010561111111111065
4 0.2601020833333333 0.5604356481481482 0.023763541666666624 0.01760277777777775
4 0.22907734375 0.5510476851851852 0.011881770833333328 0.02229722222222224
4 0.41720546875 0.6279125000000001 0.014522395833333352 0.021123148148148137
4 0.37594921875 0.6255652777777778 0.013861979166666672 0.021123148148148245
4 0.07065338541666667 0.4847444444444445 0.025083854166666673 0.011735185185185166
4 0.07494375 0.501173611111111 0.015182291666666669 0.01642870370370375
4 0.04986028645833333 0.49882638888888897 0.008581510416666667 0.014082407407407358
4 0.877953125 0.9541481481481482 0.019802083333333324 0.018777777777777647
4 0.8386796874999999 0.8925388888888889 0.016505208333333243 0.015255555555555555
4 0.83471875 0.9353717592592594 0.019145833333333327 0.02816388888888892
4 0.48123541666666664 0.7429166666666667 0.01320208333333331 0.018775925925925946
4 0.44724010416666665 0.7094717592592593 0.016502083333333317 0.01760277777777775
4 0.4488903645833333 0.7405699074074074 0.01716302083333332 0.025817592592592524
4 0.7119401041666668 0.41844120370370375 0.009901041666666662 0.01290833333333331
4 0.6838854166666666 0.7335282407407406 0.013197916666666623 0.021123148148148137
4 0.6347083333333332 0.6983231481481482 0.0112187500000001 0.016429629629629655
4 0.6429583333333333 0.7388092592592592 0.025083333333333256 0.02229629629629623
0 0.6548411458333334 0.7041907407407408 0.08845312499999997 0.13143333333333332
0 0.46209244791666665 0.7253143518518519 0.06865052083333331 0.10561574074074069
0 0.8561718749999999 0.9165944444444445 0.09241666666666658 0.11734814814814815
0 0.6993984375 0.3726740740740741 0.06402604166666657 0.12791296296296292
0 0.4000432291666667 0.5774518518518518 0.08449270833333333 0.1736796296296296
0 0.24888020833333335 0.5222967592592593 0.06072916666666665 0.1220453703703704
0 0.06603265625 0.48533101851851856 0.05808885416666667 0.07862500000000003
