3 0.48717604166666667 0.04057064814814815 0.023763541666666655 0.05046092592592593
4 0.6498906249999999 0.4665550925925926 0.013864583333333276 0.01760277777777775
4 0.9746588541666666 0.2987425925925926 0.020463541666666647 0.015255555555555555
1 0.9716874999999999 0.2969824074074074 0.035645833333333245 0.06571666666666666
0 0.6634244791666667 0.43017592592592596 0.06336979166666659 0.11148333333333338
4 0.5673802083333332 0.7740148148148148 0.012541666666666748 0.015255555555555555
4 0.6139166666666667 0.8103935185185185 0.01452083333333339 0.02699074074074072
4 0.5739791666666666 0.8127402777777778 0.02442708333333338 0.024643518518518526
0 0.5858619791666667 0.7775351851851853 0.08251562499999991 0.12791296296296303
4 0.3267721354166666 0.6883481481481482 0.011881770833333328 0.01994999999999994
4 0.3670380208333333 0.6901087962962963 0.015842708333333337 0.01877685185185185
4 0.23633854166666665 0.5539814814814814 0.023763541666666683 0.02112407407407404
4 0.2033333333333333 0.5428333333333334 0.011882291666666678 0.019950000000000048
4 0.24921041666666668 0.5246435185185185 0.011221874999999996 0.01642962962962955
0 0.22808723958333332 0.5234703703703704 0.06799010416666666 0.10796296296296298
0 0.3525158854166667 0.6455152777777778 0.08185260416666669 0.16898611111111111
