4 0.07758411458333334 0.5017601851851853 0.027064062500000003 0.022296296296296335
1 0.09606718750000001 0.4923722222222222 0.07195104166666666 0.09270740740740738
4 0.6805859375 0.4923722222222222 0.02376562499999994 0.01994999999999994
4 0.6485729166666666 0.4689023148148148 0.017822916666666563 0.01760277777777775
4 0.6389973958333334 0.48767824074074073 0.017161458333333237 0.024643518518518526
4 0.6535208333333333 0.6725060185185185 0.017166666666666684 0.023469444444444428
4 0.6030234375 0.6654648148148148 0.015182291666666714 0.028164814814814716
4 0.39146171875 0.5035208333333333 0.029044270833333326 0.014082407407407464
4 0.39245182291666664 0.5269907407407408 0.019143229166666664 0.02112407407407404
4 0.48222552083333337 0.7206199074074074 0.017822916666666622 0.023469444444444428
4 0.5274427083333333 0.5199495370370371 0.013197916666666623 0.021123148148148137
4 0.5152312499999999 0.5481138888888889 0.02046458333333335 0.023470370370370332
4 0.48684609375 0.5398995370370371 0.007260937500000016 0.021123148148148245
0 0.5125890625 0.529924537037037 0.06798854166666667 0.09740092592592592
0 0.48123541666666664 0.6918689814814815 0.0633697916666667 0.11383055555555557
0 0.6277786458333333 0.6114833333333334 0.10297395833333335 0.21592592592592588
0 0.6677135416666666 0.4548199074074074 0.08779166666666664 0.1373009259259259
0 0.4426192708333333 0.9870046296296298 0.08251250000000004 0.1032685185185185
0 0.3908015625 0.5029337962962963 0.056768749999999986 0.09505462962962968
