4 0.9482552083333333 0.4360435185185186 0.012541666666666748 0.008214814814814828
4 0.9578281249999999 0.4542333333333334 0.006604166666666581 0.0352055555555556
4 0.9347239583333333 0.4518861111111111 0.011885416666666633 0.03051111111111111
2 0.9436354166666666 0.4647944444444445 0.05214583333333327 0.07275740740740744
4 0.8353802083333334 0.46714166666666673 0.012541666666666628 0.011735185185185218
1 0.8340598958333333 0.4659685185185185 0.020463541666666647 0.042246296296296275
4 0.01454484375 0.5346185185185185 0.0105615625 0.01056111111111117
4 0.15217552083333336 0.6114837962962962 0.008581249999999999 0.014082407407407358
4 0.12775182291666667 0.6191111111111113 0.009901562499999997 0.015255555555555555
4 0.09408671875 0.647275462962963 0.013861979166666672 0.010562037037036969
4 0.11520989583333334 0.6525564814814815 0.008581249999999999 0.016429629629629655
4 0.38552083333333337 0.7581722222222222 0.01320208333333337 0.016429629629629655
4 0.34855546875 0.7476106481481481 0.011881770833333328 0.01642870370370375
4 0.34228437500000003 0.7276611111111112 0.007261458333333337 0.014081481481481454
0 0.13798359375 0.6032689814814816 0.048847395833333335 0.08214537037037035
0 0.10233802083333333 0.6373004629629629 0.04620729166666668 0.07510462962962969
0 0.001672890624999999 0.5375523148148149 0.04158630208333333 0.05632870370370374
0 0.3888213541666667 0.7259009259259259 0.0514875 0.1044425925925926
0 0.35053541666666665 0.737049074074074 0.034324999999999994 0.05867592592592593
3 0.466053125 0.2523893518518519 0.019803124999999967 0.028163888888888867
