3 0.49113671875000003 0.09689925925925927 0.015842187500000014 0.012908888888888885
3 0.4346981770833333 0.05113226851851852 0.023103645833333294 0.043419907407407414
3 0.41720572916666665 0.02707527777777778 0.017162499999999997 0.02816425925925926
0 0.6479088541666668 0.4278287037037037 0.06534895833333335 0.12321851851851849
4 0.5782682291666668 0.7569986111111111 0.011880208333333423 0.016428703703703647
4 0.625796875 0.795137962962963 0.01452083333333339 0.02699074074074072
4 0.5848697916666665 0.7986583333333334 0.025083333333333374 0.02464444444444443
0 0.5957630208333333 0.7611060185185186 0.07986979166666662 0.12791203703703702
4 0.3307325520833333 0.6824810185185186 0.010561979166666664 0.024643518518518422
4 0.37231875000000003 0.6854148148148149 0.015842708333333337 0.02581666666666662
4 0.29112656249999996 0.6437550925925926 0.023763541666666655 0.019949074074074143
4 0.25647135416666667 0.6355402777777778 0.016502083333333317 0.02229722222222224
0 0.27891484375 0.6085495370370371 0.0640296875 0.11383055555555557
0 0.35581640625 0.6373004629629629 0.08713281250000003 0.1760268518518519
