4 0.23864869791666668 0.5140824074074075 0.019143229166666692 0.023470370370370437
4 0.20498359374999997 0.5029337962962963 0.024423437499999985 0.019949074074074143
4 0.8647526041666665 0.8250625 0.02244270833333329 0.032858333333333406
4 0.9132708333333334 0.8526398148148149 0.04158333333333341 0.026990740740740825
4 0.13963359375 0.6402342592592593 0.0244234375 0.022296296296296335
4 0.07131328124999999 0.2852476851851852 0.0158421875 0.014082407407407412
4 0.04325921875000001 0.28642129629629637 0.01914302083333333 0.016429629629629603
0 0.21653515625 0.4794638888888889 0.0897734375 0.12321851851851855
0 0.904359375 0.7992449074074075 0.1095729166666666 0.16429166666666672
0 0.13831354166666668 0.5950541666666667 0.09175416666666666 0.15725092592592585
0 0.052830625 0.27468611111111113 0.058088749999999995 0.07979814814814816
