4 0.8730026041666666 0.43017592592592596 0.015182291666666714 0.010561111111111117
3 0.5739783854166667 0.133864875 0.13267864583333336 0.2746017314814815
3 0.4858559895833333 0.1602687962962963 0.10297552083333338 0.17485314814814817
3 0.42050624999999997 0.13973208333333334 0.05808854166666665 0.12908583333333332
4 0.9832421874999999 0.8133273148148149 0.009901041666666662 0.025817592592592628
4 0.33865364583333335 0.5258171296296296 0.010561458333333343 0.014082407407407358
4 0.3195109375 0.5222967592592593 0.006601041666666655 0.014082407407407358
4 0.6462604166666668 0.5469402777777779 0.011885416666666633 0.014082407407407358
4 0.6885052083333333 0.5522212962962963 0.009239583333333337 0.012909259259259266
4 0.9545260416666667 0.5129083333333334 0.011885416666666633 0.011735185185185166
4 0.9462760416666666 0.519362962962963 0.008583333333333342 0.012909259259259266
4 0.9667395833333332 0.5269907407407408 0.016500000000000032 0.016429629629629655
0 0.6911458333333333 0.519362962962963 0.04488541666666658 0.11148333333333338
0 0.6482395833333333 0.5281643518518518 0.03960416666666677 0.061023148148148125
0 0.9611276041666666 0.5158425925925926 0.04489062500000003 0.06219629629629632
0 0.33337317708333336 0.5105615740740741 0.042246354166666694 0.07745092592592592
1 0.872015625 0.4284162037037037 0.025083333333333256 0.04459351851851852
0 0.9964427083333334 0.8033523148148148 0.061385416666666616 0.1020953703703703
