4 0.08187499999999999 0.4947189814814815 0.027723958333333326 0.024643518518518526
1 0.09969765625 0.4847439814814815 0.07129114583333332 0.08683981481481486
4 0.6050026041666666 0.5064541666666666 0.024421874999999933 0.01760277777777775
4 0.5743098958333335 0.4829837962962963 0.018484375000000004 0.017602777777777853
4 0.5647369791666667 0.5041074074074073 0.019140625 0.022296296296296335
4 0.6581432291666668 0.6701587962962964 0.018484375000000004 0.025817592592592524
4 0.609625 0.6637046296296296 0.01782291666666668 0.029337037037037116
4 0.46407265625 0.9805555555555556 0.018482812500000043 0.02229629629629623
4 0.32743203125 0.5299245370370371 0.010561979166666664 0.01525648148148146
4 0.4152255208333333 0.6642916666666666 0.01320208333333337 0.023470370370370437
4 0.3977328125 0.6959763888888889 0.017822916666666622 0.025817592592592628
4 0.5264520833333334 0.51995 0.02178333333333337 0.01877592592592584
4 0.5350338541666666 0.5434199074074074 0.016505208333333302 0.023469444444444428
4 0.50235859375 0.5404861111111111 0.018482812500000043 0.02464444444444443
0 0.51688125 0.5275773148148148 0.07261249999999997 0.1020953703703703
0 0.4043338541666667 0.6754398148148149 0.05874895833333333 0.10913703703703699
0 0.6330572916666667 0.6132435185185185 0.1016562499999999 0.21944629629629625
0 0.5954348958333334 0.470075462962963 0.08845312500000008 0.13026018518518523
0 0.4528510416666666 0.9823101851851852 0.0871333333333333 0.11265740740740748
0 0.34195442708333335 0.5123217592592593 0.06865052083333331 0.10209537037037035
