4 0.2808950520833333 0.115675 0.020463020833333328 0.015255555555555555
4 0.49410703125 0.020034212962962962 0.020463020833333328 0.011735092592592592
4 0.5142414062499999 0.05406601851851852 0.013204687499999975 0.05867555555555556
4 0.49377734375 0.05523953703703704 0.005280729166666671 0.049287407407407405
4 0.47298411458333334 0.051718981481481484 0.01782239583333336 0.05632851851851852
1 0.2756140625 0.1127413425925926 0.03894583333333334 0.07510435185185185
2 0.4917973958333333 0.07225557407407408 0.08713437500000006 0.12791292592592593
4 0.5007080729166666 0.7388092592592592 0.009901562499999983 0.03168518518518521
4 0.45978203125 0.7663870370370371 0.03102447916666667 0.028164814814814823
4 0.537015625 0.8315166666666667 0.023104166666666672 0.02933703703703701
4 0.4970776041666667 0.8162611111111111 0.010561458333333343 0.02933703703703701
4 0.5518645833333333 0.48239722222222226 0.026406250000000023 0.018775925925925946
4 0.5528567708333334 0.5134953703703704 0.021786458333333415 0.02699074074074072
4 0.7185416666666666 0.734701851851852 0.027062500000000017 0.023470370370370437
4 0.7053385416666667 0.7581722222222222 0.017822916666666563 0.025816666666666724
4 0.5208416666666666 0.2717523148148148 0.018483333333333303 0.019949074074074036
4 0.4878361979166667 0.26647175925925926 0.007921354166666639 0.02112314814814819
0 0.51985078125 0.23302638888888888 0.07987135416666664 0.15373055555555556
0 0.5215023437499999 0.8021791666666667 0.07393281250000001 0.1373009259259259
0 0.46704322916666663 0.7129921296296297 0.08647291666666668 0.16077129629629625
0 0.5538463541666666 0.47887685185185186 0.05808854166666671 0.12204444444444444
0 0.7310833333333333 0.7188597222222223 0.10231250000000003 0.15373055555555556
