3 0.6422994791666667 0.16554953703703704 0.01583854166666671 0.021123148148148137
3 0.6158958333333333 0.2124898148148148 0.011885416666666752 0.01642962962962963
4 0.9132708333333334 0.46127407407407406 0.013864583333333276 0.014081481481481454
1 0.9132708333333334 0.45892685185185184 0.02442708333333338 0.042246296296296275
4 0.05679122395833334 0.7347023148148147 0.019802968750000004 0.014082407407407358
4 0.06702291666666667 0.8015921296296297 0.015182291666666662 0.01877685185185185
4 0.9667395833333332 0.6730930555555555 0.016500000000000032 0.012908333333333258
4 0.40697395833333333 0.5410731481481482 0.011221875000000025 0.011735185185185166
4 0.39014140625 0.5346185185185186 0.007921354166666698 0.012909259259259266
4 0.8340572916666665 0.5897736111111112 0.016500000000000032 0.012908333333333362
4 0.8244869791666666 0.5715842592592593 0.007921874999999901 0.011735185185185166
0 0.968390625 0.6619444444444446 0.040927083333333295 0.05867592592592593
0 0.8353776041666667 0.5715837962962964 0.044223958333333376 0.06336944444444441
0 0.400703125 0.519362962962963 0.04752708333333331 0.08097222222222217
0 0.06438229166666667 0.7587592592592594 0.056108333333333336 0.12791296296296303
0 0.05910166666666666 0.7100583333333335 0.05082791666666667 0.08214629629629626
3 0.4921270833333333 0.1790449074074074 0.011221875000000025 0.019949074074074064
