4 0.5089596354166667 0.1766976851851852 0.018482812500000043 0.017602777777777773
4 0.5789296875000001 0.08516393518518518 0.019807291666666654 0.015255462962962972
4 0.5984036458333333 0.11743537037037037 0.013859374999999948 0.0539811111111111
4 0.5782708333333333 0.11802268518518519 0.005281249999999934 0.04811388888888889
4 0.5587994791666666 0.11743550925925926 0.015182291666666714 0.058675277777777764
1 0.5155598958333333 0.17141712962962963 0.04224479166666667 0.06806388888888888
2 0.5759583333333333 0.13621157407407408 0.08251041666666659 0.12439166666666669
4 0.5746380208333333 0.7933777777777777 0.009901041666666662 0.028164814814814823
4 0.5363541666666667 0.8180212962962963 0.029708333333333312 0.03051111111111111
4 0.49938802083333333 0.8350375000000001 0.007261458333333337 0.024643518518518526
4 0.47298411458333334 0.8274097222222222 0.03102447916666667 0.021123148148148137
4 0.4723239583333333 0.8590939814814815 0.020463541666666647 0.025817592592592628
4 0.6036822916666668 0.9177685185185186 0.021781249999999967 0.02581481481481481
4 0.5743072916666667 0.8860847222222222 0.019802083333333324 0.032858333333333406
4 0.5637473958333333 0.9119018518518519 0.01583854166666659 0.03051111111111111
4 0.7934635416666667 0.785162962962963 0.01452083333333339 0.023470370370370332
4 0.6030234375 0.32338657407407406 0.01650520833333336 0.019949074074074036
4 0.5696901041666667 0.31575879629629633 0.00792187500000002 0.021123148148148137
0 0.5987317708333334 0.2870078703703704 0.07260937500000005 0.14434166666666667
0 0.474634375 0.824475462962963 0.07393125000000005 0.13260648148148152
0 0.5442742187499999 0.7687337962962963 0.08119114583333337 0.15725092592592596
0 0.5855312499999998 0.8878435185185186 0.08317708333333336 0.12086851851851864
0 0.8208567708333333 0.7763615740740741 0.09835937500000007 0.13026018518518523
