4 0.9033671875000001 0.4278291666666667 0.015182291666666596 0.010562037037037073
4 0.9898411458333333 0.8004185185185185 0.009901041666666662 0.03051111111111111
4 0.5102796875000001 0.4782898148148148 0.007920833333333318 0.008214814814814881
4 0.45879192708333333 0.45012592592592593 0.010561979166666664 0.010561111111111117
4 0.6838854166666666 0.5440069444444445 0.013197916666666623 0.012908333333333362
4 0.9703697916666667 0.5222967592592593 0.011885416666666633 0.01642870370370375
4 0.96046875 0.509387962962963 0.010562499999999985 0.011735185185185166
4 0.9525468749999999 0.5187759259259259 0.010562499999999985 0.011735185185185166
0 0.4604421875 0.43663055555555563 0.037626041666666644 0.06806296296296295
0 0.5036786458333333 0.47887685185185186 0.033005208333333334 0.044592592592592614
0 0.6894973958333334 0.5099750000000001 0.046869791666666674 0.10913703703703703
0 0.6538515625 0.5264041666666667 0.038942708333333326 0.06454351851851851
0 0.9654166666666666 0.5134953703703704 0.04290624999999994 0.05984814814814823
1 0.8994088541666665 0.4248953703703704 0.028380208333333337 0.04694074074074077
0 1.0083255208333335 0.7910305555555556 0.06139062500000006 0.09622777777777772
3 0.6333880208333333 0.12447685185185185 0.015182291666666714 0.018775925925925932
