4 0.38585104166666667 0.48533101851851856 0.028384374999999965 0.01760277777777775
4 0.4076341145833333 0.5352055555555555 0.011221354166666645 0.05398148148148155
4 0.38750104166666666 0.5522208333333334 0.014521874999999972 0.01760277777777775
4 0.3653880208333334 0.5334449074074075 0.008581249999999999 0.05280833333333324
4 0.3247916666666667 0.6120699074074074 0.006601041666666655 0.017602777777777853
4 0.44426953124999996 0.6150041666666667 0.005280729166666671 0.01642870370370375
4 0.38552083333333337 0.5803856481481481 0.025083333333333315 0.02229722222222224
4 0.6234843750000001 0.5821458333333334 0.01782291666666668 0.025817592592592628
1 0.6356979166666666 0.5803851851851852 0.046208333333333344 0.09270740740740743
4 0.23402786458333333 0.6860013888888888 0.020463020833333328 0.02229722222222224
4 0.601703125 0.4735962962962963 0.02310416666666673 0.015255555555555555
4 0.5980729166666666 0.49295925925925926 0.02244791666666662 0.018775925925925946
4 0.28617578125 0.5897736111111112 0.01650260416666664 0.02229722222222224
4 0.2980575520833334 0.6067893518518519 0.011221354166666645 0.021123148148148137
0 0.3340330729166666 0.5451805555555557 0.05676822916666667 0.08097222222222217
0 0.2729736979166667 0.5944675925925927 0.06402968749999997 0.09036111111111114
0 0.6122656249999999 0.46010092592592594 0.06270833333333338 0.1196981481481482
0 0.23732838541666665 0.6419949074074074 0.07987239583333332 0.14551574074074078
2 0.3838705729166667 0.5563282407407408 0.1326796875 0.18306759259259262
