4 0.9202005208333334 0.4248953703703704 0.011880208333333305 0.009388888888888877
4 0.9301015625 0.4430847222222222 0.006598958333333371 0.03403240740740741
4 0.9188802083333333 0.4424981481481482 0.005281249999999934 0.023470370370370384
4 0.9093098958333333 0.43897731481481483 0.00990104166666678 0.03285833333333336
2 0.9175598958333334 0.4507125 0.04356770833333326 0.06806388888888891
4 0.8036953124999999 0.4524726851851852 0.01122395833333331 0.010562037037037073
1 0.8013828125 0.44953888888888893 0.022442708333333408 0.042246296296296275
4 0.054480989583333334 0.5158425925925926 0.005941145833333331 0.010561111111111065
4 0.31489010416666663 0.4630342592592593 0.009241666666666681 0.008214814814814776
4 0.318190625 0.470075462962963 0.006601041666666655 0.01056203703703702
4 0.3063088541666667 0.4712490740740741 0.007920833333333318 0.01056111111111117
4 0.8330677083333333 0.6214583333333333 0.006604166666666581 0.015255555555555555
4 0.8538619791666666 0.6343671296296296 0.009901041666666662 0.012908333333333362
4 0.8201979166666666 0.6284995370370371 0.008583333333333342 0.012908333333333362
4 0.8112838541666666 0.6150041666666667 0.00792187500000002 0.009387962962962973
4 0.8066640625 0.6226319444444445 0.006598958333333371 0.012908333333333362
4 0.7561666666666667 0.6302592592592593 0.00990624999999999 0.01173518518518527
4 0.7353723958333334 0.6296726851851852 0.013203124999999953 0.010562037037037073
4 0.8984192708333334 0.8485328703703705 0.01320312500000007 0.014082407407407358
0 0.04028880208333333 0.5199495370370371 0.03828593749999999 0.058675000000000026
0 0.03929864583333333 0.5340314814814815 0.033665208333333335 0.05398148148148144
0 0.30927916666666666 0.46420833333333333 0.028384375000000024 0.038725925925925886
0 0.7449453125000001 0.6150041666666667 0.038942708333333326 0.05632870370370363
0 0.8172265625 0.618524537037037 0.031682291666666626 0.04928796296296296
0 0.8502291666666667 0.6097231481481481 0.046208333333333344 0.08331851851851856
0 0.899078125 0.8297560185185187 0.03696875000000001 0.07510462962962958
3 0.4700135416666667 0.18021851851851853 0.023763541666666655 0.0504611111111111
3 0.49707838541666666 0.18725925925925926 0.051489062500000016 0.1044425925925926
3 0.5165515625 0.21483657407407408 0.05875104166666668 0.09857500000000001
