4 0.5898203125 0.1614425925925926 0.020463541666666647 0.015255555555555555
4 0.7898307291666666 0.08223023148148148 0.019140625 0.014082129629629623
4 0.8069947916666667 0.11332837962962963 0.012541666666666628 0.05280805555555556
4 0.7878515625000001 0.113915 0.005942708333333376 0.04694037037037037
4 0.7693671875 0.11039449074074074 0.015182291666666714 0.0539813888888889
1 0.5885026041666667 0.15733472222222222 0.03498437500000004 0.06806388888888888
2 0.7825703124999999 0.1285837962962963 0.08119270833333339 0.1208712962962963
4 0.7706901041666666 0.7581722222222222 0.009901041666666662 0.023470370370370332
4 0.7320729166666666 0.7769486111111111 0.026406250000000023 0.025817592592592628
4 0.6960989583333334 0.7927907407407407 0.008583333333333342 0.02699074074074072
4 0.6720052083333333 0.7804689814814816 0.03168750000000008 0.021123148148148137
4 0.6706848958333333 0.8115671296296296 0.02244270833333329 0.024643518518518526
4 0.5716692708333333 0.922461574074074 0.019807291666666654 0.023465740740740704
4 0.5432838541666667 0.8890185185185187 0.018484375000000004 0.0340314814814815
4 0.8152447916666666 0.8678953703703705 0.03564583333333336 0.026990740740740825
4 0.7753098958333333 0.8238888888888889 0.024421874999999933 0.02581666666666662
4 0.762109375 0.8502930555555556 0.02310416666666673 0.03637870370370369
4 0.8099635416666667 0.2576699074074074 0.01584374999999992 0.01760277777777775
0 0.810625 0.22950601851851857 0.06468750000000002 0.12556574074074076
0 0.6703541666666666 0.7769486111111111 0.06798958333333331 0.12204537037037035
0 0.7416458333333333 0.7282476851851851 0.07327083333333337 0.14903611111111106
0 0.5624278645833333 0.8989939814814815 0.08713385416666668 0.129086111111111
0 0.7987421875 0.8109800925925926 0.11485937499999999 0.1666379629629629
