4 0.9518880208333333 0.4190277777777778 0.013203124999999953 0.009388888888888877
4 0.9614583333333333 0.4372171296296296 0.007260416666666695 0.03168425925925925
4 0.9502369791666666 0.43780416666666666 0.005942708333333376 0.028163888888888867
4 0.9393437499999999 0.4325231481481482 0.010562499999999985 0.02933703703703701
2 0.9466041666666667 0.44660555555555553 0.05016666666666675 0.07393148148148143
4 0.8690416666666666 0.4477787037037037 0.012541666666666628 0.012909259259259266
1 0.8667317708333333 0.4460185185185186 0.022442708333333408 0.035205555555555545
4 0.5152302083333333 0.7100583333333335 0.008581249999999999 0.014081481481481454
4 0.5248015625 0.7276611111111112 0.014521874999999972 0.011735185185185166
4 0.10398828125 0.499413425925926 0.012542187500000008 0.010562037037037073
4 0.1089390625 0.5099750000000001 0.009241666666666667 0.010561111111111065
4 0.09210651041666666 0.5111486111111112 0.009901562499999997 0.012908333333333258
4 0.036328125 0.5240569444444444 0.009241354166666667 0.012908333333333362
4 0.019165520833333335 0.5211231481481482 0.0145221875 0.00704074074074078
4 0.016855182291666666 0.5316851851851853 0.013862135416666668 0.011735185185185166
0 0.5224903645833333 0.7135787037037037 0.03762343749999998 0.06102222222222222
0 0.09870755208333333 0.5017601851851852 0.03366510416666667 0.05515555555555554
0 0.026426640624999997 0.5146685185185185 0.04224640625 0.0692370370370371
