4 0.48123515624999996 0.5886 0.015842187499999955 0.019950000000000048
4 0.26142213541666665 0.5123222222222222 0.025083854166666638 0.015255555555555555
4 0.28287526041666666 0.5592625 0.009901562499999983 0.05280833333333335
4 0.242609375 0.5580888888888889 0.008581249999999999 0.05280740740740734
4 0.2637325520833333 0.6015087962962963 0.020463020833333328 0.01760277777777775
2 0.26175208333333333 0.5815592592592593 0.12871979166666667 0.17720000000000008
1 0.4937770833333333 0.5891865740740742 0.044886458333333344 0.08214537037037035
4 0.22148619791666668 0.6754398148148149 0.013861979166666642 0.017601851851851844
4 0.20366354166666667 0.7047777777777778 0.015182291666666655 0.022296296296296335
4 0.37429921875000005 0.7616925925925926 0.011881770833333328 0.023470370370370437
4 0.07692421875 0.7135787037037037 0.023103645833333332 0.023470370370370437
4 0.08682578125 0.7382226851851853 0.020463020833333328 0.02816388888888892
4 0.03335768229166667 0.7393958333333333 0.019142864583333332 0.021123148148148137
4 0.7162317708333333 0.43310972222222227 0.011880208333333305 0.0164287037037037
4 0.684546875 0.43428333333333335 0.014520833333333271 0.018775925925925946
4 0.7380130208333334 0.44249768518518523 0.01320312500000007 0.014082407407407412
4 0.7294322916666667 0.4565800925925926 0.01584375000000004 0.0164287037037037
4 0.7654088541666667 0.4624476851851852 0.020463541666666647 0.0164287037037037
0 0.7512161458333333 0.43369675925925927 0.07393229166666669 0.09974907407407402
0 0.20531354166666665 0.6877620370370371 0.06336979166666665 0.09622777777777772
0 0.35515625000000006 0.7487842592592593 0.07129062500000002 0.11030925925925927
0 0.054810893229166664 0.7053643518518519 0.101655296875 0.14786203703703707
0 0.6970885416666667 0.40905277777777777 0.07657291666666666 0.11617777777777777
