4 0.8439609375 0.431349537037037 0.015182291666666714 0.01056203703703702
4 0.9835703124999999 0.8133273148148148 0.009244791666666667 0.02816388888888892
4 0.38684114583333334 0.5064541666666666 0.010561458333333343 0.010562037037036969
4 0.40598385416666666 0.5041074074074073 0.009241666666666681 0.01056111111111117
4 0.6456015625 0.5492875 0.011880208333333305 0.014082407407407464
4 0.6805859375 0.5533949074074075 0.009244791666666667 0.012908333333333258
4 0.9654192708333333 0.5281643518518518 0.013859375000000066 0.016428703703703647
4 0.9528776041666667 0.5134953703703704 0.01122395833333331 0.01056111111111117
4 0.9456145833333333 0.5217097222222222 0.008583333333333342 0.012908333333333362
0 0.6838854166666666 0.5181893518518519 0.046208333333333344 0.10678981481481484
0 0.6485703125000001 0.529337962962963 0.03763020833333333 0.06571666666666671
0 0.9598072916666666 0.5170157407407407 0.0448854166666667 0.05750185185185183
0 0.39179166666666665 0.49354583333333335 0.04554687500000002 0.0715842592592592
1 0.8426406249999999 0.4290027777777778 0.023104166666666613 0.045766666666666664
0 0.9957812500000001 0.8021787037037038 0.06270833333333325 0.09974814814814811
3 0.6304166666666667 0.13093101851851854 0.010562499999999985 0.019949074074074064
