4 0.37000859375 0.4630342592592593 0.020463020833333328 0.026990740740740773
1 0.3861809895833333 0.4653814814814815 0.058089062499999976 0.10913703703703709
4 0.4710036458333333 0.7194462962962963 0.019142708333333282 0.02581666666666662
4 0.5079700520833333 0.737636111111111 0.02970572916666671 0.022296296296296335
4 0.09705729166666666 0.37854166666666667 0.035645833333333335 0.017601851851851844
4 0.10266822916666667 0.48591759259259254 0.02838437500000001 0.023470370370370437
4 0.6010416666666667 0.6038555555555556 0.012541666666666628 0.02229629629629623
4 0.6455989583333333 0.6179375 0.019802083333333324 0.024643518518518422
4 0.15943671874999998 0.4536462962962963 0.020463020833333328 0.09036111111111109
4 0.12346119791666667 0.4301763888888889 0.014522395833333323 0.05280833333333335
4 0.10068776041666666 0.4254819444444444 0.02310364583333334 0.07393055555555553
4 0.03236752604166667 0.4559930555555556 0.017162552083333334 0.09036018518518524
4 0.07329374999999999 0.43135 0.010561458333333329 0.05750185185185183
2 0.09771729166666668 0.45716712962962963 0.15182270833333333 0.19832314814814817
4 0.8254765625 0.4507125 0.01650520833333336 0.0164287037037037
4 0.83471875 0.48181064814814817 0.019145833333333327 0.01994907407407409
4 0.8654140625 0.48181064814814817 0.013203124999999953 0.024643518518518526
4 0.7317421875 0.5428333333333334 0.019140625 0.019950000000000048
4 0.7350442708333332 0.5815587962962963 0.0257447916666667 0.024643518518518526
4 0.7805911458333334 0.5833189814814815 0.0257447916666667 0.02816388888888892
4 0.6459322916666667 0.4988268518518518 0.01782291666666668 0.023470370370370437
4 0.6106145833333334 0.47887685185185186 0.025083333333333374 0.018775925925925946
4 0.5980729166666666 0.5510476851851852 0.01452083333333339 0.024643518518518526
0 0.6122656249999999 0.5264041666666667 0.061385416666666734 0.09036018518518524
0 0.6383385416666667 0.5745180555555555 0.0963750000000001 0.15138240740740747
0 0.6304166666666667 0.4577537037037037 0.08053125000000005 0.12673888888888887
0 0.49938750000000004 0.7147527777777778 0.07987083333333332 0.11969814814814815
0 0.754515625 0.5481138888888889 0.09637499999999997 0.13612777777777782
0 0.8403307291666666 0.4659685185185185 0.06865104166666663 0.09622777777777772
