4 0.483215625 0.5862532407407408 0.015842708333333278 0.01760277777777775
4 0.2637322916666667 0.5076277777777779 0.025743750000000027 0.015255555555555555
4 0.28419557291666664 0.5563287037037038 0.009901562499999983 0.05398148148148155
4 0.24293932291666664 0.5545680555555557 0.00924114583333333 0.05280833333333335
4 0.26571276041666664 0.5991620370370371 0.01782239583333333 0.015255555555555555
2 0.26307239583333336 0.5756916666666667 0.12739895833333337 0.17015925925925932
1 0.49575729166666666 0.5856662037037037 0.047527083333333366 0.08449351851851845
4 0.23171770833333336 0.6848277777777778 0.009241666666666652 0.01994999999999994
4 0.2204958333333333 0.6713324074074074 0.01320208333333334 0.01642962962962955
4 0.20234322916666667 0.6994967592592592 0.016502083333333348 0.023469444444444428
4 0.1699984375 0.6003351851851852 0.015182291666666655 0.01994999999999994
4 0.13963359375 0.5985750000000001 0.013861979166666672 0.018775925925925946
4 0.43139791666666666 0.5569152777777777 0.011221875000000025 0.01525648148148146
4 0.4181958333333333 0.5868398148148148 0.024423958333333336 0.016429629629629655
4 0.3818903645833333 0.5803856481481481 0.012542187500000008 0.02229722222222224
4 0.5710104166666667 0.479463425925926 0.014520833333333271 0.019949074074074036
4 0.5350338541666666 0.4923722222222222 0.013859374999999948 0.01760185185185195
4 0.5145703125 0.45481944444444444 0.009901041666666662 0.015255555555555555
4 0.6347083333333332 0.43017592592592596 0.020458333333333318 0.019949999999999992
4 0.6366875000000001 0.4008384259259259 0.012541666666666628 0.01056203703703702
4 0.6013723958333334 0.42841574074074074 0.017161458333333237 0.018775925925925894
0 0.6221666666666666 0.40259861111111117 0.07194791666666672 0.09857499999999997
0 0.20597369791666664 0.6795472222222223 0.06336927083333332 0.09388148148148143
0 0.160096875 0.5850796296296297 0.06535 0.08801296296296295
0 0.5257916666666667 0.4401509259259259 0.03762500000000006 0.056327777777777734
0 0.4109346354166667 0.5528083333333332 0.07855156249999998 0.10796296296296298
0 0.5515354166666666 0.460100462962963 0.07195 0.13612685185185192
