4 0.48717604166666667 0.5874263888888889 0.017162499999999997 0.019949074074074036
4 0.26571276041666664 0.5076277777777779 0.027064062499999982 0.015255555555555555
4 0.28815625 0.5551550925925927 0.011221875000000025 0.05163425925925935
4 0.2482200520833333 0.5551550925925927 0.010561979166666664 0.05163425925925935
4 0.27099375 0.5997486111111111 0.02178333333333334 0.01642870370370375
2 0.2673630208333333 0.5751046296296297 0.128059375 0.1736796296296296
1 0.49872786458333335 0.5868398148148148 0.04686718749999995 0.08214629629629626
4 0.22643671875000002 0.6725060185185184 0.011881770833333357 0.01642870370370375
4 0.20960416666666667 0.7018435185185186 0.01914270833333334 0.018775925925925946
4 0.5492265624999999 0.4865046296296296 0.01320312500000007 0.01056111111111117
4 0.5498854166666667 0.5152560185185185 0.013197916666666741 0.021123148148148137
4 0.52348125 0.5246435185185185 0.011881250000000006 0.01642962962962955
4 0.09837734375 0.7129921296296297 0.022443229166666672 0.024643518518518526
4 0.06570234375 0.7411564814814816 0.020463020833333335 0.01994999999999994
4 0.1089390625 0.7335282407407406 0.014521875000000002 0.021123148148148137
4 0.7211822916666667 0.43428333333333335 0.012541666666666628 0.018775925925925946
4 0.6861953125 0.4307625 0.013859374999999948 0.021123148148148137
4 0.7716796875 0.46420787037037037 0.021119791666666762 0.02229722222222224
4 0.743625 0.44191111111111114 0.013864583333333276 0.012909259259259266
4 0.7366953125 0.45716666666666667 0.018484375000000004 0.019949999999999992
0 0.7574869791666666 0.43311018518518524 0.06799479166666676 0.09622777777777777
0 0.20960416666666667 0.6830675925925925 0.06270937500000003 0.08918703703703704
0 0.5409744791666666 0.5035203703703705 0.058748958333333275 0.089187037037037
0 0.07758424479166666 0.6989101851851852 0.09439401041666667 0.14199444444444448
0 0.7030286458333334 0.4031856481481482 0.07656770833333333 0.10913611111111113
