4 0.48717630208333335 0.5880134259259259 0.015842187500000014 0.021123148148148137
4 0.26802317708333334 0.5088009259259261 0.027724479166666694 0.015255555555555555
4 0.29046666666666665 0.5575023148148148 0.01320208333333331 0.05163425925925925
4 0.24921015624999998 0.5569152777777777 0.009901562499999983 0.05280833333333335
4 0.2706635416666667 0.5991615740740741 0.021122916666666658 0.01760277777777775
2 0.26901302083333334 0.5745180555555555 0.13003958333333332 0.1748527777777778
1 0.49938802083333333 0.5868393518518518 0.045546874999999966 0.08683981481481474
4 0.22709713541666665 0.6736796296296296 0.011881770833333328 0.018775925925925946
4 0.2099341145833333 0.7024305555555556 0.01848281250000001 0.019950000000000048
4 0.5898229166666666 0.450712962962963 0.013864583333333276 0.011735185185185218
4 0.5908098958333333 0.47711666666666663 0.013203124999999953 0.019949999999999992
4 0.5634166666666667 0.48767824074074073 0.012541666666666628 0.01760277777777775
4 0.18221015625 0.7364625 0.02112343750000001 0.022297222222222135
4 0.19046145833333336 0.7605194444444445 0.019142708333333314 0.028164814814814823
4 0.14359427083333334 0.7675606481481482 0.028384374999999993 0.025817592592592628
4 0.7158984375 0.43076296296296296 0.015182291666666596 0.018775925925925946
4 0.6838854166666666 0.42137500000000006 0.010562499999999985 0.018775925925925894
4 0.7456067708333334 0.4419115740740741 0.015182291666666714 0.01760277777777775
4 0.7363645833333334 0.4565800925925926 0.01782291666666668 0.021123148148148137
4 0.7726692708333334 0.46420787037037037 0.020463541666666647 0.019949074074074036
0 0.7597968749999999 0.43428333333333335 0.06996874999999995 0.1009222222222222
0 0.21191458333333332 0.6824810185185186 0.06072916666666665 0.09036018518518524
0 0.5812421875 0.4665550925925926 0.06139062500000006 0.09036018518518518
0 0.15679635416666665 0.7276611111111112 0.097034375 0.15020925925925926
0 0.7063281250000001 0.4002518518518519 0.0712916666666666 0.11500370370370372
