3 0.4304078125 0.02238122685185185 0.017162499999999997 0.030511249999999997
3 0.44691015624999997 0.05230578703703704 0.02112343750000001 0.04107287037037038
3 0.48717604166666667 0.07225546296296297 0.017162499999999997 0.024643703703703706
0 0.6594635416666667 0.4295893518518519 0.06468750000000002 0.11969722222222219
4 0.9753203125 0.9688194444444446 0.015182291666666714 0.029342592592592646
0 1.0010651041666667 0.9576680555555557 0.07591145833333333 0.10796018518518517
4 0.508959375 0.6848277777777778 0.01320208333333331 0.01994999999999994
4 0.5449348958333333 0.7065375 0.008578125000000015 0.021123148148148137
4 0.519521875 0.7135791666666668 0.01716458333333334 0.021123148148148137
0 0.5218315104166666 0.6983231481481482 0.06138906249999998 0.09388148148148143
4 0.639 0.7939648148148148 0.01584374999999992 0.02699074074074072
4 0.5904817708333333 0.7575856481481482 0.01122395833333331 0.019949074074074143
4 0.5990625 0.8015921296296297 0.02442708333333338 0.023469444444444428
0 0.6109453125 0.7646268518518519 0.08251562500000004 0.12791296296296292
4 0.3449247395833333 0.687175 0.013861979166666672 0.02464444444444443
4 0.3865109375 0.6860013888888888 0.012541666666666628 0.019949074074074036
4 0.3072989583333333 0.6261523148148148 0.02310312499999997 0.019949074074074143
4 0.27231354166666666 0.6214583333333333 0.015182291666666684 0.01994999999999994
0 0.29046640625000003 0.5932944444444445 0.07525156250000001 0.11148333333333327
0 0.36736796875 0.638474074074074 0.08383281250000003 0.16194444444444442
