4 0.48288541666666673 0.5956412037037038 0.015182291666666655 0.02229722222222224
4 0.2637322916666667 0.5170157407407407 0.028384374999999993 0.015255555555555555
4 0.2841955729166667 0.5627828703703703 0.011221354166666645 0.05280833333333335
4 0.24326927083333333 0.5645435185185186 0.011221875000000025 0.05398148148148144
4 0.2653828125 0.6067893518518519 0.019803125000000026 0.016428703703703647
2 0.2614221354166667 0.5862527777777778 0.1306994791666667 0.1701592592592592
1 0.49443723958333335 0.5950546296296296 0.04620677083333333 0.08449259259259255
4 0.22247630208333333 0.6813074074074075 0.011881770833333328 0.019950000000000048
4 0.20432343749999998 0.7100587962962963 0.016502083333333317 0.021123148148148137
4 0.3086192708333333 0.795137962962963 0.013862499999999993 0.022296296296296335
4 0.2950872395833333 0.8285828703703704 0.02112343750000001 0.023469444444444428
4 0.08418541666666667 0.7094717592592592 0.028384374999999993 0.019949074074074036
4 0.09243645833333333 0.7317680555555556 0.027723958333333326 0.024643518518518526
4 0.6832265625 0.44484490740740745 0.01716145833333336 0.021123148148148137
4 0.7386744791666667 0.4495393518518519 0.014526041666666718 0.014082407407407412
4 0.7291015625 0.4624476851851852 0.01650520833333336 0.0164287037037037
4 0.7644166666666667 0.470662037037037 0.02112499999999997 0.018775925925925894
0 0.7515468750000001 0.43721712962962966 0.0719479166666666 0.09505462962962963
0 0.20465338541666667 0.6912824074074074 0.062049479166666664 0.09622777777777783
0 0.2927768229166666 0.8051125000000001 0.0666703125 0.11031018518518529
0 0.06933322916666666 0.6953898148148148 0.09109395833333332 0.14668888888888887
0 0.6852057291666667 0.41492083333333335 0.06732812499999999 0.11383055555555557
