3 0.4274372395833333 0.021207708333333335 0.0178223958333333 0.028164212962962964
3 0.44393958333333333 0.05289250000000001 0.02178333333333331 0.04459333333333334
3 0.5376744791666667 0.08985791666666666 0.01650520833333336 0.024643425925925933
0 0.6584713541666666 0.4278291666666667 0.0640260416666667 0.1208712962962963
4 0.658140625 0.7030171296296296 0.014520833333333271 0.021123148148148137
4 0.6683749999999999 0.737049074074074 0.02310416666666673 0.016429629629629655
4 0.9914921875 0.29052824074074074 0.019807291666666654 0.01290833333333331
1 0.98753125 0.28994166666666665 0.03036458333333331 0.06337037037037042
0 0.6696953125 0.715925925925926 0.06139062499999994 0.08449259259259266
4 0.6363567708333333 0.795137962962963 0.013203124999999953 0.02699074074074072
4 0.5891614583333333 0.7575856481481482 0.012541666666666628 0.01760277777777775
4 0.5954322916666667 0.7992453703703704 0.02376041666666661 0.023470370370370437
0 0.6079739583333333 0.7616930555555557 0.0792083333333333 0.12439166666666664
4 0.33964374999999997 0.6824810185185186 0.011221875000000025 0.02229722222222224
4 0.38222031250000005 0.6848277777777778 0.014521874999999972 0.01994999999999994
4 0.30069817708333335 0.6261523148148148 0.023103645833333353 0.024643518518518526
4 0.268353125 0.617350925925926 0.012541666666666687 0.023470370370370332
0 0.2884861979166667 0.5944675925925926 0.06600989583333335 0.11148333333333338
0 0.3637375 0.6414083333333334 0.08449270833333333 0.16546481481481481
