4 0.08682552083333332 0.5974013888888889 0.015182291666666669 0.01642870370370375
3 0.6492291666666666 0.02414151388888889 0.027062500000000017 0.03872586111111111
3 0.6911458333333333 0.032942824074074076 0.019802083333333324 0.03520527777777778
1 0.09936770833333333 0.5932939814814815 0.052147916666666676 0.07393055555555547
4 0.018175390625 0.5921208333333333 0.009901510416666667 0.01760277777777775
4 0.78884375 0.4565800925925926 0.019802083333333324 0.014082407407407412
4 0.7881822916666666 0.47300925925925924 0.01452083333333339 0.014081481481481454
4 0.49278697916666664 0.39321064814814816 0.013862499999999993 0.0164287037037037
0 0.7337239583333334 0.49706620370370375 0.042906250000000055 0.07393055555555558
0 0.008603932291666668 0.5839055555555556 0.05016755208333334 0.08097222222222217
0 0.4957575520833333 0.37971527777777775 0.05280781249999998 0.07862500000000003
0 0.7885130208333333 0.4542328703703704 0.036307291666666686 0.06336944444444452
