4 0.050520286458333334 0.5944675925925926 0.015182343749999997 0.017601851851851844
3 0.6409791666666667 0.017100462962962963 0.02244791666666662 0.03168481481481482
3 0.6056640625 0.015340180555555557 0.011223958333333428 0.025817231481481483
1 0.06471239583333332 0.5909472222222222 0.051487708333333326 0.08097222222222217
4 0.7551770833333333 0.4454319444444445 0.017166666666666684 0.01290833333333331
4 0.7545182291666667 0.4606875 0.013203124999999953 0.01290833333333331
4 0.4617622395833333 0.3832361111111111 0.013861979166666672 0.015255555555555555
0 0.7314114583333333 0.4865046296296296 0.03564583333333336 0.06219629629629627
0 0.46473281250000004 0.3691537037037037 0.05016770833333333 0.07627777777777778
0 0.7541848958333333 0.4407375 0.03498437499999992 0.06454351851851857
