4 0.9736692708333333 0.4219615740740741 0.013203124999999953 0.008213888888888871
4 0.9855520833333333 0.44073796296296297 0.006604166666666581 0.0340314814814815
4 0.9726796875 0.43956388888888887 0.007265625000000024 0.02699074074074072
4 0.960796875 0.4366305555555556 0.01121874999999998 0.03051111111111111
2 0.9706979166666666 0.4507125 0.053468749999999926 0.07275833333333329
4 0.8195364583333333 0.450125925925926 0.012541666666666628 0.012909259259259266
1 0.8182161458333332 0.4471921296296296 0.020463541666666647 0.03989907407407403
4 0.011574401041666666 0.5158425925925926 0.008581302083333332 0.010561111111111065
4 0.16603749999999998 0.5938805555555555 0.008581249999999999 0.011735185185185166
4 0.14260416666666667 0.6026819444444446 0.010561458333333343 0.012908333333333258
4 0.12478151041666667 0.6331935185185185 0.010561979166666664 0.015255555555555555
4 0.10464843750000001 0.6296726851851853 0.015182291666666669 0.012908333333333362
4 0.3650578125 0.7382222222222222 0.01320208333333337 0.011735185185185166
4 0.31390000000000007 0.7170990740740741 0.008581249999999999 0.011735185185185166
0 0.15547604166666668 0.5850796296296297 0.052147916666666676 0.08097222222222226
0 0.11289973958333333 0.6214583333333333 0.04488697916666666 0.08331851851851856
0 -0.00030742187500000057 0.5140819444444444 0.04026609375 0.05163425925925925
0 0.32314140625 0.7235537037037039 0.03894635416666669 0.06454259259259261
0 0.3640674479166667 0.7053643518518519 0.05346822916666672 0.1032694444444444
3 0.47562447916666667 0.2318527777777778 0.016502083333333376 0.026990740740740746
