4 0.9706979166666666 0.4190277777777778 0.016499999999999914 0.014081481481481454
3 0.5931223958333334 0.1532274537037037 0.09175520833333337 0.1865876851851852
3 0.5531848958333333 0.12506319444444444 0.036963541666666565 0.09270694444444444
3 0.43238776041666666 0.11450175925925926 0.04488697916666666 0.09974833333333336
4 0.3775997395833333 0.5281643518518518 0.007921354166666698 0.009387962962962973
4 0.3568065104166667 0.5328583333333333 0.011221354166666645 0.011735185185185166
4 0.6987369791666667 0.5211231481481482 0.015182291666666714 0.011735185185185166
4 0.71953125 0.5211231481481482 0.00923958333333322 0.01408148148148156
4 0.7465937500000001 0.5610222222222222 0.010562499999999985 0.011735185185185166
4 0.7231614583333333 0.5610226851851852 0.008583333333333342 0.014082407407407464
4 0.9756510416666666 0.4988268518518518 0.010562500000000105 0.01173518518518527
4 0.9670703125000001 0.5070412037037036 0.00792187500000002 0.014082407407407358
4 0.9868697916666667 0.5146685185185186 0.01452083333333339 0.015255555555555555
0 0.7393359375 0.5393125 0.05280729166666672 0.09505462962962963
0 0.7083098958333333 0.5046939814814816 0.047526041666666664 0.06336944444444441
0 0.9796119791666666 0.5035203703703705 0.04224479166666673 0.06102222222222222
0 0.36538776041666665 0.5152555555555556 0.04950781249999997 0.07979814814814816
1 0.9726796875 0.41609398148148147 0.0257447916666667 0.045767592592592624
