3 0.4165455729166666 0.22774583333333334 0.015842187500000014 0.028163888888888867
3 0.4030135416666667 0.21894444444444444 0.012541666666666687 0.022296296296296307
3 0.6370182291666666 0.16026851851851853 0.01716145833333336 0.022296296296296283
4 0.8845572916666666 0.4559935185185185 0.01584374999999992 0.010561111111111117
1 0.88290625 0.4530592592592593 0.02573958333333337 0.042246296296296275
4 0.054480911458333336 0.7305949074074074 0.02046317708333334 0.01760277777777775
4 0.10629869791666667 0.7710810185185186 0.017163020833333334 0.01877685185185185
4 0.4297473958333333 0.5264041666666667 0.009241666666666622 0.012908333333333258
4 0.8515520833333333 0.5821458333333334 0.006604166666666581 0.014082407407407358
4 0.8314192708333333 0.5821458333333334 0.015182291666666714 0.014082407407407358
4 0.9353854166666666 0.6378875 0.009239583333333337 0.012908333333333362
4 0.9221822916666668 0.6478625 0.011885416666666633 0.014082407407407464
0 0.9251536458333334 0.6384740740740741 0.041588541666666735 0.06102222222222222
0 0.8380182291666666 0.5639564814814815 0.046869791666666674 0.0692370370370371
0 0.4412994791666667 0.5129083333333334 0.045546874999999966 0.07745185185185188
0 0.10563854166666664 0.7294212962962963 0.06204895833333333 0.13025925925925932
0 0.055141015625 0.7041907407407408 0.04950755208333333 0.07745185185185188
