3 0.5419638020833334 0.10452694444444446 0.08053072916666675 0.11969796296296296
3 0.4749643229166666 0.14383981481481484 0.07459114583333334 0.09974814814814816
4 0.3782596354166667 0.5264041666666667 0.007921354166666698 0.010562037037037073
4 0.35647630208333336 0.5305115740740741 0.011881770833333328 0.014082407407407464
4 0.7258020833333333 0.5416597222222223 0.00990624999999999 0.008213888888888871
4 0.730421875 0.5539814814814814 0.008583333333333342 0.011735185185185166
4 0.7132604166666667 0.5510476851851852 0.012541666666666628 0.012908333333333362
4 0.7102890625 0.5105615740740741 0.009244791666666667 0.011734259259259262
4 0.7046796875000001 0.51995 0.009901041666666662 0.01173518518518527
4 0.9000703125000001 0.6361273148148148 0.009901041666666662 0.014082407407407358
4 0.8710260416666666 0.6296726851851853 0.012541666666666748 0.01760277777777775
4 0.98753125 0.5105615740740741 0.011885416666666633 0.014082407407407358
4 0.9756510416666666 0.49706620370370375 0.010562500000000105 0.012908333333333362
4 0.9670677083333333 0.5064541666666666 0.009239583333333337 0.012908333333333362
0 0.8812552083333333 0.6091361111111111 0.06072916666666662 0.10796296296296298
0 0.7192005208333333 0.5445930555555555 0.038942708333333326 0.05632870370370363
0 0.9819218749999999 0.501173611111111 0.042906250000000055 0.06336944444444441
0 0.7178802083333333 0.5041074074074074 0.0442291666666667 0.06454259259259255
0 0.36472760416666666 0.5123217592592593 0.052147916666666676 0.07627870370370378
