4 0.013554687499999999 0.4894384259259259 0.02970447916666667 0.025817592592592524
1 0.0333575859375 0.48181064814814817 0.07459107812499999 0.09740092592592592
4 0.6432890625 0.47711620370370367 0.024421874999999933 0.024643518518518474
4 0.6102838541666666 0.45188611111111116 0.016505208333333243 0.018775925925925894
4 0.601703125 0.4730092592592593 0.01782291666666668 0.023470370370370384
4 0.8135963541666666 0.6543166666666668 0.019140625 0.022296296296296335
4 0.7630989583333334 0.6384740740740741 0.01584374999999992 0.025816666666666724
4 0.48816640624999996 0.44895231481481485 0.027064062499999982 0.01290833333333331
4 0.4901466145833333 0.470662037037037 0.01782239583333336 0.018775925925925894
4 0.4673731770833333 0.46010092592592594 0.009241145833333301 0.018775925925925946
4 0.6106145833333334 0.6818939814814815 0.014520833333333271 0.025817592592592524
4 0.5703489583333333 0.638474537037037 0.018479166666666675 0.014082407407407464
4 0.5719973958333334 0.676026388888889 0.020463541666666765 0.021123148148148137
4 0.47727447916666665 0.5088013888888889 0.017162499999999997 0.01760277777777775
4 0.48750625 0.529924537037037 0.012541666666666687 0.024643518518518526
4 0.4561513020833334 0.5346185185185185 0.018482812499999984 0.022296296296296335
0 0.46341249999999995 0.5181893518518519 0.07393124999999999 0.09974907407407411
0 0.5871822916666666 0.6613578703703703 0.07987499999999995 0.12087129629629635
0 0.7937916666666667 0.587426851851852 0.09703124999999997 0.21944629629629636
0 0.63140625 0.4401509259259259 0.08779166666666664 0.13143333333333332
0 0.36736796875000005 0.9746837962962963 0.08779322916666665 0.1279101851851852
0 0.48717630208333335 0.44836574074074076 0.059408854166666636 0.09153333333333333
