4 0.5690286458333332 0.14266574074074076 0.019807291666666654 0.015255555555555555
4 0.7997317708333334 0.05876004629629629 0.020463541666666765 0.011735092592592589
4 0.8178854166666667 0.08985819444444446 0.011885416666666633 0.057502129629629646
4 0.7980833333333334 0.09161824074074074 0.0066041666666667 0.04459314814814815
4 0.7792682291666666 0.08809800925925926 0.015182291666666714 0.05398175925925927
1 0.5647369791666667 0.13914583333333333 0.03498437500000004 0.06688981481481482
2 0.7941223958333334 0.10804736111111111 0.08053645833333327 0.1196978703703704
4 0.6904869791666667 0.7564120370370371 0.031682291666666744 0.017601851851851844
4 0.6921380208333333 0.7839893518518518 0.021786458333333297 0.025817592592592524
4 0.6630911458333334 0.7622796296296296 0.009901041666666662 0.024644444444444538
4 0.7591380208333334 0.8473592592592593 0.031682291666666626 0.028164814814814823
4 0.7050104166666666 0.8256490740740742 0.014520833333333271 0.02933703703703701
4 0.7944505208333332 0.20427546296296298 0.009901041666666662 0.014082407407407412
0 0.7779505208333333 0.17552407407407408 0.06667187499999999 0.11148333333333332
0 0.6802552083333333 0.7487842592592593 0.06798958333333331 0.12673888888888882
0 0.7525364583333333 0.7065379629629629 0.07920833333333341 0.14316851851851847
0 0.5693567708333334 0.8790444444444444 0.08647395833333338 0.12439259259259254
0 0.7426328125 0.795725 0.104296875 0.16194444444444442
