4 0.07461380208333333 0.559262037037037 0.025083854166666666 0.02699074074074072
1 0.09078645833333333 0.5522208333333334 0.06534999999999999 0.1020953703703703
4 0.4941072916666666 0.5082148148148148 0.015182291666666655 0.018775925925925946
4 0.46374244791666663 0.4964796296296296 0.027064062499999982 0.018775925925925946
4 0.4584619791666667 0.5181893518518519 0.02178333333333331 0.019949074074074143
4 0.6030234374999999 0.5369657407407408 0.008578125000000015 0.019950000000000048
4 0.5680390625 0.5463537037037037 0.019140625 0.019950000000000048
4 0.5505468750000001 0.6103097222222222 0.009239583333333337 0.021123148148148245
4 0.5261231770833333 0.6261523148148148 0.01980572916666669 0.024643518518518526
4 0.7951119791666666 0.5663037037037036 0.025744791666666583 0.015255555555555555
4 0.7954427083333333 0.5921203703703704 0.018479166666666675 0.02229629629629623
4 0.7729999999999999 0.5768648148148149 0.011885416666666633 0.02229629629629623
4 0.3195109375 0.6261523148148148 0.019803124999999967 0.02229722222222224
4 0.29013645833333335 0.6155907407407407 0.013862499999999993 0.022296296296296335
0 0.3099395833333334 0.6038555555555556 0.06931041666666662 0.10678888888888889
0 0.7928020833333334 0.5698240740740741 0.05677083333333333 0.1044425925925926
0 0.577609375 0.49589259259259255 0.07657291666666666 0.17250555555555555
0 0.47562447916666667 0.4782898148148148 0.07459166666666667 0.13025925925925927
0 0.5297523437499999 0.5985750000000001 0.06534947916666661 0.1009222222222222
