4 0.9192109374999999 0.44484490740740745 0.011223958333333428 0.009387962962962973
4 0.92878125 0.4624476851851852 0.005281249999999934 0.030512037037037015
4 0.917890625 0.46127407407407406 0.005937499999999929 0.02581666666666662
4 0.9073307291666666 0.45775324074074075 0.009901041666666662 0.0328583333333333
2 0.9162395833333332 0.47066250000000004 0.0448854166666667 0.06806388888888895
4 0.8739947916666667 0.4823976851851851 0.010562499999999985 0.009387962962962973
1 0.8782864583333333 0.4818101851851852 0.021781249999999967 0.03872592592592599
4 0.026096588541666663 0.5469402777777779 0.012541927083333333 0.009387962962962973
4 0.024776380208333334 0.5545680555555556 0.011221718749999998 0.012908333333333362
4 0.06075182291666667 0.5293375000000001 0.007921354166666669 0.009387962962962973
4 0.20762395833333333 0.48533101851851856 0.007261458333333337 0.008213888888888871
4 0.22016588541666668 0.49061203703703704 0.00858177083333332 0.011735185185185166
4 0.9954531249999999 0.6906953703703704 0.010562499999999985 0.012909259259259266
4 0.8152473958333334 0.6255657407407408 0.00792187500000002 0.011735185185185166
4 0.8046822916666666 0.6396481481481481 0.01452083333333339 0.01173518518518527
4 0.8726744791666666 0.5445930555555555 0.01320312500000007 0.009387962962962973
4 0.8693749999999999 0.5539814814814814 0.010562499999999985 0.009388888888888877
4 0.8852161458333333 0.5557416666666667 0.00792187500000002 0.008214814814814776
0 0.9611276041666666 0.6648782407407409 0.03564062499999991 0.05280833333333335
0 1.0017239583333333 0.6654648148148148 0.04818749999999999 0.09153333333333333
0 0.07230338541666666 0.5170157407407407 0.03762552083333334 0.05515555555555554
0 0.034017890625000005 0.5369652777777778 0.04026630208333334 0.05984907407407403
0 0.21389505208333331 0.4841578703703704 0.029044270833333326 0.03637870370370369
0 0.8779557291666668 0.5469402777777779 0.03696354166666668 0.04459351851851847
0 0.805015625 0.6220449074074075 0.037625000000000006 0.058675000000000026
