4 0.9403333333333334 0.420787962962963 0.012541666666666628 0.008214814814814828
4 0.9505651041666666 0.4372171296296296 0.006598958333333371 0.03168425925925925
4 0.9383541666666666 0.43897731481481483 0.0072604166666665765 0.025817592592592576
4 0.9277916666666667 0.4336967592592593 0.0112187500000001 0.03168425925925925
2 0.936703125 0.4471921296296296 0.04488541666666658 0.06806388888888885
4 0.8366979166666667 0.4483652777777778 0.012541666666666628 0.00938796296296292
1 0.8350494791666667 0.4460185185185186 0.018484375000000004 0.035205555555555545
4 0.6218359375 0.7646268518518519 0.013203124999999953 0.015255555555555555
4 0.6020338541666667 0.7423296296296296 0.011880208333333305 0.015255555555555555
4 0.6036848958333332 0.7616930555555557 0.01122395833333331 0.01642870370370375
4 0.10431848958333333 0.5005865740740741 0.011881770833333341 0.012908333333333362
4 0.11025937499999999 0.5093884259259259 0.009241666666666667 0.009387962962962867
4 0.09243671875 0.5129087962962964 0.00924114583333333 0.014082407407407464
4 0.0383084375 0.5240569444444444 0.011881770833333331 0.010562037037036969
4 0.021475885416666667 0.5217097222222222 0.015182291666666667 0.010562037037036969
4 0.02081578125 0.5322717592592592 0.013862083333333332 0.012908333333333258
0 0.6106145833333334 0.7540648148148148 0.0448854166666667 0.0692370370370371
0 0.029727135416666668 0.5134953703703704 0.0435665625 0.06454259259259261
0 0.10134791666666666 0.5070407407407408 0.03894583333333334 0.05398148148148155
