4 0.9129401041666667 0.430762962962963 0.010557291666666658 0.007040740740740727
4 0.9218515625 0.4477787037037037 0.005942708333333376 0.02933703703703701
4 0.9112890625000001 0.4477787037037037 0.005942708333333376 0.02464444444444443
4 0.9013880208333332 0.4442583333333333 0.01122395833333331 0.03168518518518516
2 0.9089791666666667 0.4565800925925926 0.046208333333333226 0.06806388888888891
4 0.7980833333333334 0.45716666666666667 0.010562499999999985 0.010561111111111117
1 0.7964322916666667 0.45716666666666667 0.019145833333333327 0.03872592592592599
4 0.045899557291666664 0.5240569444444444 0.007261093750000006 0.010562037037036969
4 0.031707421875 0.5275777777777778 0.007921197916666671 0.008214814814814881
4 0.1584466145833333 0.6108967592592593 0.00924114583333333 0.012908333333333362
4 0.13534296875 0.6144171296296297 0.009241145833333346 0.012908333333333362
4 0.13105234375 0.6367138888888889 0.009901562499999983 0.012909259259259266
4 0.1115796875 0.6320199074074074 0.01320208333333334 0.012908333333333362
4 0.8083151041666667 0.7464370370370371 0.008578125000000015 0.011735185185185166
4 0.7822395833333333 0.7417430555555555 0.010562499999999985 0.014082407407407464
4 0.7772890625 0.7587592592592594 0.008578125000000015 0.015255555555555555
4 0.8380182291666666 0.6232185185185186 0.013859374999999948 0.014081481481481454
4 0.8538619791666666 0.6326069444444445 0.009901041666666662 0.014082407407407464
4 0.8343880208333334 0.6331935185185185 0.01320312500000007 0.01056111111111117
0 0.1478848958333333 0.6003351851851852 0.04356666666666665 0.07862592592592597
0 0.1218109375 0.6220449074074075 0.045546874999999994 0.0704101851851852
0 0.037318177083333334 0.5205361111111112 0.029704270833333334 0.045766666666666664
0 0.7693697916666666 0.7523050925925926 0.037625000000000006 0.05632870370370374
0 0.7957708333333334 0.7194467592592594 0.053468750000000044 0.09857499999999991
0 0.8433020833333332 0.6202847222222223 0.04290624999999994 0.06454351851851851
3 0.5168794270833333 0.16730972222222223 0.013199479166666705 0.02229722222222224
3 0.5594583333333333 0.20016805555555556 0.016500000000000032 0.03168425925925925
3 0.5620963541666666 0.2154236111111111 0.013859374999999948 0.02229722222222224
