4 0.22346640625 0.5950541666666667 0.013861979166666672 0.016428703703703647
3 0.885546875 0.04995875 0.019145833333333445 0.03403175925925926
3 0.8555104166666666 0.054652777777777786 0.026406250000000023 0.03637888888888889
3 0.7895026041666666 0.04995875 0.04224479166666673 0.06689009259259258
4 0.012564525598958333 0.5481138888888889 0.025083761302083337 0.016429629629629655
4 0.03566802083333333 0.588600462962963 0.011881770833333334 0.04811388888888886
4 0.017185234374999997 0.6308467592592593 0.01980296875 0.017602777777777853
2 0.019825520833333332 0.6091365740740742 0.11881770833333333 0.15725092592592596
1 0.23765859375 0.5932939814814815 0.04488697916666666 0.07627870370370368
4 0.18386041666666667 0.6044421296296296 0.009901041666666662 0.014082407407407464
4 0.16372734374999998 0.6161773148148149 0.014522395833333323 0.016428703703703647
4 0.9264739583333332 0.4911986111111111 0.021781249999999967 0.012908333333333362
4 0.926140625 0.5076277777777779 0.01452083333333339 0.015255555555555555
4 0.49740781249999994 0.39379722222222224 0.012541666666666687 0.015255555555555555
4 0.4686934895833333 0.3943837962962963 0.011881770833333328 0.014082407407407412
4 0.8185442708333334 0.4290027777777778 0.017161458333333237 0.008214814814814828
4 0.8201953125 0.4436717592592592 0.016505208333333243 0.014082407407407412
4 0.7984140624999999 0.4336967592592593 0.009901041666666662 0.01290833333333331
0 0.8126041666666666 0.42078842592592597 0.046208333333333344 0.07158425925925929
0 0.17098854166666666 0.5974013888888889 0.05412812500000002 0.07979907407407406
0 0.483215625 0.3767814814814815 0.05808854166666665 0.08918703703703704
0 0.9248229166666666 0.48533101851851856 0.04092708333333341 0.06688981481481486
