4 0.3934419270833333 0.501173611111111 0.02112343750000001 0.014082407407407358
4 0.3990528645833333 0.5187759259259259 0.023103645833333353 0.018775925925925946
4 0.36571770833333334 0.5164291666666667 0.019803124999999967 0.023469444444444428
4 0.5525260416666666 0.6155907407407407 0.014520833333333271 0.022296296296296335
4 0.5115997395833334 0.6073759259259259 0.014522395833333293 0.019950000000000048
4 0.20234322916666667 0.46831527777777776 0.02574375 0.014082407407407412
4 0.19970286458333333 0.4888518518518519 0.019143229166666664 0.015255555555555555
4 0.05151041666666667 0.8045259259259259 0.023763541666666662 0.0340314814814815
4 0.02906703125 0.8409046296296296 0.02376354166666667 0.03168518518518521
4 0.8350494791666667 0.7006699074074075 0.021119791666666644 0.021123148148148137
4 0.8667317708333333 0.7006703703703704 0.013203124999999953 0.018775925925925946
4 0.8261380208333333 0.6672250000000001 0.013859374999999948 0.01994999999999994
4 0.2822151041666667 0.5715842592592593 0.015182291666666655 0.018775925925925946
4 0.2568013020833333 0.5522212962962963 0.015842187499999986 0.02464444444444443
4 0.79478125 0.7564120370370371 0.01452083333333339 0.022296296296296335
4 0.754515625 0.7587592592592594 0.025083333333333374 0.022296296296296335
0 0.7657395833333334 0.7241407407407408 0.09505208333333333 0.13143333333333343
0 0.26703307291666667 0.5422462962962963 0.06006927083333335 0.08918703703703704
0 0.8429687499999999 0.6883481481481483 0.06996875000000008 0.1044425925925926
0 0.8462708333333334 0.37443425925925927 0.07261458333333325 0.1337796296296296
0 0.53734375 0.5668902777777778 0.08581249999999993 0.1642916666666666
0 0.3812302083333333 0.48709166666666665 0.06931041666666668 0.11969814814814815
0 0.030057109375000005 0.8080462962962964 0.08779307291666667 0.11852407407407405
0 0.20597395833333335 0.46831527777777776 0.05412812499999999 0.07979907407407402
