4 0.3911317708333333 0.16261574074074076 0.01914270833333334 0.017601851851851844
4 0.4799151041666666 0.06873490740740741 0.02244374999999999 0.015255555555555555
4 0.5007080729166666 0.10276666666666667 0.013861979166666672 0.057501851851851846
4 0.48090520833333333 0.10452680555555556 0.005940625000000033 0.049287129629629625
4 0.46011197916666663 0.09983296296296296 0.01320208333333337 0.05632851851851852
1 0.3977328125 0.15850833333333336 0.04290625 0.07275740740740741
2 0.47628463541666666 0.11684902777777778 0.08383281250000003 0.12791305555555557
4 0.6591328125 0.8291699074074075 0.01650520833333336 0.024643518518518526
4 0.6304192708333333 0.7939643518518519 0.027723958333333344 0.024643518518518526
4 0.6185364583333333 0.8174347222222224 0.019802083333333324 0.02933796296296302
4 0.39443203125000004 0.2999162037037037 0.0165026041666667 0.0176027777777778
4 0.37231875 0.2811402777777777 0.017162499999999997 0.0176027777777778
4 0.36406770833333335 0.3016768518518519 0.011221875000000025 0.025816666666666672
4 0.6489010416666667 0.5698240740740742 0.018479166666666675 0.015255555555555555
4 0.6518723958333333 0.5938805555555556 0.025744791666666583 0.023470370370370437
4 0.49377708333333326 0.25297638888888896 0.015842708333333337 0.0176027777777778
4 0.5049989583333333 0.7264875000000001 0.01320208333333337 0.03989907407407408
4 0.46209244791666665 0.7616930555555557 0.03168489583333335 0.025817592592592628
0 0.4960864583333333 0.21835740740740744 0.06006666666666665 0.11969814814814818
0 0.64196875 0.8027652777777778 0.0891145833333334 0.12908611111111112
0 0.47298411458333334 0.7118185185185185 0.08515260416666663 0.15842407407407405
0 0.3861809895833333 0.28759444444444443 0.06865052083333331 0.09622777777777777
0 0.6545130208333333 0.5533944444444444 0.06667187499999999 0.12791296296296303
