4 0.8423098958333334 0.5739310185185185 0.018484375000000004 0.021123148148148137
4 0.8109557291666666 0.5522212962962962 0.021786458333333415 0.015255555555555555
4 0.8287760416666666 0.6196981481481482 0.012541666666666628 0.018775925925925946
4 0.7967630208333334 0.6173513888888889 0.011880208333333305 0.021123148148148137
4 0.23963880208333332 0.6742662037037037 0.025083854166666666 0.02229722222222224
4 0.19805260416666665 0.5 0.02640416666666665 0.01642962962962955
4 0.19310182291666667 0.5234703703703704 0.01782239583333333 0.018775925925925946
4 0.7281119791666666 0.6279125000000001 0.014526041666666718 0.021123148148148137
4 0.7720078125000001 0.6449282407407408 0.015182291666666596 0.024643518518518526
4 0.5505442708333333 0.37208703703703705 0.02376562499999994 0.011735185185185166
4 0.5498854166666667 0.3902768518518519 0.01452083333333339 0.015255555555555555
4 0.3340330729166666 0.42841574074074074 0.029044270833333326 0.018775925925925894
4 0.3739690104166667 0.4595138888888889 0.0165026041666667 0.022296296296296283
4 0.37330885416666665 0.6507958333333334 0.011221874999999966 0.024643518518518526
4 0.2706635416666667 0.5528083333333333 0.006601041666666655 0.023470370370370332
4 0.39509218749999997 0.5563287037037038 0.005940624999999974 0.023470370370370437
4 0.35713645833333335 0.48063703703703703 0.010561458333333343 0.05750185185185189
4 0.33502317708333335 0.4882648148148149 0.01782239583333336 0.03051111111111111
4 0.31224973958333335 0.4782902777777778 0.009241145833333301 0.05515462962962964
2 0.33238281249999996 0.5011731481481481 0.13796041666666664 0.1854148148148148
0 0.36109739583333333 0.4436712962962963 0.060729166666666674 0.08918703703703704
0 0.21158463541666664 0.501173611111111 0.06799010416666666 0.09388055555555552
0 0.8307578124999999 0.528750925925926 0.08382812500000002 0.11617777777777781
0 0.8162369791666666 0.6056162037037036 0.0706302083333334 0.10561574074074069
0 0.7479140624999999 0.5950541666666667 0.09373437500000001 0.1760268518518518
0 0.25053046875 0.6361273148148148 0.08515260416666666 0.1361268518518518
0 0.3366734375 0.6220453703703703 0.09901458333333331 0.15490370370370377
0 0.5505468750000001 0.37150092592592593 0.046208333333333344 0.08097222222222226
4 0.5785989583333333 0.5228837962962963 0.019145833333333327 0.024643518518518526
1 0.5927916666666666 0.5240569444444444 0.048843749999999984 0.09740092592592592
