4 0.06306203125000001 0.5076277777777779 0.025743645833333335 0.02699074074074072
1 0.07923471354166667 0.5 0.06468994791666667 0.1032685185185185
4 0.37000859375 0.5158425925925926 0.020463020833333328 0.02229629629629623
4 0.7624375000000001 0.5803856481481481 0.01584374999999992 0.02229722222222224
4 0.7132604166666667 0.5762782407407407 0.016500000000000032 0.023469444444444428
4 0.008603942708333335 0.2799666666666667 0.011881802083333334 0.019949999999999992
4 0.45021041666666667 0.4565800925925926 0.019803124999999967 0.021123148148148137
4 0.416215625 0.43721712962962966 0.008581249999999999 0.019949074074074036
4 0.5663880208333334 0.4894384259259259 0.025088541666666585 0.021123148148148137
4 0.5389947916666666 0.4595138888888889 0.013864583333333395 0.017601851851851844
4 0.5281015625000001 0.4777032407407407 0.01320312500000007 0.02112314814814819
0 0.5587971354166666 0.4536462962962963 0.08911406250000002 0.12791296296296292
0 0.44129921875 0.41374675925925924 0.08383281249999996 0.14903611111111112
0 0.7360338541666667 0.540486111111111 0.104296875 0.1748537037037037
0 0.34987526041666667 0.4882648148148149 0.08581302083333331 0.13847407407407405
0 -0.004268020833333334 0.2594300925925926 0.045546875 0.07510462962962963
