4 0.26571276041666664 0.5927074074074075 0.01650260416666664 0.016429629629629655
3 0.8604609375 0.04937199074074074 0.05610937500000001 0.06806361111111112
3 0.9350520833333333 0.058173287037037044 0.03234374999999995 0.04107287037037038
3 0.9654192708333333 0.04643819444444445 0.021786458333333297 0.031684722222222225
4 0.059431744791666664 0.5416597222222223 0.026404218749999993 0.012908333333333258
4 0.08187499999999999 0.5839060185185185 0.011882291666666663 0.04811388888888896
4 0.041278880208333334 0.587426851851852 0.008581302083333334 0.050461111111111054
4 0.06504244791666668 0.6243921296296296 0.017822395833333338 0.01877685185185185
2 0.06174184895833334 0.6026824074074074 0.12607880208333333 0.15842407407407413
1 0.27495416666666667 0.5927074074074075 0.04158645833333337 0.07745185185185188
4 0.023126145833333334 0.6930421296296296 0.013201979166666664 0.01760277777777775
4 0.008603950520833332 0.7217930555555555 0.015842411458333334 0.021123148148148137
4 0.23501796875 0.619111574074074 0.007921354166666669 0.01760277777777775
4 0.214225 0.6308467592592593 0.016502083333333317 0.017602777777777853
4 0.9739973958333333 0.5005870370370371 0.020463541666666647 0.015255555555555555
4 0.9720182291666667 0.5158421296296297 0.016505208333333243 0.012908333333333362
4 0.4878361979166667 0.41316018518518516 0.011881770833333328 0.014081481481481507
4 0.45879192708333333 0.4137472222222222 0.011881770833333328 0.015255555555555555
4 0.76771875 0.4119865740740741 0.010562499999999985 0.009387962962962973
4 0.7720104166666667 0.42430879629629636 0.012541666666666628 0.01290833333333331
4 0.7482447916666667 0.4237217592592593 0.016500000000000032 0.0164287037037037
0 0.7578177083333333 0.40435925925925925 0.0514895833333334 0.06923703703703706
0 0.008933984375 0.7071245370370371 0.058748906249999996 0.08801388888888885
0 0.21884583333333332 0.6120703703703705 0.05214791666666665 0.08097222222222217
0 0.4736440104166667 0.39379722222222224 0.0640296875 0.09505370370370372
0 0.9726796875 0.4958930555555555 0.041588541666666735 0.07158425925925929
