4 0.9967734375 0.43545694444444444 0.00792187500000002 0.02816388888888892
2 1.0086536458333333 0.44132453703703706 0.05941145833333342 0.08214537037037041
4 0.9403359375 0.4495393518518519 0.015182291666666714 0.014082407407407412
1 0.9429739583333333 0.44836574074074076 0.02310416666666673 0.042246296296296275
4 0.48156510416666665 0.6836546296296296 0.008581249999999999 0.015255555555555555
4 0.46242265625 0.6666384259259259 0.009901562499999983 0.014082407407407358
4 0.4630825520833333 0.6848277777777778 0.009901562499999983 0.012909259259259266
4 0.1587765625 0.47711666666666674 0.013862499999999993 0.010561111111111117
4 0.16372734374999998 0.4865046296296296 0.007921354166666669 0.01056111111111117
4 0.1478848958333333 0.4888518518518519 0.010561458333333313 0.01056111111111117
4 0.07857447916666667 0.4947189814814814 0.015842708333333337 0.010562037037037073
4 0.09441692708333332 0.5005870370370371 0.010561979166666664 0.015255555555555555
4 0.07659427083333334 0.5058675925925926 0.01320208333333334 0.01408148148148156
4 0.012894588541666667 0.755825 0.016502489583333335 0.01877592592592584
4 0.04028872395833333 0.6179375 0.014522239583333332 0.012908333333333258
1 0.048539921875 0.6114833333333334 0.03366494791666666 0.05398148148148155
0 0.4703434895833334 0.6725060185185185 0.04026614583333335 0.0657157407407407
0 0.00035268229166666906 0.7393962962962963 0.06667005208333335 0.11969814814814815
0 0.08550546875000001 0.4906115740740741 0.04026614583333333 0.06336944444444446
0 0.15580598958333333 0.479463425925926 0.038285937500000006 0.05515462962962969
