4 0.5786015624999999 0.5252305555555556 0.020463541666666647 0.02699074074074072
1 0.5924635416666666 0.5246435185185185 0.05214583333333327 0.10092222222222232
4 0.33238281249999996 0.43193611111111113 0.028384374999999965 0.018775925925925946
4 0.39443203125000004 0.5621962962962963 0.007260937499999957 0.023470370370370332
4 0.3554864583333333 0.4812240740740741 0.011221875000000025 0.058675925925925985
4 0.33436328125 0.49354583333333335 0.0165026041666667 0.029337962962962913
4 0.3112596354166667 0.479463425925926 0.009901562499999983 0.05515462962962969
4 0.2700033854166667 0.5545680555555556 0.006600520833333334 0.024643518518518526
4 0.333703125 0.5281643518518518 0.02574375 0.01877685185185185
2 0.33007265625 0.5029337962962963 0.1399411458333333 0.186587962962963
4 0.23039765625 0.5187759259259259 0.011881770833333328 0.018775925925925946
4 0.19871250000000001 0.5240569444444445 0.019803124999999994 0.02229722222222224
4 0.2313875 0.6742662037037037 0.015182291666666655 0.024643518518518526
4 0.8281197916666666 0.6214583333333333 0.012541666666666628 0.02464444444444443
4 0.7957734375 0.6232185185185186 0.013859375000000066 0.023470370370370332
4 0.8093046875 0.5545680555555556 0.023765625000000058 0.01760277777777775
4 0.8439583333333334 0.5745180555555556 0.01782291666666668 0.024643518518518526
4 0.3769393229166667 0.6554902777777778 0.011881770833333328 0.024643518518518526
4 0.33040260416666667 0.6672254629629629 0.017822916666666622 0.024643518518518422
4 0.5234822916666667 0.4248953703703704 0.023764583333333356 0.014081481481481454
4 0.5208416666666666 0.4401509259259259 0.018483333333333303 0.018775925925925946
4 0.3746291666666667 0.4595138888888889 0.01782291666666668 0.019949999999999992
0 0.8142552083333333 0.6097231481481481 0.07194791666666672 0.10913703703703699
0 0.36241744791666664 0.4466055555555556 0.06336927083333338 0.08801296296296295
4 0.751875 0.657250462962963 0.014520833333333271 0.023469444444444428
4 0.7069895833333334 0.6419944444444445 0.014520833333333271 0.023470370370370437
0 0.82415625 0.5316847222222222 0.08779166666666675 0.13143240740740741
0 0.20828411458333332 0.5070412037037038 0.07459114583333332 0.10092129629629625
0 0.7251432291666667 0.607962962962963 0.10099479166666671 0.1713333333333333
0 0.34162421875 0.6249787037037038 0.09967552083333331 0.16311851851851852
0 0.5205114583333333 0.4254819444444444 0.0442270833333333 0.07393055555555553
0 0.24987057291666667 0.6349537037037037 0.08779322916666665 0.13612777777777782
