4 0.9185520833333333 0.41961481481481483 0.012541666666666748 0.008214814814814828
4 0.9281223958333332 0.43839074074074075 0.006598958333333253 0.0340314814814815
4 0.9169010416666666 0.4378037037037037 0.005281249999999934 0.023470370370370384
4 0.9073281249999999 0.4348699074074074 0.008583333333333342 0.029337962962962965
2 0.9145911458333332 0.4460185185185186 0.044223958333333376 0.06571666666666666
4 0.802703125 0.4477787037037037 0.011885416666666633 0.010561111111111065
1 0.8000624999999999 0.4483652777777778 0.019802083333333442 0.03989907407407403
4 0.8888489583333334 0.8027657407407408 0.01782291666666668 0.016429629629629655
4 0.9053489583333333 0.8197814814814816 0.012541666666666628 0.015255555555555555
4 0.8835651041666668 0.8162611111111111 0.013859374999999948 0.017601851851851844
4 0.025436484375 0.5228833333333333 0.013862135416666666 0.008214814814814776
4 0.024776380208333334 0.5346185185185185 0.012541927083333333 0.01056111111111117
4 0.10728880208333334 0.5029337962962963 0.009901562499999997 0.012908333333333362
4 0.11223958333333334 0.5105615740740741 0.006601041666666655 0.014082407407407358
4 0.09672734375 0.5140819444444444 0.009901562499999997 0.014082407407407358
4 0.9964453125000001 0.6484490740740741 0.009901041666666662 0.015255555555555555
4 0.9835703124999999 0.6595976851851852 0.01716145833333336 0.014082407407407464
0 0.98753125 0.6419949074074074 0.0448854166666667 0.0704101851851852
0 0.03368768229166667 0.5140819444444444 0.03960588541666667 0.058675000000000026
0 0.10332812499999999 0.5041074074074073 0.034985416666666665 0.045766666666666664
0 0.893796875 0.8074597222222222 0.05148958333333328 0.06336944444444441
