4 0.36868828124999997 0.4419115740740741 0.0165026041666667 0.01760277777777775
4 0.17296875 0.420787962962963 0.010561458333333313 0.05280740740740739
4 0.13138255208333333 0.420787962962963 0.009241145833333317 0.05280740740740739
4 0.14920520833333334 0.3726740740740741 0.027723958333333344 0.015255555555555555
4 0.15481588541666666 0.4624476851851852 0.02310364583333332 0.018776851851851902
2 0.14986510416666665 0.43839074074074075 0.13201979166666666 0.16546481481481481
1 0.38189036458333336 0.4395643518518519 0.04818697916666667 0.0833194444444444
4 0.11884062499999999 0.5522212962962963 0.007920833333333332 0.019950000000000048
4 0.10662864583333333 0.5375523148148148 0.011221874999999996 0.01642870370370375
4 0.08847604166666666 0.5645430555555556 0.015842708333333337 0.021123148148148245
4 0.33139270833333334 0.36974027777777774 0.014521875000000031 0.0164287037037037
4 0.29640729166666663 0.3621125 0.01320208333333331 0.01525648148148146
4 0.22544661458333332 0.6126569444444444 0.016502604166666667 0.023469444444444428
4 0.2033333333333333 0.6396476851851852 0.019803124999999994 0.021123148148148137
0 0.5271109375 0.5891865740740742 0.05346562500000006 0.09388055555555563
0 0.21125442708333336 0.6191111111111112 0.07657135416666666 0.1044425925925926
0 0.31885078125000005 0.34744398148148153 0.07129114583333335 0.09857500000000001
0 0.09144661458333334 0.5434199074074074 0.06799010416666666 0.09857500000000001
