4 0.9439635416666666 0.42020092592592595 0.014520833333333271 0.011735185185185166
3 0.625796875 0.14207912037037038 0.10693750000000009 0.17837324074074076
3 0.5551669270833333 0.13327796296296296 0.08185364583333332 0.1279125925925926
3 0.46341249999999995 0.11391518518518517 0.044886458333333344 0.09857518518518518
4 0.37066875 0.5310981481481482 0.011221875000000025 0.010561111111111065
4 0.3485552083333333 0.5328583333333333 0.009241666666666622 0.011735185185185166
4 0.6894973958333334 0.5293375000000001 0.013859375000000066 0.014082407407407358
4 0.7307526041666667 0.5393125 0.009244791666666667 0.012908333333333362
4 0.7069895833333334 0.5410731481481482 0.009239583333333337 0.011735185185185166
4 0.9799427083333333 0.5146689814814814 0.012541666666666628 0.012908333333333362
4 0.9690468750000001 0.5011731481481482 0.010562499999999985 0.01173518518518527
4 0.9601380208333334 0.5105615740740741 0.008578125000000015 0.014082407407407358
0 0.7218411458333333 0.5205361111111111 0.052151041666666724 0.09270740740740743
0 0.6954375 0.5134953703703704 0.042906250000000055 0.06454259259259261
0 0.9736692708333333 0.5046939814814816 0.04356770833333338 0.06336944444444441
0 0.35911666666666664 0.5158421296296297 0.05016770833333333 0.07862499999999997
1 0.9409947916666667 0.4178541666666667 0.027062500000000017 0.04459351851851852
