4 0.41291510416666666 0.4642083333333334 0.028384375000000024 0.015255555555555555
4 0.43535833333333335 0.5152555555555556 0.009901041666666662 0.058675925925925826
4 0.4148950520833334 0.5592625 0.020463020833333387 0.01760277777777775
4 0.39245182291666664 0.5129083333333334 0.011221354166666645 0.05398148148148144
4 0.6508802083333334 0.5639564814814816 0.018479166666666675 0.02699074074074072
1 0.6644114583333334 0.5616092592592593 0.04818749999999999 0.09505370370370372
4 0.5152299479166667 0.687175 0.017821354166666657 0.02229629629629623
4 0.46803333333333336 0.6883486111111112 0.017162499999999997 0.024643518518518526
4 0.28815625 0.6848277777777778 0.012541666666666628 0.01994999999999994
4 0.27627421875 0.717099537037037 0.020463020833333328 0.01877685185185185
4 0.28386562499999995 0.6302597222222222 0.01320208333333337 0.021123148148148137
4 0.3812302083333333 0.6390611111111111 0.012541666666666628 0.022296296296296335
4 0.37033854166666663 0.6730925925925927 0.017162499999999997 0.01994999999999994
4 0.33964374999999997 0.6648782407407409 0.011221875000000025 0.02229722222222224
4 0.73834375 0.8802171296296296 0.025739583333333253 0.02816388888888881
4 0.6957682291666667 0.8508796296296297 0.027723958333333344 0.02112407407407404
4 0.6858671875 0.8766972222222222 0.02904687499999999 0.03051111111111111
0 0.2667028645833333 0.6337800925925927 0.06600989583333332 0.09388055555555552
0 0.5122591145833333 0.5557421296296295 0.06864843750000003 0.12556574074074073
0 0.27198359375 0.6977365740740741 0.06865052083333338 0.1020953703703704
0 0.7119401041666666 0.8373842592592593 0.10891145833333339 0.15842407407407405
0 0.36538776041666665 0.6543166666666668 0.06799010416666669 0.10913703703703709
0 0.49146692708333334 0.6549032407407407 0.09703489583333334 0.15255648148148157
2 0.4109346354166667 0.5369652777777778 0.1326796875 0.17485277777777775
