4 0.9941328125000001 0.42313518518518517 0.01320312500000007 0.03168518518518521
2 1.0027135416666666 0.43780416666666666 0.05016666666666663 0.07510462962962963
4 0.9502369791666666 0.450712962962963 0.013859374999999948 0.011735185185185218
1 0.9548567708333332 0.4512990740740741 0.0257447916666667 0.05046111111111116
4 0.15283567708333334 0.5886 0.009901562499999983 0.012909259259259266
4 0.1287421875 0.5909467592592592 0.009241666666666681 0.012908333333333362
4 0.10167786458333333 0.6355407407407407 0.011881770833333328 0.015255555555555555
4 0.07956484375 0.627912962962963 0.013861979166666672 0.011735185185185166
4 0.026096588541666663 0.7241402777777778 0.012541927083333333 0.016428703703703647
4 0.8637630208333335 0.618524537037037 0.008578125000000015 0.014082407407407358
4 0.8545208333333334 0.6308462962962963 0.012541666666666628 0.012909259259259266
4 0.9518854166666666 0.6396481481481481 0.010562499999999985 0.01173518518518527
4 0.9363750000000001 0.6519694444444444 0.019145833333333327 0.015255555555555555
0 0.13897369791666667 0.5721708333333334 0.05082760416666668 0.09036018518518524
0 0.08946614583333333 0.618524537037037 0.050828124999999995 0.08214537037037035
0 0.9409947916666667 0.6308467592592593 0.05214583333333327 0.08331944444444446
0 0.034017838541666665 0.7141652777777778 0.04422682291666667 0.0715842592592592
0 0.06339216145833333 0.7082981481481482 0.06468963541666667 0.11617777777777777
0 0.8551822916666666 0.6208712962962963 0.03630208333333336 0.06102222222222222
3 0.50961875 0.16907 0.10429374999999995 0.19480259259259258
3 0.5957630208333333 0.20603564814814818 0.07195312500000005 0.11617685185185189
