3 0.34855546875 0.21366342592592594 0.011881770833333328 0.025817592592592604
3 0.46572291666666665 0.19077962962962963 0.013862499999999993 0.02699074074074072
4 0.9449557291666667 0.460100462962963 0.015182291666666714 0.014082407407407412
1 0.9499062500000001 0.4577537037037037 0.03036458333333331 0.04224629629629633
4 0.05613122395833334 0.7370490740740742 0.01980317708333333 0.018775925925925946
4 0.028406927083333332 0.735875925925926 0.013201979166666662 0.018775925925925946
4 0.29013645833333335 0.6443416666666667 0.012541666666666628 0.01408148148148156
4 0.20432343749999998 0.6713324074074074 0.008581249999999999 0.01642962962962955
4 0.17923984375 0.6595976851851852 0.009901562500000013 0.014082407407407464
4 0.18518072916666667 0.676026388888889 0.012541666666666658 0.014082407407407358
4 0.7591380208333334 0.5616092592592593 0.009244791666666667 0.012909259259259266
4 0.7419765625 0.5522212962962963 0.013203124999999953 0.008214814814814881
4 0.7393333333333333 0.5645430555555556 0.01452083333333339 0.014082407407407464
4 0.7003880208333333 0.5129083333333334 0.006598958333333253 0.011735185185185166
4 0.69246875 0.5240569444444444 0.010562499999999985 0.010562037037036969
0 0.6941171875 0.5152555555555556 0.031026041666666632 0.051635185185185256
0 0.7475859374999999 0.5469402777777779 0.046869791666666674 0.061023148148148125
0 0.5611067708333333 0.5099750000000001 0.03828645833333333 0.07393148148148149
0 0.2868359375 0.6144171296296297 0.052147916666666676 0.11383055555555557
0 0.19112135416666665 0.6631180555555556 0.04818750000000002 0.06336944444444441
0 0.04589966145833333 0.715925925925926 0.05742880208333333 0.09622777777777783
