4 0.4059841145833333 0.5029337962962963 0.018482812499999984 0.012908333333333362
4 0.41390520833333333 0.5222967592592593 0.017162499999999997 0.021123148148148137
4 0.3739690104166667 0.51995 0.019143229166666664 0.023470370370370437
4 0.5611067708333334 0.5064541666666666 0.0145260416666666 0.019949074074074143
4 0.5195205729166666 0.5029337962962963 0.014521354166666651 0.019949074074074143
4 0.44856015625 0.6202847222222223 0.013861979166666672 0.01760277777777775
4 0.45912187499999996 0.6361273148148148 0.008581249999999999 0.021123148148148137
4 0.43139765625 0.647862037037037 0.020463020833333328 0.023470370370370332
4 0.4191859375 0.5651300925925926 0.010561458333333343 0.01760277777777775
4 0.37991015625 0.5463537037037036 0.009901562499999983 0.015255555555555555
4 0.3898114583333333 0.5715837962962964 0.01782291666666668 0.021123148148148137
4 0.6327265625 0.4994134259259259 0.015182291666666714 0.01760277777777775
4 0.6089661458333334 0.4894384259259259 0.009901041666666662 0.01877685185185185
4 0.4766145833333333 0.5134953703703704 0.01848229166666666 0.015255555555555555
4 0.483215625 0.5322712962962963 0.014521875000000031 0.01994999999999994
4 0.45483125 0.5299245370370371 0.01320208333333337 0.019949074074074036
0 0.46968359375 0.5164291666666667 0.06799010416666663 0.09622870370370373
0 0.6267864583333332 0.4841574074074074 0.053468750000000044 0.09270740740740743
0 0.8706953125 0.46303472222222225 0.06732812499999999 0.09505462962962968
0 0.5436153645833334 0.46127407407407406 0.08515468749999998 0.1736796296296296
0 0.3911315104166667 0.4829842592592592 0.07723177083333331 0.12321851851851849
0 0.43139791666666666 0.6255657407407409 0.06534999999999999 0.1009222222222222
0 0.39476223958333334 0.558675925925926 0.062049479166666664 0.09622777777777772
