4 0.04887005208333333 0.5052810185185185 0.025083854166666666 0.024643518518518526
1 0.06834307291666668 0.49237222222222227 0.06931072916666665 0.08566666666666671
4 0.6819062500000002 0.5886 0.009239583333333337 0.02229629629629623
4 0.6505520833333333 0.5815592592592593 0.028385416666666666 0.015255555555555555
4 0.6485703125000001 0.6073763888888889 0.028380208333333337 0.022297222222222135
4 0.7449453125000001 0.5938805555555555 0.01650520833333336 0.018775925925925946
4 0.42908749999999996 0.9887685185185184 0.019803125000000026 0.03168518518518521
4 0.40070312499999994 0.46948842592592593 0.02640416666666668 0.014082407407407464
4 0.39872291666666665 0.490025 0.019803124999999967 0.019950000000000048
4 0.42083619791666665 0.4777032407407407 0.007260937500000016 0.02112314814814819
4 0.7819114583333333 0.6396476851851852 0.012541666666666628 0.023469444444444532
4 0.7462656249999999 0.6378875 0.01782291666666668 0.019949074074074143
4 0.48255546875 0.5451800925925926 0.015842187500000014 0.02229722222222224
4 0.45846171874999997 0.5281643518518518 0.023103645833333353 0.021123148148148137
4 0.44988046875 0.5492875 0.020463020833333328 0.023469444444444428
0 0.46836328125 0.5328583333333333 0.07063072916666666 0.1032685185185185
0 0.7564973958333333 0.6232185185185186 0.07525520833333334 0.1032685185185185
0 0.7386744791666667 0.5334449074074075 0.08449479166666655 0.1936287037037037
0 0.6548411458333334 0.5604356481481483 0.07393229166666669 0.15138240740740747
0 0.40598411458333333 0.981725 0.08581302083333331 0.11382777777777775
0 0.40268359375 0.4659680555555556 0.062049479166666664 0.09857500000000001
