4 0.9109609375000001 0.4260689814814815 0.011880208333333305 0.009387962962962973
4 0.9202005208333333 0.4442583333333333 0.006598958333333253 0.02933703703703706
4 0.9099713541666666 0.44308518518518525 0.005942708333333257 0.026990740740740773
4 0.8997395833333334 0.4401509259259259 0.010562500000000105 0.03051111111111111
2 0.9063411458333333 0.45247268518518524 0.047526041666666664 0.06688981481481486
4 0.7739895833333333 0.45305972222222224 0.012541666666666628 0.009387962962962973
1 0.7723385416666667 0.45305972222222224 0.018479166666666675 0.037552777777777796
4 0.044909401041666665 0.519362962962963 0.007921197916666662 0.01056111111111117
4 0.03104731770833333 0.5252305555555556 0.010561614583333333 0.010561111111111065
4 0.16042682291666666 0.6038555555555556 0.007921354166666669 0.012909259259259266
4 0.1389734375 0.6103101851851852 0.008581249999999999 0.011735185185185166
4 0.13435286458333331 0.6320199074074074 0.009901562500000013 0.010562037037036969
4 0.11520989583333334 0.6273259259259258 0.011221874999999996 0.012909259259259162
4 0.7914817708333333 0.7247273148148149 0.010557291666666658 0.012908333333333362
4 0.8172265625 0.7282476851851851 0.009244791666666667 0.012908333333333258
4 0.7766276041666667 0.7317680555555557 0.00990104166666678 0.012908333333333258
4 0.7904921874999999 0.7417430555555555 0.007265625000000024 0.016428703703703647
4 0.7733307291666667 0.745263425925926 0.009901041666666662 0.014082407407407464
4 0.8165651041666667 0.6208712962962962 0.013203124999999953 0.01173518518518527
4 0.8126067708333333 0.6314333333333334 0.01320312500000007 0.016429629629629655
4 0.8320781250000001 0.6337805555555556 0.012541666666666748 0.01173518518518527
0 0.1501953125 0.5932939814814815 0.04422708333333335 0.07627870370370368
0 0.8020416666666667 0.7024305555555556 0.05016666666666663 0.09270740740740743
0 0.12412135416666666 0.6196981481481482 0.04488645833333332 0.068062962962963
0 0.034677864583333336 0.51995 0.029704479166666672 0.04224629629629638
0 0.8251484375 0.617350925925926 0.047526041666666664 0.06102222222222222
0 0.7805885416666667 0.7323550925925926 0.037625000000000006 0.06806388888888891
3 0.5099494791666667 0.16906990740740743 0.012541666666666687 0.021123148148148165
3 0.5416328125 0.19312685185185186 0.015182291666666714 0.02699074074074072
3 0.5465833333333333 0.20896944444444446 0.01452083333333339 0.023470370370370357
