4 0.441959375 0.44836574074074076 0.02970416666666663 0.018775925925925946
4 0.46572291666666665 0.5052810185185186 0.009901041666666662 0.06454351851851851
4 0.4416294270833333 0.5545685185185185 0.025083854166666697 0.019950000000000048
4 0.41786562499999996 0.5017601851851853 0.009241666666666681 0.05750185185185183
4 0.7033567708333333 0.558675462962963 0.020463541666666647 0.02816388888888892
1 0.7185416666666666 0.5563287037037038 0.05479166666666669 0.1032685185185185
4 0.5634192708333332 0.7517175925925926 0.009901041666666662 0.02699074074074072
4 0.5119299479166667 0.7628662037037038 0.020463020833333328 0.0328583333333333
4 0.39245182291666664 0.6883481481481482 0.019143229166666664 0.01994999999999994
4 0.39905286458333333 0.7170990740740741 0.01650260416666664 0.023470370370370332
4 0.7343828124999999 0.36387314814814814 0.013859374999999948 0.011735185185185166
4 0.7644166666666665 0.3879296296296296 0.010562499999999985 0.019950000000000048
4 0.7373541666666666 0.38616944444444445 0.01452083333333339 0.018775925925925946
4 0.39047161458333335 0.6378875 0.01650260416666664 0.022297222222222135
4 0.40136328125000004 0.6531430555555556 0.00924114583333336 0.019949074074074143
0 0.5241424479166666 0.6449287037037037 0.09373593749999998 0.14668888888888887
0 0.3779296875 0.6396481481481481 0.06270937500000003 0.09622777777777783
0 0.37561927083333335 0.6901087962962963 0.07789166666666668 0.11735092592592596
4 0.3548263020833333 0.7605189814814816 0.024423437499999957 0.032858333333333406
4 0.30102786458333336 0.7581722222222222 0.025083854166666638 0.028164814814814823
0 0.3284221354166667 0.7241407407407408 0.11023697916666665 0.15724999999999995
0 0.5221606770833334 0.7176861111111111 0.11485572916666661 0.18658888888888897
0 0.7429635416666666 0.37032731481481485 0.05742708333333333 0.08331944444444446
2 0.44096927083333337 0.5287509259259259 0.14522187499999994 0.2030166666666666
