4 0.9056796874999999 0.4284162037037037 0.011880208333333305 0.009387962962962973
4 0.9149192708333334 0.44601851851851854 0.006598958333333371 0.0328574074074074
4 0.9040286458333334 0.4454319444444445 0.005942708333333376 0.024643518518518526
4 0.8944583333333334 0.4424981481481482 0.010562499999999985 0.028164814814814823
2 0.9020494791666667 0.45305925925925933 0.044223958333333376 0.06571666666666671
4 0.8145859375000001 0.4559935185185185 0.011880208333333423 0.008214814814814828
1 0.8126067708333333 0.4554064814814815 0.02244270833333329 0.039899999999999984
4 0.047219765625 0.5228833333333333 0.008581302083333334 0.008214814814814776
4 0.03335768229166667 0.5258171296296296 0.009901510416666667 0.009387962962962973
4 0.15712630208333334 0.6073763888888889 0.010561979166666664 0.012908333333333362
4 0.13567317708333335 0.6120703703703705 0.009901562499999997 0.012909259259259162
4 0.13105260416666664 0.6349537037037037 0.008581249999999985 0.009388888888888981
4 0.11091953125000001 0.6302592592592593 0.011881770833333341 0.01173518518518527
4 0.7845494791666667 0.7569990740740741 0.009901041666666662 0.011735185185185166
4 0.7462630208333332 0.7616925925925927 0.009901041666666662 0.011735185185185166
4 0.7327343749999999 0.7476106481481481 0.009239583333333337 0.014082407407407358
4 0.7267916666666667 0.7593458333333333 0.009239583333333337 0.014082407407407358
4 0.8165677083333333 0.6108967592592593 0.010562499999999985 0.010562037037036969
4 0.8320781250000001 0.626738888888889 0.012541666666666748 0.011735185185185166
4 0.8126041666666666 0.6196981481481482 0.009239583333333337 0.011735185185185166
0 0.12049062499999999 0.6191111111111112 0.04554687500000001 0.0692370370370371
0 0.14590442708333332 0.5938810185185185 0.04884739583333332 0.08214537037037035
0 0.7419739583333333 0.7523050925925925 0.04225000000000006 0.06336944444444441
0 0.7739895833333333 0.7253138888888888 0.053468750000000044 0.1009222222222222
0 0.8234947916666667 0.60855 0.04290624999999994 0.06219629629629632
0 0.03863859375 0.5217097222222222 0.031024895833333333 0.043419444444444476
3 0.5139114583333333 0.16672268518518518 0.013864583333333335 0.021123148148148165
3 0.5561562500000001 0.20779583333333335 0.016500000000000032 0.030512037037037015
3 0.5554973958333334 0.224225 0.015182291666666714 0.023470370370370357
