4 0.8634322916666667 0.5698240740740742 0.01584375000000004 0.022296296296296335
4 0.8320781250000001 0.5481138888888889 0.020458333333333318 0.018775925925925946
4 0.8502317708333332 0.6150041666666667 0.013203124999999953 0.025817592592592524
4 0.39509218749999997 0.735875925925926 0.03102499999999999 0.03051111111111111
4 0.40466380208333336 0.7634532407407407 0.029044270833333326 0.03168425925925931
4 0.3548260416666667 0.7616930555555557 0.02574375 0.0328583333333333
4 0.7601276041666667 0.619111574074074 0.013859374999999948 0.024643518518518526
4 0.8036953125 0.6373004629629629 0.015182291666666714 0.025817592592592628
4 0.641640625 0.3656328703703704 0.01584375000000004 0.0176027777777778
4 0.35317604166666666 0.4202013888888889 0.027723958333333344 0.0164287037037037
4 0.6238151041666666 0.3703268518518518 0.011880208333333423 0.015255555555555555
4 0.6099531250000001 0.38793009259259265 0.01584374999999992 0.0176027777777778
4 0.3848606770833333 0.6466888888888889 0.02112343750000001 0.025816666666666724
4 0.28980625 0.5445935185185186 0.006601041666666655 0.028164814814814823
4 0.41423515625 0.5510476851851852 0.00858177083333338 0.02229722222222224
4 0.3752893229166666 0.4730092592592593 0.011221354166666645 0.05632777777777784
4 0.3554864583333333 0.48357083333333334 0.011221875000000025 0.02816388888888892
4 0.33172265625 0.46714166666666673 0.009901562499999983 0.05398148148148149
2 0.3511958333333334 0.4947194444444445 0.1386208333333333 0.1889351851851852
0 0.8485807291666667 0.529924537037037 0.07986979166666673 0.12556574074074078
0 0.8390104166666666 0.5997481481481483 0.06205208333333338 0.1009222222222222
0 0.7792682291666666 0.587426851851852 0.09571354166666665 0.17720000000000008
0 0.37594921875 0.7229671296296296 0.10495572916666666 0.15725092592592596
0 0.37594947916666666 0.6015087962962963 0.09043333333333337 0.16077129629629633
0 0.6327291666666668 0.34626990740740743 0.04422916666666658 0.0704101851851852
0 0.6109453125 0.371500462962963 0.04950520833333331 0.07393055555555553
4 0.5974140625 0.5181893518518519 0.018484375000000004 0.024643518518518526
1 0.6122656249999999 0.5164291666666667 0.04818749999999999 0.09622870370370373
