4 0.09012630208333335 0.4888518518518519 0.027064062499999996 0.02699074074074072
1 0.10464843750000001 0.4841578703703704 0.06006875000000001 0.1020953703703704
4 0.035998072916666665 0.2611907407407408 0.012541875 0.022296296296296283
4 0.7241510416666666 0.5422467592592594 0.021125000000000088 0.021123148148148137
4 0.76771875 0.5381393518518519 0.011885416666666752 0.024643518518518526
4 0.5215010416666667 0.529337962962963 0.015841666666666695 0.023470370370370437
4 0.5109395833333333 0.5492875 0.010561458333333343 0.023469444444444428
4 0.5525260416666666 0.5633694444444446 0.02772916666666667 0.02581666666666662
4 0.43568854166666665 0.43134953703703705 0.01320208333333337 0.024643518518518526
4 0.47760468749999996 0.43193611111111113 0.015182291666666655 0.023470370370370384
4 0.3904713541666666 0.48357083333333334 0.02178333333333331 0.023469444444444373
4 0.4003731770833333 0.5029337962962963 0.01782239583333336 0.024643518518518526
4 0.26109192708333334 0.6736796296296297 0.016502604166666667 0.028164814814814823
4 0.2297375 0.6595976851851852 0.03036458333333331 0.021123148148148245
4 0.22445651041666667 0.687175 0.019802604166666644 0.026990740740740825
0 0.011904427083333332 0.2459351851851852 0.06468979166666666 0.09270740740740743
0 0.46473281250000004 0.400837962962963 0.08449270833333333 0.14668888888888887
0 0.36802812500000004 0.46538148148148145 0.09175416666666666 0.13495370370370366
0 0.7373541666666666 0.5117351851851852 0.09109375000000004 0.15725000000000006
0 0.5462541666666667 0.5187759259259259 0.09175208333333339 0.12673888888888887
0 0.23699843750000002 0.6631180555555556 0.08581250000000003 0.12673981481481483
