4 0.24392942708333332 0.4495388888888889 0.020463020833333328 0.025816666666666672
1 0.2584515625 0.4483652777777778 0.05214791666666665 0.1056157407407408
4 0.2369984375 0.6901083333333333 0.017162499999999997 0.03051111111111111
4 0.0105842421875 0.43017592592592596 0.022443390625000004 0.09270740740740743
2 -0.003277864583333334 0.45716712962962963 0.0726109375 0.19128240740740746
4 0.49311718750000005 0.5768648148148149 0.009241666666666681 0.02229629629629623
4 0.21257473958333334 0.8015921296296296 0.023764062500000006 0.025817592592592524
4 0.7043489583333333 0.4290027777777778 0.01584374999999992 0.015255555555555555
4 0.6944479166666667 0.4442578703703704 0.010562499999999985 0.01760277777777775
4 0.7254739583333333 0.44953935185185184 0.01584374999999992 0.021123148148148137
4 0.6059947916666667 0.5334449074074075 0.018479166666666675 0.024643518518518526
4 0.593453125 0.5516347222222222 0.01584375000000004 0.02816388888888892
4 0.6366875000000001 0.5651300925925926 0.027062500000000017 0.024643518518518526
4 0.48717604166666667 0.45716666666666667 0.023763541666666655 0.019949999999999992
4 0.5201807291666667 0.4712490740740741 0.01848229166666666 0.022296296296296335
4 0.47529453124999993 0.5264041666666667 0.014522395833333293 0.02229722222222224
0 0.4908067708333333 0.509387962962963 0.06799062500000001 0.09622777777777777
0 0.21521510416666664 0.6953893518518518 0.08053229166666667 0.13026018518518523
0 0.5287619791666667 0.5492875 0.0871322916666666 0.15959722222222222
0 0.5046697916666667 0.430762962962963 0.08251458333333339 0.12673888888888887
0 0.7162291666666666 0.43193657407407404 0.06996874999999995 0.09388055555555558
0 0.6267890625 0.5217101851851852 0.09571354166666665 0.13964814814814816
0 0.21521536458333335 0.7663870370370371 0.07921197916666665 0.13143333333333332
