4 0.4152252604166667 0.4841578703703704 0.029044270833333326 0.01760277777777775
4 0.43700859375 0.5346189814814816 0.010561979166666664 0.05984907407407403
4 0.41687578124999997 0.5516347222222222 0.009901562500000042 0.014082407407407464
4 0.39377187499999994 0.5310981481481482 0.008581249999999999 0.05750185185185183
4 0.47298411458333334 0.6138305555555555 0.007260937500000016 0.01408148148148156
4 0.41489531249999995 0.579212037037037 0.02178333333333331 0.019950000000000048
4 0.6508802083333334 0.5809722222222223 0.018479166666666675 0.03051111111111111
1 0.6650729166666667 0.5803856481481482 0.04818749999999999 0.09740092592592592
4 0.44129921875 0.7100583333333335 0.009901562499999983 0.023470370370370437
4 0.64196875 0.4753564814814815 0.019145833333333327 0.016429629629629603
4 0.22379635416666668 0.6461018518518519 0.015842708333333337 0.022296296296296335
4 0.20597369791666664 0.676613425925926 0.022443229166666672 0.02229722222222224
4 0.33964401041666664 0.5475273148148149 0.020463020833333328 0.017602777777777853
4 0.33931406249999996 0.5698240740740742 0.017162499999999997 0.022296296296296335
4 0.35746666666666665 0.6977365740740741 0.015182291666666655 0.017602777777777853
0 0.6505520833333333 0.46186064814814815 0.06403125000000003 0.10678981481481484
0 0.3548260416666667 0.6860013888888888 0.06270937499999996 0.10913611111111118
0 0.34294427083333334 0.5469402777777779 0.05610833333333331 0.09153425925925923
0 0.20795390625 0.656663425925926 0.062049479166666664 0.1020953703703703
0 0.40862421875000005 0.6813069444444445 0.09901510416666669 0.167812037037037
2 0.41126484375 0.5575018518518519 0.1333401041666667 0.1854148148148148
