4 0.45318098958333336 0.48533148148148153 0.023103645833333353 0.02699074074074067
1 0.4677033854166667 0.4847444444444445 0.05742864583333329 0.1056166666666667
4 0.19541223958333334 0.3955574074074074 0.031684895833333324 0.016429629629629655
4 0.1970625 0.5011736111111111 0.028384374999999993 0.01877685185185185
4 0.26076197916666666 0.5029337962962963 0.01320208333333334 0.08566574074074075
4 0.21917552083333333 0.45012546296296296 0.01320208333333334 0.05984907407407403
4 0.1954119791666667 0.44249814814814814 0.023763541666666683 0.07041111111111109
4 0.17032838541666667 0.44484490740740745 0.01320156249999999 0.061023148148148125
4 0.12412135416666666 0.5058675925925926 0.017162499999999997 0.07275740740740738
2 0.19046145833333333 0.47242222222222224 0.15644374999999996 0.20067037037037036
4 0.6838880208333333 0.7147523148148148 0.027723958333333344 0.025817592592592628
4 0.6518697916666667 0.7036037037037037 0.013864583333333395 0.02699074074074072
4 0.612265625 0.6132435185185185 0.016500000000000032 0.026990740740740825
4 0.5571484375 0.5891865740740742 0.018484375000000004 0.025817592592592628
4 0.36571796875 0.37971481481481484 0.02112343750000001 0.015255555555555555
4 0.35647630208333336 0.39614444444444447 0.015842187500000014 0.019949999999999992
4 0.385190625 0.40025185185185186 0.01914270833333334 0.018775925925925946
4 0.7063307291666667 0.5733444444444444 0.018484375000000004 0.02464444444444443
4 0.6759661458333334 0.5762782407407407 0.017161458333333237 0.02816388888888892
4 0.6878463541666666 0.5082148148148148 0.023765625000000058 0.018775925925925946
4 0.7218411458333333 0.5258171296296296 0.0257447916666667 0.025817592592592524
0 0.6977499999999999 0.5575023148148148 0.08053125000000005 0.11031018518518518
0 0.7040182291666668 0.48709166666666665 0.08515104166666668 0.12673888888888893
0 0.5693567708333334 0.5522212962962963 0.07591145833333333 0.13025925925925932
0 0.37297890625 0.3885162037037037 0.06600989583333335 0.09388055555555558
0 0.5885026041666668 0.5891865740740742 0.08647395833333332 0.1642916666666666
0 0.6726640625 0.6883486111111112 0.06600520833333334 0.11383055555555557
