4 0.9215208333333335 0.4260689814814815 0.010562499999999985 0.009387962962962973
4 0.93109375 0.4430847222222223 0.005937500000000047 0.03168425925925925
4 0.920203125 0.4430847222222222 0.005281249999999934 0.024643518518518526
4 0.909640625 0.4389777777777778 0.010562500000000105 0.03051111111111111
2 0.9175624999999998 0.4524726851851852 0.046208333333333344 0.06454351851851851
4 0.7980833333333334 0.4524726851851852 0.011885416666666633 0.010562037037037073
1 0.79709375 0.4489523148148148 0.019145833333333327 0.03637870370370369
4 0.07560390624999999 0.4976532407407408 0.007260937500000001 0.009387962962962973
4 0.0633921875 0.5111481481481481 0.00792083333333334 0.01056111111111117
4 0.029727135416666665 0.529337962962963 0.013201979166666666 0.01173518518518527
4 0.028736979166666666 0.5398990740740741 0.011221666666666666 0.011735185185185166
4 0.2808950520833334 0.4665546296296297 0.011221354166666645 0.008214814814814828
4 0.2894763020833333 0.47242222222222224 0.007260937500000016 0.008214814814814881
4 0.2782546875 0.4759430555555556 0.008581249999999999 0.01056203703703702
4 0.8492421875 0.6255657407407408 0.009901041666666662 0.011735185185185166
4 0.8419791666666666 0.6108967592592592 0.005937499999999929 0.008213888888888871
4 0.7588072916666666 0.6067898148148149 0.005937499999999929 0.011735185185185166
4 0.7522057291666667 0.6232185185185186 0.013859374999999948 0.014081481481481454
4 0.7343854166666667 0.6138305555555555 0.007260416666666695 0.01408148148148156
4 0.9103020833333334 0.579212037037037 0.010562499999999985 0.012909259259259266
0 0.07098333333333334 0.49354583333333335 0.025743750000000006 0.04107314814814808
0 0.05184036458333333 0.5041074074074074 0.037625520833333335 0.06454259259259255
0 0.037318177083333334 0.5199495370370371 0.0363053125 0.05632870370370363
0 0.8799348958333333 0.6108967592592592 0.04356770833333326 0.07627870370370368
0 0.28287526041666666 0.4659680555555556 0.027064062499999982 0.037552777777777796
0 0.9109609375000001 0.5698236111111111 0.02904687499999999 0.04811388888888886
0 0.84825 0.617350925925926 0.03036458333333331 0.04694074074074077
0 0.7482447916666667 0.6026824074074074 0.03894791666666665 0.062196296296296215
3 0.5010369791666667 0.1778712962962963 0.044884375 0.08801296296296295
3 0.50367890625 0.21014305555555557 0.042246354166666694 0.09153425925925923
