4 0.32446145833333334 0.5874263888888889 0.015182291666666714 0.017602777777777853
3 0.9789505208333333 0.04291768055555556 0.04489062500000003 0.08097223148148147
4 0.12643177083333335 0.5328583333333334 0.02442395833333335 0.014081481481481454
4 0.14722500000000002 0.5751046296296297 0.01320208333333334 0.04694074074074077
4 0.10926927083333333 0.5739310185185186 0.008581249999999999 0.04693981481481476
4 0.13072239583333334 0.6132435185185187 0.019803124999999994 0.015255555555555555
2 0.12676197916666668 0.5915337962962964 0.12145833333333332 0.15021018518518517
1 0.3376635416666667 0.5856662037037037 0.045546874999999966 0.07275833333333329
4 0.09045624999999999 0.6807203703703704 0.013202083333333324 0.018775925925925946
4 0.07527395833333334 0.7071245370370371 0.014521875000000002 0.02229722222222224
4 0.29145651041666665 0.6103101851851852 0.013861979166666672 0.01642962962962955
4 0.2667028645833333 0.6138305555555555 0.010561979166666634 0.018775925925925946
4 0.51952109375 0.4225486111111111 0.010561979166666664 0.014082407407407412
4 0.4891565104166667 0.42313518518518517 0.010561979166666664 0.015255555555555555
4 0.8116145833333334 0.4225486111111111 0.019145833333333327 0.014082407407407412
0 0.8112864583333333 0.4020115740740741 0.040927083333333295 0.0668898148148148
0 0.07527393229166666 0.6912824074074074 0.058088593749999994 0.08918703703703704
0 0.28287526041666666 0.5985750000000001 0.054788020833333326 0.07745185185185188
0 0.5059895833333333 0.40259861111111117 0.06403125000000003 0.09857499999999997
