4 0.22544661458333332 0.4612740740740741 0.02310364583333332 0.023470370370370384
1 0.23963880208333332 0.4471921296296296 0.05412864583333337 0.07979907407407406
4 0.42842734375 0.6038555555555556 0.015842187500000014 0.02699074074074072
4 0.47760494791666663 0.6144171296296297 0.020463020833333328 0.02229722222222224
4 0.24326953124999998 0.7834027777777779 0.009901562500000013 0.0340314814814815
4 0.21026432291666666 0.8092203703703705 0.02574427083333335 0.02699074074074072
4 0.7746510416666667 0.48239722222222226 0.01782291666666668 0.018775925925925946
4 0.8102942708333333 0.5199495370370371 0.015182291666666596 0.021123148148148137
4 0.7779479166666666 0.5158421296296297 0.01782291666666668 0.024643518518518526
4 0.5799192708333334 0.5504611111111112 0.013859374999999948 0.02581666666666662
4 0.5687005208333333 0.5698236111111111 0.015182291666666714 0.024643518518518526
4 0.6106145833333334 0.5809722222222223 0.02904166666666666 0.02112407407407404
4 0.9763098958333333 0.6977365740740741 0.01320312500000007 0.02933796296296302
4 0.47067369791666663 0.46420787037037037 0.023764062499999974 0.019949074074074036
4 0.5043388020833334 0.48239722222222226 0.018482812499999984 0.02581666666666662
0 1.0013932291666667 0.6742662037037037 0.07525520833333334 0.18658796296296296
0 0.48255625 0.44308518518518525 0.08581458333333333 0.13495370370370377
0 0.4594518229166667 0.5774518518518519 0.09901510416666669 0.16663888888888892
0 0.601703125 0.5357921296296296 0.09571874999999999 0.13730092592592597
0 0.7881796874999999 0.5052810185185185 0.07789062499999998 0.10678981481481484
0 0.2168653645833333 0.7728407407407408 0.08515260416666666 0.13495370370370371
