4 0.4109346354166667 0.4882648148148149 0.027064062499999982 0.018775925925925946
4 0.43205781249999997 0.5381388888888889 0.012541666666666687 0.05750185185185183
4 0.41258489583333335 0.5533949074074075 0.014521875000000031 0.02229722222222224
4 0.39014140625 0.5352055555555555 0.009241145833333301 0.05398148148148155
4 0.4680330729166666 0.6191111111111113 0.005280729166666671 0.015255555555555555
4 0.3495453125 0.6132435185185187 0.005940625000000033 0.015255555555555555
4 0.40961458333333334 0.5821458333333334 0.02574375 0.021123148148148137
4 0.6472499999999999 0.5856662037037037 0.019145833333333327 0.02816388888888881
1 0.660453125 0.5874263888888889 0.04951041666666664 0.09740092592592602
4 0.26043203125 0.6983231481481482 0.020463020833333328 0.023470370370370437
4 0.5495546875 0.4865046296296296 0.020463541666666647 0.015255555555555555
4 0.5779401041666666 0.509387962962963 0.015182291666666714 0.01642962962962955
4 0.542953125 0.500586574074074 0.021781250000000085 0.02229722222222224
4 0.34261432291666666 0.5762782407407407 0.010561979166666664 0.021123148148148137
4 0.21917578125 0.6214583333333333 0.014522395833333352 0.022296296296296335
4 0.2310575520833333 0.636713888888889 0.00924114583333333 0.01994999999999994
4 0.19937291666666665 0.6490361111111111 0.017162499999999997 0.023470370370370437
0 0.3399739583333333 0.5504611111111112 0.05676875000000005 0.09153333333333333
0 0.20927421875000002 0.6273259259259258 0.06336927083333335 0.10444259259259249
0 0.5584661458333334 0.4741824074074074 0.07393229166666669 0.10796296296296298
0 0.2624122395833333 0.6554898148148148 0.07855156249999998 0.15372962962962966
2 0.4082942708333333 0.5604356481481483 0.13003958333333335 0.18189351851851857
