4 0.9984244791666667 0.4254819444444444 0.004619791666666729 0.03168425925925925
4 0.984890625 0.4202013888888889 0.011885416666666752 0.0328583333333333
2 0.9967734374999999 0.4348703703703704 0.05676562500000001 0.07627777777777778
4 0.8621145833333334 0.43721712962962966 0.01452083333333339 0.010562037037037073
1 0.8594713541666666 0.4336967592592593 0.02244270833333329 0.04341944444444442
4 0.13963359375 0.5903601851851852 0.009901562499999983 0.01173518518518527
4 0.11355989583333333 0.5985750000000001 0.010561458333333343 0.01408148148148156
4 0.09474713541666667 0.6331935185185186 0.013861979166666672 0.012909259259259266
4 0.0719734375 0.6296726851851853 0.014521874999999995 0.012908333333333362
4 0.3284221354166667 0.725900462962963 0.007260937500000016 0.01760277777777775
4 0.29739765625000003 0.7270740740740741 0.009901562499999983 0.015255555555555555
4 0.31191953125 0.7435032407407408 0.009901562499999983 0.012908333333333258
0 0.1261015625 0.5751046296296297 0.05412812499999999 0.1032685185185186
0 0.07989479166666666 0.6196981481481482 0.0514875 0.08449259259259255
0 0.35119557291666664 0.7047773148148149 0.059408854166666636 0.11383055555555557
0 0.30795911458333336 0.7305949074074074 0.04422656250000004 0.07158425925925929
3 0.4733140625 0.20544907407407406 0.01320208333333331 0.023470370370370357
