3 0.6937890624999999 0.09983291666666666 0.02244270833333329 0.03285824074074075
4 0.07098333333333334 0.6290861111111111 0.02046354166666666 0.01642962962962955
1 0.08220494791666666 0.6226314814814815 0.05082760416666666 0.0692370370370371
4 0.2657125 0.7100583333333335 0.015182291666666684 0.01877592592592584
4 0.23501822916666668 0.7024305555555556 0.009241666666666681 0.017601851851851844
4 0.09771718750000001 0.5 0.013202083333333324 0.01642962962962955
4 0.07857447916666667 0.4976527777777777 0.010561458333333343 0.016429629629629655
4 0.13567291666666667 0.45188611111111116 0.008581250000000014 0.011735185185185218
4 0.12181119791666667 0.44191111111111114 0.016502604166666667 0.010561111111111117
4 0.11851041666666666 0.4542328703703704 0.011221874999999996 0.014082407407407412
4 0.37165885416666666 0.5797986111111111 0.01320208333333337 0.014082407407407464
4 0.3449247395833333 0.5727578703703705 0.011221354166666704 0.01642870370370375
0 0.25515104166666663 0.6642916666666666 0.06534999999999999 0.14551481481481487
0 0.3591169270833333 0.5487004629629629 0.06336927083333338 0.10913611111111109
0 0.12643177083333332 0.4413240740740741 0.03894583333333334 0.05398148148148144
0 0.08946614583333333 0.48709166666666665 0.04290625 0.061022222222222165
