4 0.5188606770833333 0.4964796296296296 0.021122395833333366 0.025816666666666724
1 0.5317325520833334 0.49413240740740744 0.05082656249999999 0.10092222222222215
4 0.7261328125 0.666638425925926 0.011880208333333305 0.01877685185185185
4 0.6934557291666666 0.6807208333333333 0.020463541666666647 0.021123148148148137
4 0.25647135416666667 0.3990782407407408 0.028384374999999993 0.0164287037037037
4 0.32281145833333336 0.5064541666666666 0.009241666666666622 0.08566574074074075
4 0.28188515625 0.4524726851851852 0.010561979166666664 0.05984907407407413
4 0.2594416666666667 0.44484490740740745 0.01716250000000003 0.07041018518518515
4 0.23369791666666664 0.45129953703703707 0.007920833333333318 0.059849074074074075
4 0.18683072916666668 0.5082143518518518 0.009241666666666652 0.07510462962962963
4 0.2587817708333333 0.5029337962962963 0.023763541666666655 0.019949074074074143
2 0.252840625 0.47711666666666674 0.15182291666666664 0.19597592592592597
4 0.553515625 0.7728407407407408 0.021781250000000085 0.026990740740740825
4 0.9512265625 0.5886 0.031682291666666626 0.02464444444444443
4 0.7459348958333333 0.5897736111111112 0.013203124999999953 0.02229722222222224
4 0.7597968749999999 0.5211231481481482 0.02112499999999997 0.018775925925925946
4 0.7796015625 0.6549037037037038 0.022442708333333408 0.023470370370370437
0 0.7627682291666666 0.5739314814814815 0.0640260416666667 0.08918703703703704
0 0.7792682291666667 0.6032689814814816 0.08119270833333339 0.16429166666666672
0 0.7809192708333333 0.48767824074074073 0.08317187500000003 0.12087129629629624
0 0.5663880208333333 0.7440902777777779 0.08317187499999996 0.13378055555555562
0 0.9769687499999999 0.5533949074074075 0.09637499999999997 0.14434166666666667
0 0.7040182291666666 0.6537300925925926 0.07591145833333333 0.11735092592592596
