4 0.47661458333333334 0.15088055555555555 0.021122916666666686 0.015255555555555555
4 0.5673776041666667 0.06110708333333333 0.021786458333333297 0.014082129629629623
4 0.5875104166666667 0.09396537037037038 0.01452083333333339 0.05632851851851852
4 0.5667187499999999 0.09689916666666668 0.005937499999999929 0.05046092592592594
4 0.5469140625 0.09455194444444445 0.013859375000000066 0.057501666666666666
1 0.484865625 0.14794675925925926 0.04554687500000002 0.0704101851851852
2 0.5630867187499999 0.11215462962962965 0.0884515625 0.13025925925925927
4 0.5647369791666667 0.7869231481481481 0.009901041666666662 0.02699074074074072
4 0.5257908854166666 0.8103935185185185 0.031022395833333327 0.02699074074074072
4 0.46110234375 0.8227152777777779 0.03366510416666664 0.021123148148148137
4 0.48750625 0.8285828703703704 0.008581249999999999 0.02816388888888892
4 0.45912187499999996 0.8532263888888889 0.01914270833333334 0.02816388888888892
4 0.5937812499999999 0.91425 0.021781249999999967 0.028166666666666736
4 0.5647395833333333 0.8819777777777779 0.02310416666666673 0.0340314814814815
4 0.5512057291666667 0.9077949074074074 0.01716145833333336 0.03168425925925931
4 0.7607890625000001 0.7675606481481482 0.015182291666666596 0.021123148148148137
4 0.5944427083333332 0.3063708333333333 0.016500000000000032 0.023469444444444428
4 0.559125 0.29991666666666666 0.010562499999999985 0.019949999999999992
0 0.5894921875 0.2664712962962963 0.08184895833333337 0.15490370370370374
0 0.46077239583333335 0.8156745370370371 0.07393125000000005 0.13612685185185192
0 0.5343736979166667 0.7587587962962963 0.08251302083333337 0.16077129629629625
0 0.5769505208333333 0.8855 0.08713020833333343 0.12322222222222226
0 0.7845520833333334 0.7663870370370371 0.10759375000000009 0.1384740740740741
