4 0.9436354166666666 0.4307625 0.012541666666666628 0.009387962962962973
4 0.9541953124999999 0.4507125 0.005942708333333376 0.03520462962962959
4 0.9423151041666666 0.44953888888888893 0.004619791666666729 0.028164814814814823
4 0.9310911458333334 0.44601851851851854 0.009901041666666662 0.03051111111111111
2 0.9396744791666668 0.46010092592592594 0.05082812499999995 0.07275740740740738
4 0.899078125 0.47476944444444447 0.013197916666666741 0.010561111111111065
1 0.9013880208333332 0.4759430555555556 0.024421874999999933 0.04107314814814813
4 0.12709192708333333 0.6261527777777777 0.009901562499999997 0.015255555555555555
4 0.101678125 0.6308462962962963 0.010561458333333329 0.012909259259259266
4 0.09507708333333334 0.657250462962963 0.009241666666666667 0.014082407407407358
4 0.07329374999999999 0.6537296296296297 0.014521874999999995 0.011735185185185166
4 0.5657265625 0.7429166666666666 0.011880208333333305 0.009388888888888877
4 0.53734375 0.7341152777777779 0.009239583333333279 0.01760277777777775
0 0.08451536458333334 0.6408212962962964 0.048847395833333335 0.07745185185185177
0 0.11587005208333334 0.6144171296296297 0.04950781249999999 0.08331944444444446
0 0.5584661458333334 0.7165125 0.05280729166666672 0.1020953703703704
0 0.5195200520833333 0.735288888888889 0.04356406249999996 0.06454259259259261
3 0.4990580729166666 0.1661365740740741 0.03300468750000001 0.059849074074074075
3 0.49740755208333337 0.1995814814814815 0.023103645833333353 0.042246296296296275
