4 0.6063229166666666 0.5246439814814815 0.021781249999999967 0.025817592592592628
1 0.6215078125 0.5211231481481482 0.054786458333333364 0.10796296296296304
4 0.3363434895833334 0.4178541666666667 0.029704687500000007 0.0164287037037037
4 0.40367343750000007 0.5492875 0.008581249999999999 0.04928796296296296
4 0.3610971354166666 0.47711666666666674 0.011881770833333328 0.06454259259259261
4 0.3393138020833334 0.479463425925926 0.014522395833333293 0.05280833333333335
4 0.3125796875 0.47124861111111116 0.008581249999999999 0.05984907407407413
4 0.26604296875 0.5451800925925926 0.007921354166666698 0.05046018518518515
4 0.33733359374999994 0.5269907407407407 0.02640364583333336 0.018775925925925946
4 0.18518072916666667 0.48767824074074073 0.019142708333333314 0.022297222222222135
4 0.22280625 0.51995 0.016502083333333317 0.023470370370370437
4 0.18683098958333333 0.519362962962963 0.01848281250000001 0.01994999999999994
4 0.33436302083333336 0.7329421296296297 0.02178333333333331 0.029337962962962913
4 0.3660479166666667 0.7030175925925927 0.009901041666666662 0.018775925925925946
4 0.8472604166666666 0.6326069444444445 0.016499999999999914 0.025817592592592628
4 0.8832369791666667 0.6343666666666666 0.013203124999999953 0.02699074074074072
4 0.8634348958333333 0.5580888888888889 0.02244270833333329 0.019950000000000048
4 0.9003984374999999 0.5815587962962963 0.018484375000000004 0.02229722222222224
4 0.41423515625 0.6402347222222222 0.00858177083333338 0.024643518518518526
4 0.36901848958333333 0.6584240740740741 0.022443229166666672 0.02581666666666662
4 0.42875729166666665 0.4507125 0.012541666666666687 0.021123148148148137
4 0.40499375 0.43780416666666666 0.028384374999999965 0.0164287037037037
4 0.4003731770833333 0.45892685185185184 0.01650260416666664 0.023470370370370384
0 0.8706927083333333 0.618524537037037 0.07657291666666666 0.11031018518518518
0 0.8822473958333333 0.5334453703703703 0.09043229166666672 0.13495370370370371
0 0.20267343750000003 0.5035203703703705 0.07789166666666665 0.10796296296296294
0 0.37396901041666664 0.6208712962962962 0.09703489583333334 0.1689851851851852
0 0.33007265625 0.6883486111111112 0.08581302083333331 0.15138240740740747
2 0.3353533854166667 0.4982398148148148 0.15050260416666666 0.2030166666666666
0 0.41225494791666667 0.4366305555555556 0.07195052083333332 0.09388148148148143
